1.6959121035157534
1.064963379677231
0.8644814569585236
0.7538565973552547
0.6790395142963014
0.6204848680635472
0.5718904778632329
0.5332362740338408
0.5021489301950373
0.474026042804399
0.450650042406984
0.4304516197428402
0.4145452824169177
0.4004636292751809
0.38789933376726066
0.37638330016996974
0.3662503827299622
0.3571276937429088
0.3486843053046779
0.3408219880658789
0.3335623506229299
0.3270477340840905
0.32109970373927477
0.31546861842504753
0.31012800243488525
0.3052362547011799
0.30055922423201065
0.29611320182313006
0.2918695041874839
0.2877525907249202
0.28376999885284604
0.27997899912782975
0.27642167527074313
0.2729937746631578
0.2697106450940179
0.26654651081150643
0.2634970066950403
0.26057291212109845
0.25775257335120294
0.25502963131419165
0.2524046365089098
0.2498611905705848
0.247406430972326
0.24503812885805437
0.2427356652930857
0.24052006260972764
0.23838569608369156
0.23631457660024102
0.2342782627693098
0.23232049716978978
0.23041564289451344
0.22858126688552266
0.22680302393798338
0.22508084160744063
0.22340382314234927
0.22176279783991468
0.22016711665697156
0.21860530812068765
0.21708693702588594
0.2156062291954191
0.2141616709441076
0.21274932371161032
0.21136839214787945
0.21001284160166128
0.20869436137906128
0.20739915474588105
0.20613431308249716
0.2048970538239931
0.20368788364603857
0.2025025831742105
0.20133852863218177
0.20019977343634038
0.19908759973452164
0.19800332947437185
0.1969356168471419
0.1958854787056345
0.1948618576079931
0.19386686241467654
0.19288658067430697
0.1919265157661426
