3.122717298625137
1.9951073371408998
1.5729444237776753
1.3371920879174142
1.192196985610698
1.089248772639067
1.0074440811304244
0.9433369303317838
0.894340408816068
0.8517066963013615
0.8143676215321269
0.7825412949844016
0.752845089388807
0.7274757487368714
0.7040274564046367
0.6833019335534716
0.6642681470667576
0.6461816101608352
0.630296606319759
0.615475899379517
0.6015205376292634
0.5885823106786392
0.5765890669843239
0.5652225574049207
0.5541570602795438
0.5441860326660415
0.534557715757546
0.5257217243763634
0.5166524379339255
0.5083685589206967
0.5001557686294584
0.49238695600722887
0.4851864164459463
0.47823551835924255
0.47170902006848625
0.46556522551480467
0.4596026352964991
0.45390763893450536
0.448567301447118
0.4433931630410514
0.4383911420832147
0.43340380142721224
0.4285618144768882
0.42397365074865495
0.4196102667509961
0.41538336408525167
0.41131332949675137
0.407046269014163
0.40314332581706463
0.3993487589302789
0.39561907037722976
0.3918723561417828
0.38833670653388636
0.3849098002914394
0.3816290220027461
0.3783898693520712
0.3751834363877141
0.37208204458638355
0.3690501744738364
0.3661218180668978
0.36324501995726266
0.3603771532605947
0.35770024376925347
0.35507467587367614
0.35253188110522
0.34998472985066076
0.3475533511664925
0.3451675103638593
0.34278393882877006
0.34045194256685646
0.33821702160940864
0.3360485021130939
0.33375871184069966
0.3315368664799816
0.3293294617597708
0.3271753872557284
0.3249659788387044
0.3229143384946379
0.3209066682934017
0.318957500386783
