"D_mod","EN","x","y"
5.92376070556525e-05,35.1491196860693,508737.787215289,5623510.46939679
2.34585573895166e-06,35.1491196860693,509237.787215289,5623510.46939679
9.65761937189911e-05,35.1491196860693,509737.787215289,5623510.46939679
0.000105492152977616,35.1491196860693,510237.787215289,5623510.46939679
0.000317094969478855,35.1491196860693,510737.787215289,5623510.46939679
0.000299265900076743,35.1491196860693,511237.787215289,5623510.46939679
0.000126072055132864,35.1491196860693,511737.787215289,5623510.46939679
6.07435956660628e-05,35.1491196860693,512237.787215289,5623510.46939679
1.18426361603303e-05,35.1491196860693,512737.787215289,5623510.46939679
0.000236221942672279,35.1491196860693,513237.787215289,5623510.46939679
1.51313398212467e-05,35.1491196860693,506237.787215289,5624010.46939679
4.15740052509867e-06,35.1491196860693,506737.787215289,5624010.46939679
6.73085772118963e-05,35.1491196860693,507237.787215289,5624010.46939679
0.000189813206711161,35.1491196860693,507737.787215289,5624010.46939679
0.000147768704210537,35.1491196860693,508237.787215289,5624010.46939679
6.36321638932322e-05,35.1491196860693,508737.787215289,5624010.46939679
0.000289939298097305,35.1491196860693,509237.787215289,5624010.46939679
0.000289061293817939,35.1491196860693,509737.787215289,5624010.46939679
0.000114301318318186,35.1491196860693,510237.787215289,5624010.46939679
7.71427669702256e-05,35.1491196860693,510737.787215289,5624010.46939679
0.000159157023784574,35.1491196860693,511237.787215289,5624010.46939679
2.08306446114645e-05,35.1491196860693,511737.787215289,5624010.46939679
2.19674317988668e-05,35.1491196860693,512237.787215289,5624010.46939679
3.39112131999966e-05,35.1491196860693,512737.787215289,5624010.46939679
9.31245941488865e-05,35.1491196860693,513237.787215289,5624010.46939679
1.53889208889266e-05,35.1491196860693,513737.787215289,5624010.46939679
2.06872406254335e-05,35.1491196860693,514237.787215289,5624010.46939679
8.2996461748402e-05,35.1491196860693,514737.787215289,5624010.46939679
2.02229236127568e-05,35.1491196860693,505237.787215289,5624510.46939679
8.42646232053705e-05,35.1491196860693,505737.787215289,5624510.46939679
2.6534723509123e-05,35.1491196860693,506237.787215289,5624510.46939679
2.6534723509123e-05,35.1491196860693,506737.787215289,5624510.46939679
6.89457937404937e-05,35.1491196860693,507237.787215289,5624510.46939679
0.000226374259742007,35.1491196860693,507737.787215289,5624510.46939679
2.24576927182476e-05,35.1491196860693,508237.787215289,5624510.46939679
0.000314680542267012,35.1491196860693,508737.787215289,5624510.46939679
0.000189813206711161,35.1491196860693,509237.787215289,5624510.46939679
0.000222643170387043,35.1491196860693,509737.787215289,5624510.46939679
2.23519939445748e-05,35.1491196860693,510237.787215289,5624510.46939679
8.13526659305415e-05,35.1491196860693,510737.787215289,5624510.46939679
0.000258722659256566,35.1491196860693,511237.787215289,5624510.46939679
7.96847507336588e-06,35.1491196860693,511737.787215289,5624510.46939679
0.00015545618307213,35.1491196860693,512237.787215289,5624510.46939679
6.83464579558552e-05,35.1491196860693,512737.787215289,5624510.46939679
4.14567440730656e-07,35.1491196860693,513237.787215289,5624510.46939679
5.75619062781006e-06,35.1491196860693,513737.787215289,5624510.46939679
8.39626107336605e-06,35.1491196860693,514237.787215289,5624510.46939679
4.13361505380584e-05,35.1491196860693,514737.787215289,5624510.46939679
6.10617035526061e-05,35.1491196860693,515237.787215289,5624510.46939679
0.000194498731809295,35.1491196860693,515737.787215289,5624510.46939679
1.4675498360326e-05,35.1491196860693,504237.787215289,5625010.46939679
0.000284157679435255,35.1491196860693,504737.787215289,5625010.46939679
0.0001998318013277,35.1491196860693,505237.787215289,5625010.46939679
0.000267889059729933,35.1491196860693,505737.787215289,5625010.46939679
1.95617908109392e-05,35.1491196860693,506237.787215289,5625010.46939679
2.18874943369066e-05,35.1491196860693,506737.787215289,5625010.46939679
1.60055684478483e-05,35.1491196860693,507237.787215289,5625010.46939679
6.51799551969832e-05,35.1491196860693,507737.787215289,5625010.46939679
0.000141489238692083,35.1491196860693,508237.787215289,5625010.46939679
0.000133761056889374,35.1491196860693,508737.787215289,5625010.46939679
0.000167457484992613,35.1491196860693,509237.787215289,5625010.46939679
0.000253256884338452,35.1491196860693,509737.787215289,5625010.46939679
3.69484150572266e-05,35.1491196860693,510237.787215289,5625010.46939679
6.49825749868241e-05,35.1491196860693,510737.787215289,5625010.46939679
0.000174996643395545,35.1491196860693,511237.787215289,5625010.46939679
6.65377246512659e-05,35.1491196860693,511737.787215289,5625010.46939679
7.43857113123285e-05,35.1491196860693,512237.787215289,5625010.46939679
2.57214678115805e-08,35.1491196860693,512737.787215289,5625010.46939679
5.11441539091553e-05,35.1491196860693,513237.787215289,5625010.46939679
7.91361786133894e-06,35.1491196860693,513737.787215289,5625010.46939679
3.64984170905521e-05,35.1491196860693,514237.787215289,5625010.46939679
2.11311217817621e-05,35.1491196860693,514737.787215289,5625010.46939679
0.000230895287652284,35.1491196860693,515237.787215289,5625010.46939679
0.00026707782875027,35.1491196860693,515737.787215289,5625010.46939679
0.000188344847597318,35.1491196860693,516237.787215289,5625010.46939679
7.34786315419671e-05,35.1491196860693,516737.787215289,5625010.46939679
5.59737278756191e-05,35.1491196860693,503237.787215289,5625510.46939679
0.000124777192981389,35.1491196860693,503737.787215289,5625510.46939679
1.32151368372258e-05,35.1491196860693,504237.787215289,5625510.46939679
1.4675498360326e-05,35.1491196860693,504737.787215289,5625510.46939679
0.00014007035468797,35.1491196860693,505237.787215289,5625510.46939679
0.000313194660007292,35.1491196860693,505737.787215289,5625510.46939679
0.00014966392409879,35.1491196860693,506237.787215289,5625510.46939679
0.00011659657907972,35.1491196860693,506737.787215289,5625510.46939679
0.000161608698989969,35.1491196860693,507237.787215289,5625510.46939679
1.02122481083581e-05,35.1491196860693,507737.787215289,5625510.46939679
0.000158310910311667,35.1491196860693,508237.787215289,5625510.46939679
0.00016393986662658,35.1491196860693,508737.787215289,5625510.46939679
0.000167457484992613,35.1491196860693,509237.787215289,5625510.46939679
4.8667917624212e-05,35.1491196860693,509737.787215289,5625510.46939679
4.90713861223592e-05,35.1491196860693,510237.787215289,5625510.46939679
4.87746367564432e-05,35.1491196860693,510737.787215289,5625510.46939679
2.53995732599593e-06,35.1491196860693,511237.787215289,5625510.46939679
3.322970203389e-06,35.1491196860693,511737.787215289,5625510.46939679
3.84531149014393e-05,35.1491196860693,512237.787215289,5625510.46939679
0.000164876667166297,35.1491196860693,512737.787215289,5625510.46939679
7.05363435610183e-05,35.1491196860693,513237.787215289,5625510.46939679
1.41323733675464e-05,35.1491196860693,513737.787215289,5625510.46939679
3.69438875600995e-05,35.1491196860693,514237.787215289,5625510.46939679
5.49054887784952e-05,35.1491196860693,514737.787215289,5625510.46939679
0.000238728143303093,35.1491196860693,515237.787215289,5625510.46939679
0.000259476712931982,35.1491196860693,515737.787215289,5625510.46939679
0.000362845963845313,35.1491196860693,516237.787215289,5625510.46939679
5.74530355860607e-05,35.1491196860693,516737.787215289,5625510.46939679
1.31751182996503e-05,35.1491196860693,517237.787215289,5625510.46939679
2.12180426480787e-05,35.1491196860693,502737.787215289,5626010.46939679
6.07575507838242e-05,35.1491196860693,503237.787215289,5626010.46939679
0.000445951761502518,35.1491196860693,503737.787215289,5626010.46939679
4.45157277382458e-05,35.1491196860693,504237.787215289,5626010.46939679
1.74217249841531e-05,35.1491196860693,504737.787215289,5626010.46939679
3.41337349143151e-05,35.1491196860693,505237.787215289,5626010.46939679
0.000233996388419176,35.1491196860693,505737.787215289,5626010.46939679
0.000126454990538892,35.1491196860693,506237.787215289,5626010.46939679
6.09281002610379e-05,35.1491196860693,506737.787215289,5626010.46939679
0.000320459193833062,35.1491196860693,507237.787215289,5626010.46939679
0.00025913116457951,35.1491196860693,507737.787215289,5626010.46939679
8.11063109545394e-05,35.1491196860693,508237.787215289,5626010.46939679
0.00021961178064019,35.1491196860693,508737.787215289,5626010.46939679
0.000197591645480926,35.1491196860693,509237.787215289,5626010.46939679
0.000133761056889374,35.1491196860693,509737.787215289,5626010.46939679
3.09582125623085e-05,35.1491196860693,510237.787215289,5626010.46939679
0.00020449194709955,35.1491196860693,510737.787215289,5626010.46939679
3.00612873269802e-06,35.1491196860693,511237.787215289,5626010.46939679
2.22940698544178e-06,35.1491196860693,511737.787215289,5626010.46939679
8.404496342507e-06,35.1491196860693,512237.787215289,5626010.46939679
0.000144244265602703,35.1491196860693,512737.787215289,5626010.46939679
0.000129293008678934,35.1491196860693,513237.787215289,5626010.46939679
5.15926412562628e-05,35.1491196860693,513737.787215289,5626010.46939679
3.3018334080157e-05,35.1491196860693,514237.787215289,5626010.46939679
0.00027327268507708,35.1491196860693,514737.787215289,5626010.46939679
0.000337947558328235,35.1491196860693,515237.787215289,5626010.46939679
0.000299265900076743,35.1491196860693,515737.787215289,5626010.46939679
0.000353590011511128,35.1491196860693,516237.787215289,5626010.46939679
2.29311303327141e-05,35.1491196860693,516737.787215289,5626010.46939679
1.60733753975027e-05,35.1491196860693,517237.787215289,5626010.46939679
3.0733314329248e-05,35.1491196860693,517737.787215289,5626010.46939679
2.72585342415422e-05,35.1491196860693,501737.787215289,5626510.46939679
1.46505678477945e-05,35.1491196860693,502237.787215289,5626510.46939679
1.42560821444835e-05,35.1491196860693,502737.787215289,5626510.46939679
3.64844407289891e-05,35.1491196860693,503237.787215289,5626510.46939679
0.00042098071844456,35.1491196860693,503737.787215289,5626510.46939679
1.21392461212561e-05,35.1491196860693,504237.787215289,5626510.46939679
1.12870469886989e-05,35.1491196860693,504737.787215289,5626510.46939679
3.10218190559541e-05,35.1491196860693,505237.787215289,5626510.46939679
3.71635317002209e-05,35.1491196860693,505737.787215289,5626510.46939679
0.000272775024857989,35.1491196860693,506237.787215289,5626510.46939679
1.26413520985291e-05,35.1491196860693,506737.787215289,5626510.46939679
1.58258993951919e-05,35.1491196860693,507237.787215289,5626510.46939679
0.000144436613630056,35.1491196860693,507737.787215289,5626510.46939679
5.14364066233446e-05,35.1491196860693,508237.787215289,5626510.46939679
2.07869555115318e-05,35.1491196860693,508737.787215289,5626510.46939679
0.00015783150770003,35.1491196860693,509237.787215289,5626510.46939679
0.000443417941174613,35.1491196860693,509737.787215289,5626510.46939679
0.000228083193823704,35.1491196860693,510237.787215289,5626510.46939679
4.91541339694398e-05,35.1491196860693,510737.787215289,5626510.46939679
0.000173326679209854,35.1491196860693,511237.787215289,5626510.46939679
3.74177144832449e-05,35.1491196860693,511737.787215289,5626510.46939679
6.38420685128842e-05,35.1491196860693,512237.787215289,5626510.46939679
0.000233713410749282,35.1491196860693,512737.787215289,5626510.46939679
0.000191548100307168,35.1491196860693,513237.787215289,5626510.46939679
0.000244235498935464,35.1491196860693,513737.787215289,5626510.46939679
4.96763993184707e-05,35.1491196860693,514237.787215289,5626510.46939679
0.000337947558328235,35.1491196860693,514737.787215289,5626510.46939679
0.000299265900076743,35.1491196860693,515237.787215289,5626510.46939679
0.000292943608650138,35.1491196860693,515737.787215289,5626510.46939679
0.000178836395369857,35.1491196860693,516237.787215289,5626510.46939679
2.15789059978184e-05,35.1491196860693,516737.787215289,5626510.46939679
2.53049763020032e-05,35.1491196860693,517237.787215289,5626510.46939679
3.26551901924229e-05,35.1491196860693,517737.787215289,5626510.46939679
1.80367566318162e-05,35.1491196860693,518237.787215289,5626510.46939679
3.22105746735245e-05,35.1491196860693,518737.787215289,5626510.46939679
0.000268571076334826,35.1491196860693,501237.787215289,5627010.46939679
0.000279812590960848,35.1491196860693,501737.787215289,5627010.46939679
1.41269616490207e-05,35.1491196860693,502237.787215289,5627010.46939679
0.00013751084247656,35.1491196860693,502737.787215289,5627010.46939679
4.65876272919226e-05,35.1491196860693,503237.787215289,5627010.46939679
0.00036722956707751,35.1491196860693,503737.787215289,5627010.46939679
0.000502861055094478,35.1491196860693,504237.787215289,5627010.46939679
0.000370092533007132,35.1491196860693,504737.787215289,5627010.46939679
0.000370092533007132,35.1491196860693,505237.787215289,5627010.46939679
0.000362845963845313,35.1491196860693,505737.787215289,5627010.46939679
0.0004140928761898,35.1491196860693,506237.787215289,5627010.46939679
1.67402569112107e-05,35.1491196860693,506737.787215289,5627010.46939679
0.000126454990538892,35.1491196860693,507237.787215289,5627010.46939679
0.000286408102120407,35.1491196860693,507737.787215289,5627010.46939679
8.1599769193249e-05,35.1491196860693,508237.787215289,5627010.46939679
0.000219951561910724,35.1491196860693,508737.787215289,5627010.46939679
0.000141060776052244,35.1491196860693,509237.787215289,5627010.46939679
0.000353676682187191,35.1491196860693,509737.787215289,5627010.46939679
4.28728411410511e-05,35.1491196860693,510237.787215289,5627010.46939679
0.000188367929379251,35.1491196860693,510737.787215289,5627010.46939679
0.000176766605821095,35.1491196860693,511237.787215289,5627010.46939679
0.000164636922505981,35.1491196860693,511737.787215289,5627010.46939679
4.04436758841239e-05,35.1491196860693,512237.787215289,5627010.46939679
0.000209844948184023,35.1491196860693,512737.787215289,5627010.46939679
0.000158194553603451,35.1491196860693,513237.787215289,5627010.46939679
0.000323427823792134,35.1491196860693,513737.787215289,5627010.46939679
5.98734260609235e-05,35.1491196860693,514237.787215289,5627010.46939679
0.000250598159001317,35.1491196860693,514737.787215289,5627010.46939679
0.000213957189945532,35.1491196860693,515237.787215289,5627010.46939679
5.97707950422202e-05,35.1491196860693,515737.787215289,5627010.46939679
2.87950260953676e-05,35.1491196860693,516237.787215289,5627010.46939679
2.75946114186096e-05,35.1491196860693,516737.787215289,5627010.46939679
6.03901316808718e-05,35.1491196860693,517237.787215289,5627010.46939679
0.000254271381163269,35.1491196860693,517737.787215289,5627010.46939679
0.000147660095903217,35.1491196860693,518237.787215289,5627010.46939679
1.68194187359173e-05,35.1491196860693,518737.787215289,5627010.46939679
4.42356849152292e-05,35.1491196860693,519237.787215289,5627010.46939679
1.63407329894957e-05,35.1491196860693,519737.787215289,5627010.46939679
1.84505957206326e-05,35.1491196860693,520237.787215289,5627010.46939679
1.37465747275268e-05,35.1491196860693,500237.787215289,5627510.46939679
3.96026018730928e-05,35.1491196860693,500737.787215289,5627510.46939679
0.000256253711472187,35.1491196860693,501237.787215289,5627510.46939679
0.000368345002240569,35.1491196860693,501737.787215289,5627510.46939679
6.74799375778498e-05,35.1491196860693,502237.787215289,5627510.46939679
0.000281140099434158,35.1491196860693,502737.787215289,5627510.46939679
0.000276909011409926,35.1491196860693,503237.787215289,5627510.46939679
0.000368390143156958,35.1491196860693,503737.787215289,5627510.46939679
0.00039745663009296,35.1491196860693,504237.787215289,5627510.46939679
5.35040647098945e-05,35.1491196860693,504737.787215289,5627510.46939679
0.000187366524357207,35.1491196860693,505237.787215289,5627510.46939679
0.000177132512376088,35.1491196860693,505737.787215289,5627510.46939679
0.000177132512376088,35.1491196860693,506237.787215289,5627510.46939679
9.02762819636376e-05,35.1491196860693,506737.787215289,5627510.46939679
0.000101009239355077,35.1491196860693,507237.787215289,5627510.46939679
0.000167457484992613,35.1491196860693,507737.787215289,5627510.46939679
0.000167457484992613,35.1491196860693,508237.787215289,5627510.46939679
4.39904120868797e-05,35.1491196860693,508737.787215289,5627510.46939679
0.000108058148332838,35.1491196860693,509237.787215289,5627510.46939679
8.60528993696824e-05,35.1491196860693,509737.787215289,5627510.46939679
0.000337947558328235,35.1491196860693,510237.787215289,5627510.46939679
0.000160358524620388,35.1491196860693,510737.787215289,5627510.46939679
0.000319993218981125,35.1491196860693,511237.787215289,5627510.46939679
9.85396677369684e-05,35.1491196860693,511737.787215289,5627510.46939679
3.28428014102574e-05,35.1491196860693,512237.787215289,5627510.46939679
0.000359168774126874,35.1491196860693,512737.787215289,5627510.46939679
0.000256006553468353,35.1491196860693,513237.787215289,5627510.46939679
7.66762615585722e-05,35.1491196860693,513737.787215289,5627510.46939679
0.00034472818737061,35.1491196860693,514237.787215289,5627510.46939679
0.000383856796468176,35.1491196860693,514737.787215289,5627510.46939679
0.000207540211829714,35.1491196860693,515237.787215289,5627510.46939679
4.22787443689096e-05,35.1491196860693,515737.787215289,5627510.46939679
1.90234044955573e-05,35.1491196860693,516237.787215289,5627510.46939679
1.59994394255651e-05,35.1491196860693,516737.787215289,5627510.46939679
0.000408304677746617,35.1491196860693,517237.787215289,5627510.46939679
0.000475219906650681,35.1491196860693,517737.787215289,5627510.46939679
2.33805018930439e-05,35.1491196860693,518237.787215289,5627510.46939679
2.21034523383336e-05,35.1491196860693,518737.787215289,5627510.46939679
2.10871465472719e-05,35.1491196860693,519237.787215289,5627510.46939679
2.017867576177e-05,35.1491196860693,519737.787215289,5627510.46939679
2.14743813967514e-05,35.1491196860693,520237.787215289,5627510.46939679
5.63073766673986e-05,35.1491196860693,520737.787215289,5627510.46939679
2.4617572545973e-05,35.1491196860693,521237.787215289,5627510.46939679
0.000384928383502641,35.1491196860693,499737.787215289,5628010.46939679
0.000245213857880473,35.1491196860693,500237.787215289,5628010.46939679
0.000287590636243773,35.1491196860693,500737.787215289,5628010.46939679
0.000326224010366098,35.1491196860693,501237.787215289,5628010.46939679
3.32630066857126e-05,35.1491196860693,501737.787215289,5628010.46939679
1.19203462583119e-05,35.1491196860693,502237.787215289,5628010.46939679
0.000353590011511128,35.1491196860693,502737.787215289,5628010.46939679
0.000311262532691476,35.1491196860693,503237.787215289,5628010.46939679
0.00048565458231764,35.1491196860693,503737.787215289,5628010.46939679
2.67768393206636e-05,35.1491196860693,504237.787215289,5628010.46939679
0.000100008551954392,35.1491196860693,504737.787215289,5628010.46939679
0.000141489238692083,35.1491196860693,505237.787215289,5628010.46939679
0.000248119325358022,35.1491196860693,505737.787215289,5628010.46939679
0.000167457484992613,35.1491196860693,506237.787215289,5628010.46939679
0.000209642551667658,35.1491196860693,506737.787215289,5628010.46939679
0.000177132512376088,35.1491196860693,507237.787215289,5628010.46939679
0.000198191816842536,35.1491196860693,507737.787215289,5628010.46939679
0.000198191816842536,35.1491196860693,508237.787215289,5628010.46939679
0.000167457484992613,35.1491196860693,508737.787215289,5628010.46939679
0.000108058148332838,35.1491196860693,509237.787215289,5628010.46939679
8.60528993696824e-05,35.1491196860693,509737.787215289,5628010.46939679
0.000170428142737929,35.1491196860693,510237.787215289,5628010.46939679
0.000427570338197131,35.1491196860693,510737.787215289,5628010.46939679
0.000314222970064648,35.1491196860693,511237.787215289,5628010.46939679
9.44432926293326e-05,35.1491196860693,511737.787215289,5628010.46939679
3.63706185167605e-05,35.1491196860693,512237.787215289,5628010.46939679
0.000272048992854654,35.1491196860693,512737.787215289,5628010.46939679
0.000116965065750612,35.1491196860693,513237.787215289,5628010.46939679
6.47857924902908e-05,35.1491196860693,513737.787215289,5628010.46939679
8.19266416767697e-05,35.1491196860693,514237.787215289,5628010.46939679
0.000277380220693469,35.1491196860693,514737.787215289,5628010.46939679
0.000150426950519245,35.1491196860693,515237.787215289,5628010.46939679
0.000106081965705092,35.1491196860693,515737.787215289,5628010.46939679
2.06793188475109e-05,35.1491196860693,516237.787215289,5628010.46939679
5.96619457185216e-05,35.1491196860693,516737.787215289,5628010.46939679
9.0978687961574e-05,35.1491196860693,517237.787215289,5628010.46939679
4.80862315162191e-05,35.1491196860693,517737.787215289,5628010.46939679
2.51854893610601e-05,35.1491196860693,518237.787215289,5628010.46939679
1.9367994305547e-05,35.1491196860693,518737.787215289,5628010.46939679
1.95450178639726e-05,35.1491196860693,519237.787215289,5628010.46939679
0.000106365072439914,35.1491196860693,519737.787215289,5628010.46939679
0.000645702256456105,35.1491196860693,520237.787215289,5628010.46939679
4.63619646398011e-05,35.1491196860693,520737.787215289,5628010.46939679
3.54373962229122e-05,35.1491196860693,521237.787215289,5628010.46939679
4.07864122703977e-05,35.1491196860693,521737.787215289,5628010.46939679
6.98535921250992e-05,35.1491196860693,522237.787215289,5628010.46939679
4.68086519061798e-05,35.1491196860693,499237.787215289,5628510.46939679
4.83202868807572e-05,35.1491196860693,499737.787215289,5628510.46939679
0.000212302057537876,35.1491196860693,500237.787215289,5628510.46939679
6.07724434499937e-05,35.1491196860693,500737.787215289,5628510.46939679
0.000134443006270624,35.1491196860693,501237.787215289,5628510.46939679
0.000129245485503861,35.1491196860693,501737.787215289,5628510.46939679
0.000387929331536544,35.1491196860693,502237.787215289,5628510.46939679
0.000267856233776602,35.1491196860693,502737.787215289,5628510.46939679
0.000325315848134312,35.1491196860693,503237.787215289,5628510.46939679
0.00020476463469978,35.1491196860693,503737.787215289,5628510.46939679
0.000299738420394478,35.1491196860693,504237.787215289,5628510.46939679
0.000332861532287342,35.1491196860693,504737.787215289,5628510.46939679
0.000202320368238196,35.1491196860693,505237.787215289,5628510.46939679
0.000139697536244364,35.1491196860693,505737.787215289,5628510.46939679
0.000114301318318186,35.1491196860693,506237.787215289,5628510.46939679
0.000101846629736483,35.1491196860693,506737.787215289,5628510.46939679
7.2488182700036e-05,35.1491196860693,507237.787215289,5628510.46939679
0.000101846629736483,35.1491196860693,507737.787215289,5628510.46939679
0.000107404688352721,35.1491196860693,508237.787215289,5628510.46939679
9.62837383259945e-05,35.1491196860693,508737.787215289,5628510.46939679
8.1599769193249e-05,35.1491196860693,509237.787215289,5628510.46939679
0.000120905193831691,35.1491196860693,509737.787215289,5628510.46939679
0.000166950384405006,35.1491196860693,510237.787215289,5628510.46939679
7.5815539159343e-05,35.1491196860693,510737.787215289,5628510.46939679
0.000278696189328171,35.1491196860693,511237.787215289,5628510.46939679
4.46783079878593e-05,35.1491196860693,511737.787215289,5628510.46939679
4.86627022323909e-05,35.1491196860693,512237.787215289,5628510.46939679
0.000229527119957173,35.1491196860693,512737.787215289,5628510.46939679
0.000199880783359873,35.1491196860693,513237.787215289,5628510.46939679
0.000113955187085617,35.1491196860693,513737.787215289,5628510.46939679
0.000198094692463666,35.1491196860693,514237.787215289,5628510.46939679
0.000261023404479078,35.1491196860693,514737.787215289,5628510.46939679
1.4698669965064e-05,35.1491196860693,515237.787215289,5628510.46939679
2.66083896051179e-05,35.1491196860693,515737.787215289,5628510.46939679
2.00907791759899e-05,35.1491196860693,516237.787215289,5628510.46939679
0.000374471894096587,35.1491196860693,516737.787215289,5628510.46939679
7.08178093557575e-05,35.1491196860693,517237.787215289,5628510.46939679
1.69463911131871e-05,35.1491196860693,517737.787215289,5628510.46939679
1.95450178639726e-05,35.1491196860693,518237.787215289,5628510.46939679
1.78972276894239e-05,35.1491196860693,518737.787215289,5628510.46939679
1.87597937129463e-05,35.1491196860693,519237.787215289,5628510.46939679
6.89025031580283e-05,35.1491196860693,519737.787215289,5628510.46939679
2.12463366577616e-05,35.1491196860693,520237.787215289,5628510.46939679
0.000170799232014979,35.1491196860693,520737.787215289,5628510.46939679
0.000504141285014559,35.1491196860693,521237.787215289,5628510.46939679
0.000288358145079522,35.1491196860693,521737.787215289,5628510.46939679
3.08639893010379e-05,35.1491196860693,522237.787215289,5628510.46939679
2.78365908654019e-05,35.1491196860693,522737.787215289,5628510.46939679
2.36629656762498e-05,35.1491196860693,523237.787215289,5628510.46939679
2.39517768979675e-05,35.1491196860693,523737.787215289,5628510.46939679
1.908820290476e-05,35.1491196860693,498737.787215289,5629010.46939679
2.17788059790387e-05,35.1491196860693,499237.787215289,5629010.46939679
1.19565535100269e-05,35.1491196860693,499737.787215289,5629010.46939679
1.43899091388301e-05,35.1491196860693,500237.787215289,5629010.46939679
2.10004390289665e-05,35.1491196860693,500737.787215289,5629010.46939679
1.58834545095297e-05,35.1491196860693,501237.787215289,5629010.46939679
6.57746890272896e-05,35.1491196860693,501737.787215289,5629010.46939679
0.000259854563510424,35.1491196860693,502237.787215289,5629010.46939679
0.000299265900076743,35.1491196860693,502737.787215289,5629010.46939679
0.000193580333064169,35.1491196860693,503237.787215289,5629010.46939679
0.000352092947592114,35.1491196860693,503737.787215289,5629010.46939679
0.000265881876576228,35.1491196860693,504237.787215289,5629010.46939679
0.000406134040971201,35.1491196860693,504737.787215289,5629010.46939679
0.000324410214099756,35.1491196860693,505237.787215289,5629010.46939679
7.20498249532424e-05,35.1491196860693,505737.787215289,5629010.46939679
0.000111900300432389,35.1491196860693,506237.787215289,5629010.46939679
0.000308098340731824,35.1491196860693,506737.787215289,5629010.46939679
1.18536938056273e-05,35.1491196860693,507237.787215289,5629010.46939679
1.18536938056273e-05,35.1491196860693,507737.787215289,5629010.46939679
1.18536938056273e-05,35.1491196860693,508237.787215289,5629010.46939679
1.18536938056273e-05,35.1491196860693,508737.787215289,5629010.46939679
9.59921685566036e-05,35.1491196860693,509237.787215289,5629010.46939679
0.000120905193831691,35.1491196860693,509737.787215289,5629010.46939679
1.99769339980535e-05,35.1491196860693,510237.787215289,5629010.46939679
8.9730354254093e-05,35.1491196860693,510737.787215289,5629010.46939679
0.000104918475843213,35.1491196860693,511237.787215289,5629010.46939679
0.00016261186689165,35.1491196860693,511737.787215289,5629010.46939679
4.72719537942896e-05,35.1491196860693,512237.787215289,5629010.46939679
0.000275403151839596,35.1491196860693,512737.787215289,5629010.46939679
0.000312322769673112,35.1491196860693,513237.787215289,5629010.46939679
9.07490494537004e-05,35.1491196860693,513737.787215289,5629010.46939679
0.00023731356210093,35.1491196860693,514237.787215289,5629010.46939679
0.000365629946491664,35.1491196860693,514737.787215289,5629010.46939679
0.000100751184762587,35.1491196860693,515237.787215289,5629010.46939679
0.00021651550869655,35.1491196860693,515737.787215289,5629010.46939679
0.000397937866281789,35.1491196860693,516237.787215289,5629010.46939679
4.22683836990038e-05,35.1491196860693,516737.787215289,5629010.46939679
2.47313342912767e-05,35.1491196860693,517237.787215289,5629010.46939679
2.14743813967514e-05,35.1491196860693,517737.787215289,5629010.46939679
1.86463476228939e-05,35.1491196860693,518237.787215289,5629010.46939679
2.83925286490213e-05,35.1491196860693,518737.787215289,5629010.46939679
2.15709744156075e-05,35.1491196860693,519237.787215289,5629010.46939679
2.43561490478015e-05,35.1491196860693,519737.787215289,5629010.46939679
2.58416049056679e-05,35.1491196860693,520237.787215289,5629010.46939679
4.80803392397925e-05,35.1491196860693,520737.787215289,5629010.46939679
0.000177129789062611,35.1491196860693,521237.787215289,5629010.46939679
0.000549689437743335,35.1491196860693,521737.787215289,5629010.46939679
5.22655482444458e-05,35.1491196860693,522237.787215289,5629010.46939679
1.90741732939683e-05,35.1491196860693,522737.787215289,5629010.46939679
1.18536938056273e-05,35.1491196860693,523237.787215289,5629010.46939679
1.18536938056273e-05,35.1491196860693,523737.787215289,5629010.46939679
2.29198928768705e-05,35.1491196860693,524237.787215289,5629010.46939679
1.43480912671898e-05,35.1491196860693,498737.787215289,5629510.46939679
0.0001657781859235,35.1491196860693,499237.787215289,5629510.46939679
1.07198556231864e-05,35.1491196860693,499737.787215289,5629510.46939679
1.80718779652471e-05,35.1491196860693,500237.787215289,5629510.46939679
9.99757552257839e-06,35.1491196860693,500737.787215289,5629510.46939679
0.000165557417059989,35.1491196860693,501237.787215289,5629510.46939679
0.000202295576785449,35.1491196860693,501737.787215289,5629510.46939679
5.51651274866205e-05,35.1491196860693,502237.787215289,5629510.46939679
0.000237630016937755,35.1491196860693,502737.787215289,5629510.46939679
0.000274102732517062,35.1491196860693,503237.787215289,5629510.46939679
5.82541166660551e-05,35.1491196860693,503737.787215289,5629510.46939679
1.7746271291626e-05,35.1491196860693,504237.787215289,5629510.46939679
2.46249613191853e-06,35.1491196860693,504737.787215289,5629510.46939679
2.43280328201583e-06,35.1491196860693,505237.787215289,5629510.46939679
1.18536938056273e-05,35.1491196860693,505737.787215289,5629510.46939679
1.18536938056273e-05,35.1491196860693,506237.787215289,5629510.46939679
1.18536938056273e-05,35.1491196860693,506737.787215289,5629510.46939679
1.18536938056273e-05,35.1491196860693,507237.787215289,5629510.46939679
1.18536938056273e-05,35.1491196860693,507737.787215289,5629510.46939679
2.72752410902251e-05,35.1491196860693,508237.787215289,5629510.46939679
1.18536938056273e-05,35.1491196860693,508737.787215289,5629510.46939679
0.00025913116457951,35.1491196860693,509237.787215289,5629510.46939679
4.39904120868797e-05,35.1491196860693,509737.787215289,5629510.46939679
0.000114301318318186,35.1491196860693,510237.787215289,5629510.46939679
1.59087779827047e-05,35.1491196860693,510737.787215289,5629510.46939679
0.000252122821197258,35.1491196860693,511237.787215289,5629510.46939679
0.000139697536244364,35.1491196860693,511737.787215289,5629510.46939679
0.000258002411389524,35.1491196860693,512237.787215289,5629510.46939679
0.000275403151839596,35.1491196860693,512737.787215289,5629510.46939679
0.000100618560116123,35.1491196860693,513237.787215289,5629510.46939679
9.59921685566036e-05,35.1491196860693,513737.787215289,5629510.46939679
0.000267110559309565,35.1491196860693,514237.787215289,5629510.46939679
0.000277784142400558,35.1491196860693,514737.787215289,5629510.46939679
0.000198285940258288,35.1491196860693,515237.787215289,5629510.46939679
2.88369574777388e-05,35.1491196860693,515737.787215289,5629510.46939679
0.000205285943338143,35.1491196860693,516237.787215289,5629510.46939679
2.06141707341872e-05,35.1491196860693,516737.787215289,5629510.46939679
2.01175699931245e-05,35.1491196860693,517237.787215289,5629510.46939679
1.85898821036805e-05,35.1491196860693,517737.787215289,5629510.46939679
2.12463366577616e-05,35.1491196860693,518237.787215289,5629510.46939679
0.000122316724656005,35.1491196860693,518737.787215289,5629510.46939679
1.8616952732203e-05,35.1491196860693,519237.787215289,5629510.46939679
2.78365908654019e-05,35.1491196860693,519737.787215289,5629510.46939679
0.00010162222642759,35.1491196860693,520237.787215289,5629510.46939679
2.36629656762498e-05,35.1491196860693,520737.787215289,5629510.46939679
4.67119582369427e-05,35.1491196860693,521237.787215289,5629510.46939679
0.000624439738822874,35.1491196860693,521737.787215289,5629510.46939679
0.000702930280013959,35.1491196860693,522237.787215289,5629510.46939679
3.38572335858028e-05,35.1491196860693,522737.787215289,5629510.46939679
1.18536938056273e-05,35.1491196860693,523237.787215289,5629510.46939679
2.53356152936113e-05,35.1491196860693,523737.787215289,5629510.46939679
2.83477694665285e-05,35.1491196860693,524237.787215289,5629510.46939679
4.16220528758941e-05,35.1491196860693,524737.787215289,5629510.46939679
3.92294877667758e-05,35.1491196860693,525237.787215289,5629510.46939679
7.54113277822851e-05,35.1491196860693,498237.787215289,5630010.46939679
0.00011292133357191,35.1491196860693,498737.787215289,5630010.46939679
0.000259854563510424,35.1491196860693,499237.787215289,5630010.46939679
0.000307099806058757,35.1491196860693,499737.787215289,5630010.46939679
0.0002833666240128,35.1491196860693,500237.787215289,5630010.46939679
0.000297492603008205,35.1491196860693,500737.787215289,5630010.46939679
0.000299775153530237,35.1491196860693,501237.787215289,5630010.46939679
0.000274102732517062,35.1491196860693,501737.787215289,5630010.46939679
4.65320031156097e-05,35.1491196860693,502237.787215289,5630010.46939679
1.43048618068187e-05,35.1491196860693,502737.787215289,5630010.46939679
4.10861784579752e-05,35.1491196860693,503237.787215289,5630010.46939679
0.000510778752505825,35.1491196860693,503737.787215289,5630010.46939679
0.000456504840316208,35.1491196860693,504237.787215289,5630010.46939679
1.18536938056273e-05,35.1491196860693,504737.787215289,5630010.46939679
1.18536938056273e-05,35.1491196860693,505237.787215289,5630010.46939679
1.18536938056273e-05,35.1491196860693,505737.787215289,5630010.46939679
8.62331208626486e-06,35.1491196860693,506237.787215289,5630010.46939679
4.5592942638749e-05,35.1491196860693,506737.787215289,5630010.46939679
0.00014966392409879,35.1491196860693,507237.787215289,5630010.46939679
0.000126454990538892,35.1491196860693,507737.787215289,5630010.46939679
2.03759028396077e-05,35.1491196860693,508237.787215289,5630010.46939679
1.18536938056273e-05,35.1491196860693,508737.787215289,5630010.46939679
0.000210124773948081,35.1491196860693,509237.787215289,5630010.46939679
0.000226374259742007,35.1491196860693,509737.787215289,5630010.46939679
0.00010215598203878,35.1491196860693,510237.787215289,5630010.46939679
9.07490494537004e-05,35.1491196860693,510737.787215289,5630010.46939679
0.000336965464037091,35.1491196860693,511237.787215289,5630010.46939679
0.000154215802596309,35.1491196860693,511737.787215289,5630010.46939679
1.92744753241614e-05,35.1491196860693,512237.787215289,5630010.46939679
0.000111561440045796,35.1491196860693,512737.787215289,5630010.46939679
7.57516969689883e-05,35.1491196860693,513237.787215289,5630010.46939679
3.94736073037557e-05,35.1491196860693,513737.787215289,5630010.46939679
0.000172362987778143,35.1491196860693,514237.787215289,5630010.46939679
0.000324290973287297,35.1491196860693,514737.787215289,5630010.46939679
0.000181568962746028,35.1491196860693,515237.787215289,5630010.46939679
2.21088702548333e-05,35.1491196860693,515737.787215289,5630010.46939679
1.56861635985561e-05,35.1491196860693,516237.787215289,5630010.46939679
1.85358588783689e-05,35.1491196860693,516737.787215289,5630010.46939679
1.71012812071226e-05,35.1491196860693,517237.787215289,5630010.46939679
0.000608585281609087,35.1491196860693,517737.787215289,5630010.46939679
0.000120111059329218,35.1491196860693,518237.787215289,5630010.46939679
7.83547327773844e-05,35.1491196860693,518737.787215289,5630010.46939679
1.87302199810429e-05,35.1491196860693,519237.787215289,5630010.46939679
1.18536938056273e-05,35.1491196860693,519737.787215289,5630010.46939679
2.01151048741145e-05,35.1491196860693,520237.787215289,5630010.46939679
2.14067285188637e-05,35.1491196860693,520737.787215289,5630010.46939679
7.36566735270624e-05,35.1491196860693,521237.787215289,5630010.46939679
9.69496867881675e-05,35.1491196860693,521737.787215289,5630010.46939679
9.13767171261242e-05,35.1491196860693,522237.787215289,5630010.46939679
1.89588260564511e-05,35.1491196860693,522737.787215289,5630010.46939679
1.89014142791634e-05,35.1491196860693,523237.787215289,5630010.46939679
1.88441763582189e-05,35.1491196860693,523737.787215289,5630010.46939679
2.10207136138148e-05,35.1491196860693,524237.787215289,5630010.46939679
2.33068439743221e-05,35.1491196860693,524737.787215289,5630010.46939679
5.67324497085982e-05,35.1491196860693,525237.787215289,5630010.46939679
0.000123421883125411,35.1491196860693,525737.787215289,5630010.46939679
1.25385530830125e-05,35.1491196860693,491237.787215289,5630510.46939679
2.50771630036805e-06,35.1491196860693,491737.787215289,5630510.46939679
1.18536938056273e-05,35.1491196860693,492237.787215289,5630510.46939679
5.42434367996097e-05,35.1491196860693,492737.787215289,5630510.46939679
1.18536938056273e-05,35.1491196860693,493237.787215289,5630510.46939679
1.18536938056273e-05,35.1491196860693,493737.787215289,5630510.46939679
2.44760468043405e-06,35.1491196860693,494237.787215289,5630510.46939679
1.18536938056273e-05,35.1491196860693,494737.787215289,5630510.46939679
1.18536938056273e-05,35.1491196860693,495237.787215289,5630510.46939679
0.00011908560097134,35.1491196860693,495737.787215289,5630510.46939679
3.83147061823028e-06,35.1491196860693,496237.787215289,5630510.46939679
0.00010215598203878,35.1491196860693,496737.787215289,5630510.46939679
0.000306690837443311,35.1491196860693,497237.787215289,5630510.46939679
0.000299775153530237,35.1491196860693,497737.787215289,5630510.46939679
0.000302955623008986,35.1491196860693,498237.787215289,5630510.46939679
0.000406675615925986,35.1491196860693,498737.787215289,5630510.46939679
0.000286825170248925,35.1491196860693,499237.787215289,5630510.46939679
0.000286408102120407,35.1491196860693,499737.787215289,5630510.46939679
9.14551338787211e-05,35.1491196860693,500237.787215289,5630510.46939679
0.000306690837443311,35.1491196860693,500737.787215289,5630510.46939679
0.000343153345856648,35.1491196860693,501237.787215289,5630510.46939679
0.000120539064513318,35.1491196860693,501737.787215289,5630510.46939679
1.86015618945058e-05,35.1491196860693,502237.787215289,5630510.46939679
2.739499067462e-05,35.1491196860693,502737.787215289,5630510.46939679
1.18536938056273e-05,35.1491196860693,503237.787215289,5630510.46939679
1.18536938056273e-05,35.1491196860693,503737.787215289,5630510.46939679
1.18536938056273e-05,35.1491196860693,504237.787215289,5630510.46939679
1.18536938056273e-05,35.1491196860693,504737.787215289,5630510.46939679
1.18536938056273e-05,35.1491196860693,505237.787215289,5630510.46939679
0.000196580128195936,35.1491196860693,505737.787215289,5630510.46939679
3.28463213150305e-05,35.1491196860693,506237.787215289,5630510.46939679
9.54920864415029e-05,35.1491196860693,506737.787215289,5630510.46939679
6.09281002610379e-05,35.1491196860693,507237.787215289,5630510.46939679
5.20641982383476e-05,35.1491196860693,507737.787215289,5630510.46939679
5.02034419035079e-05,35.1491196860693,508237.787215289,5630510.46939679
1.18536938056273e-05,35.1491196860693,508737.787215289,5630510.46939679
0.000126178306431043,35.1491196860693,509237.787215289,5630510.46939679
0.000302038202241241,35.1491196860693,509737.787215289,5630510.46939679
0.000206987812152193,35.1491196860693,510237.787215289,5630510.46939679
2.95098988609503e-05,35.1491196860693,510737.787215289,5630510.46939679
0.000300248477924225,35.1491196860693,511237.787215289,5630510.46939679
6.11796628289162e-05,35.1491196860693,511737.787215289,5630510.46939679
1.89248818216445e-05,35.1491196860693,512237.787215289,5630510.46939679
3.83736814501007e-05,35.1491196860693,512737.787215289,5630510.46939679
3.66092785828409e-05,35.1491196860693,513237.787215289,5630510.46939679
0.00040799792123254,35.1491196860693,513737.787215289,5630510.46939679
0.00016469745900566,35.1491196860693,514237.787215289,5630510.46939679
3.96699926508795e-05,35.1491196860693,514737.787215289,5630510.46939679
0.000105760724602338,35.1491196860693,515237.787215289,5630510.46939679
3.71003988600256e-05,35.1491196860693,515737.787215289,5630510.46939679
3.65375694544066e-05,35.1491196860693,516237.787215289,5630510.46939679
2.913933261395e-05,35.1491196860693,516737.787215289,5630510.46939679
0.000590405011231858,35.1491196860693,517237.787215289,5630510.46939679
0.000117231917718499,35.1491196860693,517737.787215289,5630510.46939679
1.9278903405344e-05,35.1491196860693,518237.787215289,5630510.46939679
8.40596474276818e-05,35.1491196860693,518737.787215289,5630510.46939679
2.0767245238335e-05,35.1491196860693,519237.787215289,5630510.46939679
1.18536938056273e-05,35.1491196860693,519737.787215289,5630510.46939679
2.10845626205929e-05,35.1491196860693,520237.787215289,5630510.46939679
2.51824032413835e-05,35.1491196860693,520737.787215289,5630510.46939679
3.51675684993816e-05,35.1491196860693,521237.787215289,5630510.46939679
0.000369865840970675,35.1491196860693,521737.787215289,5630510.46939679
3.11460863074231e-05,35.1491196860693,522237.787215289,5630510.46939679
2.4878753091463e-05,35.1491196860693,522737.787215289,5630510.46939679
2.77522951315597e-05,35.1491196860693,523237.787215289,5630510.46939679
2.75844686926965e-05,35.1491196860693,523737.787215289,5630510.46939679
1.8616952732203e-05,35.1491196860693,524237.787215289,5630510.46939679
4.25822557416527e-05,35.1491196860693,524737.787215289,5630510.46939679
2.55300060829273e-05,35.1491196860693,525237.787215289,5630510.46939679
0.000108977331216779,35.1491196860693,525737.787215289,5630510.46939679
0.000234222297012071,35.1491196860693,526237.787215289,5630510.46939679
9.99472939167829e-05,35.1491196860693,526737.787215289,5630510.46939679
0.000259854563510424,35.1491196860693,489737.787215289,5631010.46939679
0.00019802188041569,35.1491196860693,490237.787215289,5631010.46939679
6.38098014977513e-05,35.1491196860693,490737.787215289,5631010.46939679
0.000156514624621117,35.1491196860693,491237.787215289,5631010.46939679
0.000277010830017959,35.1491196860693,491737.787215289,5631010.46939679
1.18536938056273e-05,35.1491196860693,492237.787215289,5631010.46939679
1.18536938056273e-05,35.1491196860693,492737.787215289,5631010.46939679
1.18536938056273e-05,35.1491196860693,493237.787215289,5631010.46939679
1.66041257508289e-05,35.1491196860693,493737.787215289,5631010.46939679
0.000125426663154824,35.1491196860693,494237.787215289,5631010.46939679
0.000456504840316208,35.1491196860693,494737.787215289,5631010.46939679
1.18536938056273e-05,35.1491196860693,495237.787215289,5631010.46939679
1.18536938056273e-05,35.1491196860693,495737.787215289,5631010.46939679
1.85167304307632e-06,35.1491196860693,496237.787215289,5631010.46939679
1.18536938056273e-05,35.1491196860693,496737.787215289,5631010.46939679
0.000100924182239372,35.1491196860693,497237.787215289,5631010.46939679
0.000120905193831691,35.1491196860693,497737.787215289,5631010.46939679
0.000289939298097305,35.1491196860693,498237.787215289,5631010.46939679
0.000335415455499564,35.1491196860693,498737.787215289,5631010.46939679
0.000362979381211476,35.1491196860693,499237.787215289,5631010.46939679
0.000362979381211476,35.1491196860693,499737.787215289,5631010.46939679
0.00010215598203878,35.1491196860693,500237.787215289,5631010.46939679
7.64440678331407e-05,35.1491196860693,500737.787215289,5631010.46939679
1.05753582589209e-05,35.1491196860693,501237.787215289,5631010.46939679
1.18536938056273e-05,35.1491196860693,501737.787215289,5631010.46939679
1.18536938056273e-05,35.1491196860693,502237.787215289,5631010.46939679
1.18536938056273e-05,35.1491196860693,502737.787215289,5631010.46939679
1.18536938056273e-05,35.1491196860693,503237.787215289,5631010.46939679
1.18536938056273e-05,35.1491196860693,503737.787215289,5631010.46939679
1.18536938056273e-05,35.1491196860693,504237.787215289,5631010.46939679
1.18536938056273e-05,35.1491196860693,504737.787215289,5631010.46939679
0.000185842866595397,35.1491196860693,505237.787215289,5631010.46939679
3.10522460551786e-05,35.1491196860693,505737.787215289,5631010.46939679
1.98126821968575e-05,35.1491196860693,506237.787215289,5631010.46939679
0.000109070852287457,35.1491196860693,506737.787215289,5631010.46939679
6.89231837092338e-06,35.1491196860693,507237.787215289,5631010.46939679
4.65320031156097e-05,35.1491196860693,507737.787215289,5631010.46939679
0.000106845151418294,35.1491196860693,508237.787215289,5631010.46939679
2.07869555115318e-05,35.1491196860693,508737.787215289,5631010.46939679
1.18536938056273e-05,35.1491196860693,509237.787215289,5631010.46939679
0.000323427823792134,35.1491196860693,509737.787215289,5631010.46939679
8.6314279276001e-05,35.1491196860693,510237.787215289,5631010.46939679
7.20498249532424e-05,35.1491196860693,510737.787215289,5631010.46939679
0.0002351353445874,35.1491196860693,511237.787215289,5631010.46939679
0.000288676347312668,35.1491196860693,511737.787215289,5631010.46939679
2.65640044863404e-05,35.1491196860693,512237.787215289,5631010.46939679
0.000242053064016776,35.1491196860693,512737.787215289,5631010.46939679
0.000247967345325643,35.1491196860693,513237.787215289,5631010.46939679
0.000352049803662767,35.1491196860693,513737.787215289,5631010.46939679
0.000287661129397032,35.1491196860693,514237.787215289,5631010.46939679
0.000189743438621255,35.1491196860693,514737.787215289,5631010.46939679
3.61014220906973e-05,35.1491196860693,515237.787215289,5631010.46939679
1.65683209095532e-05,35.1491196860693,515737.787215289,5631010.46939679
6.94396753704319e-05,35.1491196860693,516237.787215289,5631010.46939679
1.8933578352969e-05,35.1491196860693,516737.787215289,5631010.46939679
1.73100057594861e-05,35.1491196860693,517237.787215289,5631010.46939679
1.18536938056273e-05,35.1491196860693,517737.787215289,5631010.46939679
1.18536938056273e-05,35.1491196860693,518237.787215289,5631010.46939679
1.18536938056273e-05,35.1491196860693,518737.787215289,5631010.46939679
8.73129046841694e-05,35.1491196860693,519237.787215289,5631010.46939679
1.83367722602196e-05,35.1491196860693,519737.787215289,5631010.46939679
2.45043340936929e-05,35.1491196860693,520237.787215289,5631010.46939679
2.20338176357402e-05,35.1491196860693,520737.787215289,5631010.46939679
7.58143735377596e-05,35.1491196860693,521237.787215289,5631010.46939679
0.0001317459609608,35.1491196860693,521737.787215289,5631010.46939679
0.000427256078889385,35.1491196860693,522237.787215289,5631010.46939679
7.9227637336302e-05,35.1491196860693,522737.787215289,5631010.46939679
2.28865654083652e-05,35.1491196860693,523237.787215289,5631010.46939679
2.84787690492028e-05,35.1491196860693,523737.787215289,5631010.46939679
4.46345292917843e-05,35.1491196860693,524237.787215289,5631010.46939679
2.37003278750737e-05,35.1491196860693,524737.787215289,5631010.46939679
1.77351285317979e-05,35.1491196860693,525237.787215289,5631010.46939679
3.44831979749166e-05,35.1491196860693,525737.787215289,5631010.46939679
6.6038169379841e-05,35.1491196860693,526237.787215289,5631010.46939679
3.92342953656749e-05,35.1491196860693,526737.787215289,5631010.46939679
0.0005414831004638,35.1491196860693,527237.787215289,5631010.46939679
0.000665666856147335,35.1491196860693,527737.787215289,5631010.46939679
3.09767106995094e-05,35.1491196860693,488737.787215289,5631510.46939679
7.19351365836236e-05,35.1491196860693,489237.787215289,5631510.46939679
3.66620254305875e-05,35.1491196860693,489737.787215289,5631510.46939679
2.10335972809423e-05,35.1491196860693,490237.787215289,5631510.46939679
3.09767106995094e-05,35.1491196860693,490737.787215289,5631510.46939679
4.59702120929161e-05,35.1491196860693,491237.787215289,5631510.46939679
1.80740926854884e-05,35.1491196860693,491737.787215289,5631510.46939679
4.63286014024885e-05,35.1491196860693,492237.787215289,5631510.46939679
0.000107260007110859,35.1491196860693,492737.787215289,5631510.46939679
6.12537385029508e-05,35.1491196860693,493237.787215289,5631510.46939679
0.000154159118753457,35.1491196860693,493737.787215289,5631510.46939679
0.000154627366730144,35.1491196860693,494237.787215289,5631510.46939679
7.76204286684763e-05,35.1491196860693,494737.787215289,5631510.46939679
1.18536938056273e-05,35.1491196860693,495237.787215289,5631510.46939679
1.18536938056273e-05,35.1491196860693,495737.787215289,5631510.46939679
1.18536938056273e-05,35.1491196860693,496237.787215289,5631510.46939679
1.18536938056273e-05,35.1491196860693,496737.787215289,5631510.46939679
1.18536938056273e-05,35.1491196860693,497237.787215289,5631510.46939679
7.61875841501086e-06,35.1491196860693,497737.787215289,5631510.46939679
7.29292074555876e-05,35.1491196860693,498237.787215289,5631510.46939679
0.000306690837443311,35.1491196860693,498737.787215289,5631510.46939679
0.000169358604602786,35.1491196860693,499237.787215289,5631510.46939679
9.65445225953374e-06,35.1491196860693,499737.787215289,5631510.46939679
2.45503911537771e-06,35.1491196860693,500237.787215289,5631510.46939679
1.18536938056273e-05,35.1491196860693,500737.787215289,5631510.46939679
1.18536938056273e-05,35.1491196860693,501237.787215289,5631510.46939679
1.18536938056273e-05,35.1491196860693,501737.787215289,5631510.46939679
1.18536938056273e-05,35.1491196860693,502237.787215289,5631510.46939679
1.18536938056273e-05,35.1491196860693,502737.787215289,5631510.46939679
1.18536938056273e-05,35.1491196860693,503237.787215289,5631510.46939679
1.18536938056273e-05,35.1491196860693,503737.787215289,5631510.46939679
8.95421585219335e-05,35.1491196860693,504237.787215289,5631510.46939679
0.000145951129880739,35.1491196860693,504737.787215289,5631510.46939679
0.00032777170747462,35.1491196860693,505237.787215289,5631510.46939679
0.00047834560259083,35.1491196860693,505737.787215289,5631510.46939679
0.000413541423577652,35.1491196860693,506237.787215289,5631510.46939679
1.80003279262673e-05,35.1491196860693,506737.787215289,5631510.46939679
5.12806451055825e-05,35.1491196860693,507237.787215289,5631510.46939679
9.13011749983217e-05,35.1491196860693,507737.787215289,5631510.46939679
6.44482835390485e-05,35.1491196860693,508237.787215289,5631510.46939679
1.60055684478483e-05,35.1491196860693,508737.787215289,5631510.46939679
1.18536938056273e-05,35.1491196860693,509237.787215289,5631510.46939679
1.18536938056273e-05,35.1491196860693,509737.787215289,5631510.46939679
7.13972537207199e-05,35.1491196860693,510237.787215289,5631510.46939679
6.0508654170833e-05,35.1491196860693,510737.787215289,5631510.46939679
4.95373455173947e-05,35.1491196860693,511237.787215289,5631510.46939679
9.17554079445755e-05,35.1491196860693,511737.787215289,5631510.46939679
2.13451757173854e-05,35.1491196860693,512237.787215289,5631510.46939679
0.00023128819650893,35.1491196860693,512737.787215289,5631510.46939679
0.000262708056279519,35.1491196860693,513237.787215289,5631510.46939679
0.000467616512250718,35.1491196860693,513737.787215289,5631510.46939679
0.000255912455230678,35.1491196860693,514237.787215289,5631510.46939679
0.000105440456293077,35.1491196860693,514737.787215289,5631510.46939679
1.67461547864318e-05,35.1491196860693,515237.787215289,5631510.46939679
1.89358986751457e-05,35.1491196860693,515737.787215289,5631510.46939679
1.54257345921254e-05,35.1491196860693,516237.787215289,5631510.46939679
4.1946543412571e-05,35.1491196860693,516737.787215289,5631510.46939679
5.99229650291081e-05,35.1491196860693,517237.787215289,5631510.46939679
1.87029846523322e-05,35.1491196860693,517737.787215289,5631510.46939679
2.47673481164173e-05,35.1491196860693,518237.787215289,5631510.46939679
0.000101167170599123,35.1491196860693,518737.787215289,5631510.46939679
7.70943295655058e-05,35.1491196860693,519237.787215289,5631510.46939679
4.70703617857393e-05,35.1491196860693,519737.787215289,5631510.46939679
2.56075517629351e-05,35.1491196860693,520237.787215289,5631510.46939679
2.57633504577826e-05,35.1491196860693,520737.787215289,5631510.46939679
6.69415170697228e-05,35.1491196860693,521237.787215289,5631510.46939679
6.27119650254427e-05,35.1491196860693,521737.787215289,5631510.46939679
0.000103651772200626,35.1491196860693,522237.787215289,5631510.46939679
0.000528438631567591,35.1491196860693,522737.787215289,5631510.46939679
5.87496478942382e-05,35.1491196860693,523237.787215289,5631510.46939679
4.40963248407965e-05,35.1491196860693,523737.787215289,5631510.46939679
1.78972276894239e-05,35.1491196860693,524237.787215289,5631510.46939679
1.76278788989238e-05,35.1491196860693,524737.787215289,5631510.46939679
2.06742512514965e-05,35.1491196860693,525237.787215289,5631510.46939679
3.21090984989694e-05,35.1491196860693,525737.787215289,5631510.46939679
1.99959130233307e-05,35.1491196860693,526237.787215289,5631510.46939679
0.000196417798320751,35.1491196860693,526737.787215289,5631510.46939679
0.000399097666167579,35.1491196860693,527237.787215289,5631510.46939679
0.000211915431672075,35.1491196860693,527737.787215289,5631510.46939679
0.0005309456908769,35.1491196860693,528237.787215289,5631510.46939679
3.43914157257163e-05,35.1491196860693,488237.787215289,5632010.46939679
1.85404023195524e-05,35.1491196860693,488737.787215289,5632010.46939679
5.09572615899997e-05,35.1491196860693,489237.787215289,5632010.46939679
2.90582127683883e-05,35.1491196860693,489737.787215289,5632010.46939679
2.46266243531245e-05,35.1491196860693,490237.787215289,5632010.46939679
9.28184123009233e-05,35.1491196860693,490737.787215289,5632010.46939679
3.81918985258115e-05,35.1491196860693,491237.787215289,5632010.46939679
7.79600158296804e-05,35.1491196860693,491737.787215289,5632010.46939679
5.43215910384497e-05,35.1491196860693,492237.787215289,5632010.46939679
3.46595353444e-05,35.1491196860693,492737.787215289,5632010.46939679
0.000122186060925805,35.1491196860693,493237.787215289,5632010.46939679
0.000149971422389203,35.1491196860693,493737.787215289,5632010.46939679
5.45659327203138e-05,35.1491196860693,494237.787215289,5632010.46939679
0.000125186873154315,35.1491196860693,494737.787215289,5632010.46939679
3.11198590406531e-05,35.1491196860693,495237.787215289,5632010.46939679
8.33595689009726e-05,35.1491196860693,495737.787215289,5632010.46939679
8.5024382462459e-05,35.1491196860693,496237.787215289,5632010.46939679
1.18536938056273e-05,35.1491196860693,496737.787215289,5632010.46939679
1.18536938056273e-05,35.1491196860693,497237.787215289,5632010.46939679
1.18536938056273e-05,35.1491196860693,497737.787215289,5632010.46939679
0.000431570418218864,35.1491196860693,498237.787215289,5632010.46939679
1.18536938056273e-05,35.1491196860693,498737.787215289,5632010.46939679
1.18536938056273e-05,35.1491196860693,499237.787215289,5632010.46939679
1.18536938056273e-05,35.1491196860693,499737.787215289,5632010.46939679
1.18536938056273e-05,35.1491196860693,500237.787215289,5632010.46939679
1.18536938056273e-05,35.1491196860693,500737.787215289,5632010.46939679
1.18536938056273e-05,35.1491196860693,501237.787215289,5632010.46939679
1.18536938056273e-05,35.1491196860693,501737.787215289,5632010.46939679
1.18536938056273e-05,35.1491196860693,502237.787215289,5632010.46939679
0.000185780445379696,35.1491196860693,502737.787215289,5632010.46939679
0.000168066488907954,35.1491196860693,503237.787215289,5632010.46939679
0.000188321768643726,35.1491196860693,503737.787215289,5632010.46939679
0.000147034918170085,35.1491196860693,504237.787215289,5632010.46939679
0.000325749652981901,35.1491196860693,504737.787215289,5632010.46939679
0.000382091092337595,35.1491196860693,505237.787215289,5632010.46939679
3.28463213150305e-05,35.1491196860693,505737.787215289,5632010.46939679
2.60235031896713e-05,35.1491196860693,506237.787215289,5632010.46939679
0.000175692077227512,35.1491196860693,506737.787215289,5632010.46939679
1.28870258680765e-06,35.1491196860693,507237.787215289,5632010.46939679
9.65761937189911e-05,35.1491196860693,507737.787215289,5632010.46939679
1.87305079521446e-05,35.1491196860693,508237.787215289,5632010.46939679
0.000135507744664366,35.1491196860693,508737.787215289,5632010.46939679
7.11973990683609e-05,35.1491196860693,509237.787215289,5632010.46939679
2.47747818436038e-06,35.1491196860693,509737.787215289,5632010.46939679
2.9134690324288e-06,35.1491196860693,510237.787215289,5632010.46939679
8.4122769090727e-05,35.1491196860693,510737.787215289,5632010.46939679
0.000185871532173285,35.1491196860693,511237.787215289,5632010.46939679
4.55824706089288e-05,35.1491196860693,511737.787215289,5632010.46939679
4.64195265427691e-05,35.1491196860693,512237.787215289,5632010.46939679
0.000118666800343142,35.1491196860693,512737.787215289,5632010.46939679
0.000186142198720406,35.1491196860693,513237.787215289,5632010.46939679
0.000301086661275468,35.1491196860693,513737.787215289,5632010.46939679
0.000362845963845313,35.1491196860693,514237.787215289,5632010.46939679
0.000412737736973918,35.1491196860693,514737.787215289,5632010.46939679
0.000495171747597804,35.1491196860693,515237.787215289,5632010.46939679
0.000329644691263032,35.1491196860693,515737.787215289,5632010.46939679
8.62706543712875e-05,35.1491196860693,516237.787215289,5632010.46939679
6.57424559819558e-05,35.1491196860693,516737.787215289,5632010.46939679
2.465644200353e-05,35.1491196860693,517237.787215289,5632010.46939679
5.76063636395356e-05,35.1491196860693,517737.787215289,5632010.46939679
2.09596262577231e-05,35.1491196860693,518237.787215289,5632010.46939679
0.000134589294404088,35.1491196860693,518737.787215289,5632010.46939679
0.000656603494001367,35.1491196860693,519237.787215289,5632010.46939679
0.000104764304761796,35.1491196860693,519737.787215289,5632010.46939679
0.00041449265645829,35.1491196860693,520237.787215289,5632010.46939679
0.000114576513907977,35.1491196860693,520737.787215289,5632010.46939679
7.73284984173065e-05,35.1491196860693,521237.787215289,5632010.46939679
0.000487600018205815,35.1491196860693,521737.787215289,5632010.46939679
0.000310167883605756,35.1491196860693,522237.787215289,5632010.46939679
0.000486123450850465,35.1491196860693,522737.787215289,5632010.46939679
4.06884877651715e-05,35.1491196860693,523237.787215289,5632010.46939679
1.83657247651739e-05,35.1491196860693,523737.787215289,5632010.46939679
2.86972760927487e-05,35.1491196860693,524237.787215289,5632010.46939679
0.000129182148441306,35.1491196860693,524737.787215289,5632010.46939679
4.56355134465425e-05,35.1491196860693,525237.787215289,5632010.46939679
3.47477747769718e-05,35.1491196860693,525737.787215289,5632010.46939679
3.82543052596739e-06,35.1491196860693,526237.787215289,5632010.46939679
0.000512715408267576,35.1491196860693,526737.787215289,5632010.46939679
0.000163719028748291,35.1491196860693,527237.787215289,5632010.46939679
2.82688532225771e-05,35.1491196860693,527737.787215289,5632010.46939679
4.70818994987563e-05,35.1491196860693,528237.787215289,5632010.46939679
5.50511716606483e-05,35.1491196860693,528737.787215289,5632010.46939679
0.00020531110126223,35.1491196860693,487737.787215289,5632510.46939679
0.00010463761067455,35.1491196860693,488237.787215289,5632510.46939679
3.04106718008337e-05,35.1491196860693,488737.787215289,5632510.46939679
3.80715787922869e-05,35.1491196860693,489237.787215289,5632510.46939679
4.50590510853543e-05,35.1491196860693,489737.787215289,5632510.46939679
4.27273014106845e-05,35.1491196860693,490237.787215289,5632510.46939679
5.22087396436502e-05,35.1491196860693,490737.787215289,5632510.46939679
0.000116200770585828,35.1491196860693,491237.787215289,5632510.46939679
8.68274474048542e-05,35.1491196860693,491737.787215289,5632510.46939679
6.83119143352534e-05,35.1491196860693,492237.787215289,5632510.46939679
2.94164786249192e-05,35.1491196860693,492737.787215289,5632510.46939679
2.82346669931676e-05,35.1491196860693,493237.787215289,5632510.46939679
8.04776505349687e-05,35.1491196860693,493737.787215289,5632510.46939679
4.85435826650536e-05,35.1491196860693,494237.787215289,5632510.46939679
6.69743380059381e-05,35.1491196860693,494737.787215289,5632510.46939679
8.02437780325424e-05,35.1491196860693,495237.787215289,5632510.46939679
0.000131635021293136,35.1491196860693,495737.787215289,5632510.46939679
3.93775867788013e-05,35.1491196860693,496237.787215289,5632510.46939679
0.000183830096908161,35.1491196860693,496737.787215289,5632510.46939679
1.18536938056273e-05,35.1491196860693,497237.787215289,5632510.46939679
9.64144707173584e-06,35.1491196860693,497737.787215289,5632510.46939679
7.72569768143131e-06,35.1491196860693,498237.787215289,5632510.46939679
1.18536938056273e-05,35.1491196860693,498737.787215289,5632510.46939679
1.18536938056273e-05,35.1491196860693,499237.787215289,5632510.46939679
1.18536938056273e-05,35.1491196860693,499737.787215289,5632510.46939679
1.18536938056273e-05,35.1491196860693,500237.787215289,5632510.46939679
1.18536938056273e-05,35.1491196860693,500737.787215289,5632510.46939679
1.18536938056273e-05,35.1491196860693,501237.787215289,5632510.46939679
0.000176444693999736,35.1491196860693,501737.787215289,5632510.46939679
0.000288534880770943,35.1491196860693,502237.787215289,5632510.46939679
0.000232214691129557,35.1491196860693,502737.787215289,5632510.46939679
8.10951257305973e-05,35.1491196860693,503237.787215289,5632510.46939679
0.000293797400140327,35.1491196860693,503737.787215289,5632510.46939679
0.000215545970361784,35.1491196860693,504237.787215289,5632510.46939679
9.40996221820505e-05,35.1491196860693,504737.787215289,5632510.46939679
0.000133761056889374,35.1491196860693,505237.787215289,5632510.46939679
8.06837784069362e-05,35.1491196860693,505737.787215289,5632510.46939679
8.15730094268853e-06,35.1491196860693,506237.787215289,5632510.46939679
3.83361898192106e-07,35.1491196860693,506737.787215289,5632510.46939679
8.31786939315858e-07,35.1491196860693,507237.787215289,5632510.46939679
0.000113018239266885,35.1491196860693,507737.787215289,5632510.46939679
0.000158310910311667,35.1491196860693,508237.787215289,5632510.46939679
0.000187366524357207,35.1491196860693,508737.787215289,5632510.46939679
2.13939452183705e-05,35.1491196860693,509237.787215289,5632510.46939679
1.14263834430627e-05,35.1491196860693,509737.787215289,5632510.46939679
4.44479963216225e-06,35.1491196860693,510237.787215289,5632510.46939679
1.80218454485578e-05,35.1491196860693,510737.787215289,5632510.46939679
2.87641703664365e-05,35.1491196860693,511237.787215289,5632510.46939679
4.42960347225995e-05,35.1491196860693,511737.787215289,5632510.46939679
5.39418448259525e-05,35.1491196860693,512237.787215289,5632510.46939679
0.000153843034097373,35.1491196860693,512737.787215289,5632510.46939679
1.80785229402503e-05,35.1491196860693,513237.787215289,5632510.46939679
0.000268279160386879,35.1491196860693,513737.787215289,5632510.46939679
0.000413440082673469,35.1491196860693,514237.787215289,5632510.46939679
0.000440574462205879,35.1491196860693,514737.787215289,5632510.46939679
0.000528568160490819,35.1491196860693,515237.787215289,5632510.46939679
0.000375609327341891,35.1491196860693,515737.787215289,5632510.46939679
0.000111505054738144,35.1491196860693,516237.787215289,5632510.46939679
4.33064684176883e-05,35.1491196860693,516737.787215289,5632510.46939679
2.55331348015552e-05,35.1491196860693,517237.787215289,5632510.46939679
5.33159014413813e-05,35.1491196860693,517737.787215289,5632510.46939679
2.0519347542964e-05,35.1491196860693,518237.787215289,5632510.46939679
2.7337979922838e-05,35.1491196860693,518737.787215289,5632510.46939679
0.000460296883425823,35.1491196860693,519237.787215289,5632510.46939679
4.97175013185944e-05,35.1491196860693,519737.787215289,5632510.46939679
4.0319963113965e-05,35.1491196860693,520237.787215289,5632510.46939679
0.000478807414769765,35.1491196860693,520737.787215289,5632510.46939679
8.87869876770846e-05,35.1491196860693,521237.787215289,5632510.46939679
5.59668690998974e-05,35.1491196860693,521737.787215289,5632510.46939679
0.00062262508241377,35.1491196860693,522237.787215289,5632510.46939679
0.000253470324761116,35.1491196860693,522737.787215289,5632510.46939679
6.90112954817663e-05,35.1491196860693,523237.787215289,5632510.46939679
2.21705900913184e-05,35.1491196860693,523737.787215289,5632510.46939679
2.33805018930439e-05,35.1491196860693,524237.787215289,5632510.46939679
6.69497207955955e-05,35.1491196860693,524737.787215289,5632510.46939679
0.000284916026551701,35.1491196860693,525237.787215289,5632510.46939679
2.00274851976838e-05,35.1491196860693,525737.787215289,5632510.46939679
2.92863651205388e-06,35.1491196860693,526237.787215289,5632510.46939679
4.35065945438906e-05,35.1491196860693,526737.787215289,5632510.46939679
1.72869538104156e-05,35.1491196860693,527237.787215289,5632510.46939679
8.65433003311932e-05,35.1491196860693,527737.787215289,5632510.46939679
5.19685844918088e-05,35.1491196860693,528237.787215289,5632510.46939679
5.70986024056553e-05,35.1491196860693,528737.787215289,5632510.46939679
3.33114443515628e-05,35.1491196860693,529237.787215289,5632510.46939679
8.08297379603329e-05,35.1491196860693,487237.787215289,5633010.46939679
1.76857564028416e-05,35.1491196860693,487737.787215289,5633010.46939679
1.49431612999686e-05,35.1491196860693,488237.787215289,5633010.46939679
1.41269616490207e-05,35.1491196860693,488737.787215289,5633010.46939679
1.41269616490207e-05,35.1491196860693,489237.787215289,5633010.46939679
1.41269616490207e-05,35.1491196860693,489737.787215289,5633010.46939679
1.4169871346886e-05,35.1491196860693,490237.787215289,5633010.46939679
1.54276250257983e-05,35.1491196860693,490737.787215289,5633010.46939679
2.09012775759745e-05,35.1491196860693,491237.787215289,5633010.46939679
1.49903870059326e-05,35.1491196860693,491737.787215289,5633010.46939679
0.000232186236557274,35.1491196860693,492237.787215289,5633010.46939679
0.000165757872189897,35.1491196860693,492737.787215289,5633010.46939679
8.5510236751711e-05,35.1491196860693,493237.787215289,5633010.46939679
0.000138146302102365,35.1491196860693,493737.787215289,5633010.46939679
2.17101940421351e-05,35.1491196860693,494237.787215289,5633010.46939679
3.13015226053553e-05,35.1491196860693,494737.787215289,5633010.46939679
4.49281069913824e-05,35.1491196860693,495237.787215289,5633010.46939679
3.84849308131222e-05,35.1491196860693,495737.787215289,5633010.46939679
4.2283925656162e-05,35.1491196860693,496237.787215289,5633010.46939679
5.1742213782522e-05,35.1491196860693,496737.787215289,5633010.46939679
0.000122186060925805,35.1491196860693,497237.787215289,5633010.46939679
0.000225989698606109,35.1491196860693,497737.787215289,5633010.46939679
0.00026626905436851,35.1491196860693,498237.787215289,5633010.46939679
1.18536938056273e-05,35.1491196860693,498737.787215289,5633010.46939679
1.18536938056273e-05,35.1491196860693,499237.787215289,5633010.46939679
1.18536938056273e-05,35.1491196860693,499737.787215289,5633010.46939679
1.0088953409556e-05,35.1491196860693,500237.787215289,5633010.46939679
1.64482119945826e-05,35.1491196860693,500737.787215289,5633010.46939679
0.000262993910280149,35.1491196860693,501237.787215289,5633010.46939679
7.33627967208014e-05,35.1491196860693,501737.787215289,5633010.46939679
6.79976861376041e-05,35.1491196860693,502237.787215289,5633010.46939679
0.000285435837235506,35.1491196860693,502737.787215289,5633010.46939679
0.000291560365478966,35.1491196860693,503237.787215289,5633010.46939679
5.65814477092858e-05,35.1491196860693,503737.787215289,5633010.46939679
8.89489737378055e-05,35.1491196860693,504237.787215289,5633010.46939679
0.00046750191990891,35.1491196860693,504737.787215289,5633010.46939679
0.000370092533007132,35.1491196860693,505237.787215289,5633010.46939679
9.54920864415029e-05,35.1491196860693,505737.787215289,5633010.46939679
3.26201980485216e-05,35.1491196860693,506237.787215289,5633010.46939679
1.18536938056273e-05,35.1491196860693,506737.787215289,5633010.46939679
1.18536938056273e-05,35.1491196860693,507237.787215289,5633010.46939679
5.20641982383476e-05,35.1491196860693,507737.787215289,5633010.46939679
0.00014966392409879,35.1491196860693,508237.787215289,5633010.46939679
0.000343610936797122,35.1491196860693,508737.787215289,5633010.46939679
0.000161588896167053,35.1491196860693,509237.787215289,5633010.46939679
3.32752373929132e-05,35.1491196860693,509737.787215289,5633010.46939679
9.02419698974188e-07,35.1491196860693,510237.787215289,5633010.46939679
3.01410501171212e-06,35.1491196860693,510737.787215289,5633010.46939679
1.34140168027558e-07,35.1491196860693,511237.787215289,5633010.46939679
1.55729285629763e-05,35.1491196860693,511737.787215289,5633010.46939679
6.00773697221734e-05,35.1491196860693,512237.787215289,5633010.46939679
0.000172362987778143,35.1491196860693,512737.787215289,5633010.46939679
4.54876105321958e-05,35.1491196860693,513237.787215289,5633010.46939679
0.0003278118761077,35.1491196860693,513737.787215289,5633010.46939679
0.000454913819188824,35.1491196860693,514237.787215289,5633010.46939679
0.000566824301350014,35.1491196860693,514737.787215289,5633010.46939679
0.000517465037395876,35.1491196860693,515237.787215289,5633010.46939679
0.000522194670254887,35.1491196860693,515737.787215289,5633010.46939679
0.000343442549427044,35.1491196860693,516237.787215289,5633010.46939679
5.43016244949564e-05,35.1491196860693,516737.787215289,5633010.46939679
7.457394274677e-05,35.1491196860693,517237.787215289,5633010.46939679
4.53936457673911e-05,35.1491196860693,517737.787215289,5633010.46939679
3.24065467656979e-05,35.1491196860693,518237.787215289,5633010.46939679
3.26037111700637e-05,35.1491196860693,518737.787215289,5633010.46939679
0.000552297316766175,35.1491196860693,519237.787215289,5633010.46939679
1.64900873653515e-05,35.1491196860693,519737.787215289,5633010.46939679
3.97131577759418e-05,35.1491196860693,520237.787215289,5633010.46939679
8.26741804754895e-05,35.1491196860693,520737.787215289,5633010.46939679
0.000497338109868147,35.1491196860693,521237.787215289,5633010.46939679
5.1955849266167e-05,35.1491196860693,521737.787215289,5633010.46939679
0.000435155338872908,35.1491196860693,522237.787215289,5633010.46939679
5.14852736247358e-05,35.1491196860693,522737.787215289,5633010.46939679
3.65330923005021e-05,35.1491196860693,523237.787215289,5633010.46939679
1.63903668692285e-05,35.1491196860693,523737.787215289,5633010.46939679
2.4211826932598e-05,35.1491196860693,524237.787215289,5633010.46939679
0.000299554822221416,35.1491196860693,524737.787215289,5633010.46939679
0.000647742905304869,35.1491196860693,525237.787215289,5633010.46939679
0.00010573480727738,35.1491196860693,525737.787215289,5633010.46939679
1.51935811532204e-05,35.1491196860693,526237.787215289,5633010.46939679
6.63514727559064e-05,35.1491196860693,526737.787215289,5633010.46939679
0.000487719536919156,35.1491196860693,527237.787215289,5633010.46939679
0.000477474481580988,35.1491196860693,527737.787215289,5633010.46939679
0.00035786179202346,35.1491196860693,528237.787215289,5633010.46939679
0.000413389421534591,35.1491196860693,528737.787215289,5633010.46939679
0.000403480203419138,35.1491196860693,529237.787215289,5633010.46939679
0.000631296783222617,35.1491196860693,486737.787215289,5633510.46939679
8.84002391525203e-05,35.1491196860693,487237.787215289,5633510.46939679
1.83412669020275e-05,35.1491196860693,487737.787215289,5633510.46939679
1.46505678477945e-05,35.1491196860693,488237.787215289,5633510.46939679
1.46505678477945e-05,35.1491196860693,488737.787215289,5633510.46939679
1.83412669020275e-05,35.1491196860693,489237.787215289,5633510.46939679
9.68424988509411e-05,35.1491196860693,489737.787215289,5633510.46939679
1.46505678477945e-05,35.1491196860693,490237.787215289,5633510.46939679
1.78474042989783e-05,35.1491196860693,490737.787215289,5633510.46939679
1.3788329025648e-05,35.1491196860693,491237.787215289,5633510.46939679
2.74277385403756e-05,35.1491196860693,491737.787215289,5633510.46939679
2.71793194337892e-05,35.1491196860693,492237.787215289,5633510.46939679
2.29645226967634e-05,35.1491196860693,492737.787215289,5633510.46939679
7.97389745558502e-05,35.1491196860693,493237.787215289,5633510.46939679
3.72130888315366e-05,35.1491196860693,493737.787215289,5633510.46939679
3.16336166302013e-05,35.1491196860693,494237.787215289,5633510.46939679
0.000164995402012751,35.1491196860693,494737.787215289,5633510.46939679
0.000144593775859598,35.1491196860693,495237.787215289,5633510.46939679
4.28623348840272e-05,35.1491196860693,495737.787215289,5633510.46939679
4.23454996046965e-05,35.1491196860693,496237.787215289,5633510.46939679
0.00031077184527592,35.1491196860693,496737.787215289,5633510.46939679
0.000418486201449013,35.1491196860693,497237.787215289,5633510.46939679
0.000161569095770689,35.1491196860693,497737.787215289,5633510.46939679
0.000193275164843271,35.1491196860693,498237.787215289,5633510.46939679
0.000185842866595397,35.1491196860693,498737.787215289,5633510.46939679
0.000205985197909695,35.1491196860693,499237.787215289,5633510.46939679
0.00010403032899063,35.1491196860693,499737.787215289,5633510.46939679
0.000352006665020089,35.1491196860693,500237.787215289,5633510.46939679
6.10532826440419e-05,35.1491196860693,500737.787215289,5633510.46939679
0.000247485439469931,35.1491196860693,501237.787215289,5633510.46939679
0.000135457937189552,35.1491196860693,501737.787215289,5633510.46939679
0.000259790884529503,35.1491196860693,502237.787215289,5633510.46939679
7.31316746113282e-05,35.1491196860693,502737.787215289,5633510.46939679
7.49277421971254e-05,35.1491196860693,503237.787215289,5633510.46939679
0.000122156118469774,35.1491196860693,503737.787215289,5633510.46939679
0.000119953349259584,35.1491196860693,504237.787215289,5633510.46939679
8.93600211908588e-05,35.1491196860693,504737.787215289,5633510.46939679
0.00032824900937916,35.1491196860693,505237.787215289,5633510.46939679
0.000339467666138136,35.1491196860693,505737.787215289,5633510.46939679
7.68839390251324e-06,35.1491196860693,506237.787215289,5633510.46939679
1.18536938056273e-05,35.1491196860693,506737.787215289,5633510.46939679
1.18536938056273e-05,35.1491196860693,507237.787215289,5633510.46939679
9.12664733923821e-07,35.1491196860693,507737.787215289,5633510.46939679
0.000133761056889374,35.1491196860693,508237.787215289,5633510.46939679
0.000338974051355006,35.1491196860693,508737.787215289,5633510.46939679
0.000374655494927411,35.1491196860693,509237.787215289,5633510.46939679
0.000243466059570481,35.1491196860693,509737.787215289,5633510.46939679
3.10506264855737e-06,35.1491196860693,510237.787215289,5633510.46939679
1.66041257508289e-05,35.1491196860693,510737.787215289,5633510.46939679
8.40552631892688e-06,35.1491196860693,511237.787215289,5633510.46939679
3.59839343229365e-07,35.1491196860693,511737.787215289,5633510.46939679
3.13706429690095e-05,35.1491196860693,512237.787215289,5633510.46939679
0.000336924173763394,35.1491196860693,512737.787215289,5633510.46939679
0.000279067827410448,35.1491196860693,513237.787215289,5633510.46939679
0.000125963956650718,35.1491196860693,513737.787215289,5633510.46939679
0.000578215470810997,35.1491196860693,514237.787215289,5633510.46939679
0.000581662103732303,35.1491196860693,514737.787215289,5633510.46939679
0.000471717080409799,35.1491196860693,515237.787215289,5633510.46939679
0.000477474481580988,35.1491196860693,515737.787215289,5633510.46939679
0.000393139519928692,35.1491196860693,516237.787215289,5633510.46939679
0.000661722453913981,35.1491196860693,516737.787215289,5633510.46939679
5.79639486909401e-05,35.1491196860693,517237.787215289,5633510.46939679
4.16322551195786e-05,35.1491196860693,517737.787215289,5633510.46939679
2.51885758589427e-05,35.1491196860693,518237.787215289,5633510.46939679
5.27561838313164e-05,35.1491196860693,518737.787215289,5633510.46939679
0.000274733226868963,35.1491196860693,519237.787215289,5633510.46939679
0.000202171665081813,35.1491196860693,519737.787215289,5633510.46939679
0.000504203067852542,35.1491196860693,520237.787215289,5633510.46939679
0.00060037267854446,35.1491196860693,520737.787215289,5633510.46939679
0.000104929720409086,35.1491196860693,521237.787215289,5633510.46939679
0.000300464699889026,35.1491196860693,521737.787215289,5633510.46939679
0.000441161963056283,35.1491196860693,522237.787215289,5633510.46939679
4.39681784825248e-05,35.1491196860693,522737.787215289,5633510.46939679
2.94949839878063e-05,35.1491196860693,523237.787215289,5633510.46939679
0.000509614864665254,35.1491196860693,523737.787215289,5633510.46939679
0.00048032061654343,35.1491196860693,524237.787215289,5633510.46939679
0.000424106792035519,35.1491196860693,524737.787215289,5633510.46939679
0.000549824175585589,35.1491196860693,525237.787215289,5633510.46939679
0.000406476323557475,35.1491196860693,525737.787215289,5633510.46939679
0.000394333654834567,35.1491196860693,526237.787215289,5633510.46939679
0.000498971016956255,35.1491196860693,526737.787215289,5633510.46939679
0.000219158123719663,35.1491196860693,527237.787215289,5633510.46939679
0.000372840726553666,35.1491196860693,527737.787215289,5633510.46939679
0.000346666568737171,35.1491196860693,528237.787215289,5633510.46939679
0.000316978417471107,35.1491196860693,528737.787215289,5633510.46939679
0.000392045074233475,35.1491196860693,529237.787215289,5633510.46939679
0.000346709052947623,35.1491196860693,529737.787215289,5633510.46939679
1.94292040580099e-05,35.1491196860693,486237.787215289,5634010.46939679
1.94292040580099e-05,35.1491196860693,486737.787215289,5634010.46939679
0.000102898443845264,35.1491196860693,487237.787215289,5634010.46939679
1.8367975496529e-05,35.1491196860693,487737.787215289,5634010.46939679
1.64162461336513e-05,35.1491196860693,488237.787215289,5634010.46939679
0.000102586843194269,35.1491196860693,488737.787215289,5634010.46939679
1.55195861769534e-05,35.1491196860693,489237.787215289,5634010.46939679
1.18536938056273e-05,35.1491196860693,489737.787215289,5634010.46939679
1.64661093794913e-05,35.1491196860693,490237.787215289,5634010.46939679
1.51017010183905e-05,35.1491196860693,490737.787215289,5634010.46939679
1.46950679643462e-05,35.1491196860693,491237.787215289,5634010.46939679
1.78474042989783e-05,35.1491196860693,491737.787215289,5634010.46939679
1.41269616490207e-05,35.1491196860693,492237.787215289,5634010.46939679
1.41269616490207e-05,35.1491196860693,492737.787215289,5634010.46939679
1.50797418640537e-05,35.1491196860693,493237.787215289,5634010.46939679
1.44739108750361e-05,35.1491196860693,493737.787215289,5634010.46939679
2.1707533769942e-05,35.1491196860693,494237.787215289,5634010.46939679
3.0733314329248e-05,35.1491196860693,494737.787215289,5634010.46939679
7.67679200646836e-05,35.1491196860693,495237.787215289,5634010.46939679
0.000181282729757095,35.1491196860693,495737.787215289,5634010.46939679
4.17030997085911e-05,35.1491196860693,496237.787215289,5634010.46939679
0.000271059031614908,35.1491196860693,496737.787215289,5634010.46939679
0.000243376570739711,35.1491196860693,497237.787215289,5634010.46939679
0.000267012379663166,35.1491196860693,497737.787215289,5634010.46939679
0.000101216772122941,35.1491196860693,498237.787215289,5634010.46939679
6.45806984622015e-05,35.1491196860693,498737.787215289,5634010.46939679
4.52014537172242e-05,35.1491196860693,499237.787215289,5634010.46939679
4.85435826650536e-05,35.1491196860693,499737.787215289,5634010.46939679
0.000189743438621255,35.1491196860693,500237.787215289,5634010.46939679
3.25129469768718e-05,35.1491196860693,500737.787215289,5634010.46939679
6.65611670153569e-05,35.1491196860693,501237.787215289,5634010.46939679
5.0876930408546e-05,35.1491196860693,501737.787215289,5634010.46939679
2.65664430148407e-05,35.1491196860693,502237.787215289,5634010.46939679
0.000217489408071241,35.1491196860693,502737.787215289,5634010.46939679
8.54997587014175e-05,35.1491196860693,503237.787215289,5634010.46939679
7.90070786230985e-05,35.1491196860693,503737.787215289,5634010.46939679
0.00034502965245117,35.1491196860693,504237.787215289,5634010.46939679
8.15885159173781e-05,35.1491196860693,504737.787215289,5634010.46939679
0.000371757230786259,35.1491196860693,505237.787215289,5634010.46939679
8.53453661856121e-05,35.1491196860693,505737.787215289,5634010.46939679
7.21105472713387e-05,35.1491196860693,506237.787215289,5634010.46939679
1.43832995960776e-05,35.1491196860693,506737.787215289,5634010.46939679
1.18536938056273e-05,35.1491196860693,507237.787215289,5634010.46939679
4.39736922807502e-07,35.1491196860693,507737.787215289,5634010.46939679
6.51799551969832e-05,35.1491196860693,508237.787215289,5634010.46939679
0.000289939298097305,35.1491196860693,508737.787215289,5634010.46939679
0.000241993747404294,35.1491196860693,509237.787215289,5634010.46939679
6.17237157440068e-05,35.1491196860693,509737.787215289,5634010.46939679
4.1587643471216e-05,35.1491196860693,510237.787215289,5634010.46939679
1.51255887255809e-07,35.1491196860693,510737.787215289,5634010.46939679
9.90247479139937e-06,35.1491196860693,511237.787215289,5634010.46939679
2.50155552550263e-05,35.1491196860693,511737.787215289,5634010.46939679
9.55623236562859e-05,35.1491196860693,512237.787215289,5634010.46939679
0.00024869005236902,35.1491196860693,512737.787215289,5634010.46939679
5.82532210415372e-05,35.1491196860693,513237.787215289,5634010.46939679
0.000185780445379696,35.1491196860693,513737.787215289,5634010.46939679
6.29332890206311e-05,35.1491196860693,514237.787215289,5634010.46939679
0.00053755772093822,35.1491196860693,514737.787215289,5634010.46939679
0.00043462909466603,35.1491196860693,515237.787215289,5634010.46939679
0.000315022947799607,35.1491196860693,515737.787215289,5634010.46939679
0.000457625474315197,35.1491196860693,516237.787215289,5634010.46939679
0.000466029102149205,35.1491196860693,516737.787215289,5634010.46939679
2.62843237094565e-05,35.1491196860693,517237.787215289,5634010.46939679
0.000168269981994919,35.1491196860693,517737.787215289,5634010.46939679
0.000107689669415709,35.1491196860693,518237.787215289,5634010.46939679
0.000190573560752553,35.1491196860693,518737.787215289,5634010.46939679
2.60052003377931e-05,35.1491196860693,519237.787215289,5634010.46939679
2.71331476209412e-05,35.1491196860693,519737.787215289,5634010.46939679
9.96568415541248e-05,35.1491196860693,520237.787215289,5634010.46939679
0.00013277306833834,35.1491196860693,520737.787215289,5634010.46939679
2.32053213553534e-05,35.1491196860693,521237.787215289,5634010.46939679
0.000501945288695139,35.1491196860693,521737.787215289,5634010.46939679
0.000441858527519197,35.1491196860693,522237.787215289,5634010.46939679
0.000417724091124518,35.1491196860693,522737.787215289,5634010.46939679
0.000415197988461351,35.1491196860693,523237.787215289,5634010.46939679
0.000508873841422118,35.1491196860693,523737.787215289,5634010.46939679
0.000453425091437935,35.1491196860693,524237.787215289,5634010.46939679
0.000472403995893195,35.1491196860693,524737.787215289,5634010.46939679
6.12237209603486e-05,35.1491196860693,525237.787215289,5634010.46939679
0.000448664972943041,35.1491196860693,525737.787215289,5634010.46939679
0.000463210884619822,35.1491196860693,526237.787215289,5634010.46939679
0.000466764930118126,35.1491196860693,526737.787215289,5634010.46939679
0.000496014369234522,35.1491196860693,527237.787215289,5634010.46939679
0.00011709233604621,35.1491196860693,527737.787215289,5634010.46939679
5.51516089281881e-05,35.1491196860693,528237.787215289,5634010.46939679
0.000375201069109676,35.1491196860693,528737.787215289,5634010.46939679
0.000368435289605396,35.1491196860693,529237.787215289,5634010.46939679
0.000354191706974717,35.1491196860693,529737.787215289,5634010.46939679
0.00028381404046479,35.1491196860693,530237.787215289,5634010.46939679
0.000103524487420274,35.1491196860693,485737.787215289,5634510.46939679
0.000107687655449995,35.1491196860693,486237.787215289,5634510.46939679
1.93398315988669e-05,35.1491196860693,486737.787215289,5634510.46939679
3.39148476110723e-05,35.1491196860693,487237.787215289,5634510.46939679
2.04572101401671e-05,35.1491196860693,487737.787215289,5634510.46939679
1.63407329894957e-05,35.1491196860693,488237.787215289,5634510.46939679
0.000108014749475872,35.1491196860693,488737.787215289,5634510.46939679
1.63407329894957e-05,35.1491196860693,489237.787215289,5634510.46939679
1.63407329894957e-05,35.1491196860693,489737.787215289,5634510.46939679
1.63407329894957e-05,35.1491196860693,490237.787215289,5634510.46939679
1.98460918256908e-05,35.1491196860693,490737.787215289,5634510.46939679
1.55195861769534e-05,35.1491196860693,491237.787215289,5634510.46939679
0.000100127768646076,35.1491196860693,491737.787215289,5634510.46939679
9.98245582502053e-05,35.1491196860693,492237.787215289,5634510.46939679
9.98245582502053e-05,35.1491196860693,492737.787215289,5634510.46939679
1.51475714216698e-05,35.1491196860693,493237.787215289,5634510.46939679
0.000101657691419822,35.1491196860693,493737.787215289,5634510.46939679
1.73647115359829e-05,35.1491196860693,494237.787215289,5634510.46939679
1.56861635985561e-05,35.1491196860693,494737.787215289,5634510.46939679
7.33448187100649e-05,35.1491196860693,495237.787215289,5634510.46939679
4.55371058374934e-05,35.1491196860693,495737.787215289,5634510.46939679
0.000341904642422304,35.1491196860693,496237.787215289,5634510.46939679
0.000218812633588242,35.1491196860693,496737.787215289,5634510.46939679
0.00023393904614528,35.1491196860693,497237.787215289,5634510.46939679
2.94128740583294e-05,35.1491196860693,497737.787215289,5634510.46939679
6.74799375778498e-05,35.1491196860693,498237.787215289,5634510.46939679
2.90582127683883e-05,35.1491196860693,498737.787215289,5634510.46939679
5.52251529483845e-05,35.1491196860693,499237.787215289,5634510.46939679
0.000304206479250207,35.1491196860693,499737.787215289,5634510.46939679
0.000111694800159166,35.1491196860693,500237.787215289,5634510.46939679
6.90282112753142e-05,35.1491196860693,500737.787215289,5634510.46939679
3.08266647088294e-05,35.1491196860693,501237.787215289,5634510.46939679
2.2343434681628e-05,35.1491196860693,501737.787215289,5634510.46939679
6.97605672312645e-05,35.1491196860693,502237.787215289,5634510.46939679
3.85315279510981e-05,35.1491196860693,502737.787215289,5634510.46939679
1.78733937296361e-05,35.1491196860693,503237.787215289,5634510.46939679
0.000377894568957885,35.1491196860693,503737.787215289,5634510.46939679
2.83994881206494e-05,35.1491196860693,504237.787215289,5634510.46939679
0.000200681466115607,35.1491196860693,504737.787215289,5634510.46939679
5.10377196088759e-05,35.1491196860693,505237.787215289,5634510.46939679
7.92761962256667e-05,35.1491196860693,505737.787215289,5634510.46939679
9.54607708391668e-06,35.1491196860693,506237.787215289,5634510.46939679
0.000133761056889374,35.1491196860693,506737.787215289,5634510.46939679
1.18536938056273e-05,35.1491196860693,507237.787215289,5634510.46939679
1.18536938056273e-05,35.1491196860693,507737.787215289,5634510.46939679
1.18536938056273e-05,35.1491196860693,508237.787215289,5634510.46939679
9.93081782086972e-07,35.1491196860693,508737.787215289,5634510.46939679
0.000324410214099756,35.1491196860693,509237.787215289,5634510.46939679
0.000274102732517062,35.1491196860693,509737.787215289,5634510.46939679
1.14263834430627e-05,35.1491196860693,510237.787215289,5634510.46939679
6.15996002553171e-06,35.1491196860693,510737.787215289,5634510.46939679
8.72655650996475e-06,35.1491196860693,511237.787215289,5634510.46939679
6.64202057266e-06,35.1491196860693,511737.787215289,5634510.46939679
4.26194538041599e-05,35.1491196860693,512237.787215289,5634510.46939679
0.000269551951069397,35.1491196860693,512737.787215289,5634510.46939679
0.000163065819432844,35.1491196860693,513237.787215289,5634510.46939679
1.58603586193017e-05,35.1491196860693,513737.787215289,5634510.46939679
0.000670045191651871,35.1491196860693,514237.787215289,5634510.46939679
0.000263792736631554,35.1491196860693,514737.787215289,5634510.46939679
0.000465408485421668,35.1491196860693,515237.787215289,5634510.46939679
0.000426171093326825,35.1491196860693,515737.787215289,5634510.46939679
0.000212946910788805,35.1491196860693,516237.787215289,5634510.46939679
5.37381434667295e-05,35.1491196860693,516737.787215289,5634510.46939679
0.000405295080885311,35.1491196860693,517237.787215289,5634510.46939679
0.000231820208357996,35.1491196860693,517737.787215289,5634510.46939679
0.000343484638531861,35.1491196860693,518237.787215289,5634510.46939679
0.000461808173288126,35.1491196860693,518737.787215289,5634510.46939679
2.88789499206843e-05,35.1491196860693,519237.787215289,5634510.46939679
3.42290237514768e-05,35.1491196860693,519737.787215289,5634510.46939679
5.67463557568769e-05,35.1491196860693,520237.787215289,5634510.46939679
0.000100421471576563,35.1491196860693,520737.787215289,5634510.46939679
0.000569373910086903,35.1491196860693,521237.787215289,5634510.46939679
3.56617397251692e-05,35.1491196860693,521737.787215289,5634510.46939679
0.000331168032174819,35.1491196860693,522237.787215289,5634510.46939679
0.000463885413361598,35.1491196860693,522737.787215289,5634510.46939679
0.000517465037395876,35.1491196860693,523237.787215289,5634510.46939679
0.000503531614382058,35.1491196860693,523737.787215289,5634510.46939679
0.000473149889381832,35.1491196860693,524237.787215289,5634510.46939679
0.000372252964670009,35.1491196860693,524737.787215289,5634510.46939679
0.000456239676917492,35.1491196860693,525237.787215289,5634510.46939679
0.000349283607949027,35.1491196860693,525737.787215289,5634510.46939679
0.000405935014002805,35.1491196860693,526237.787215289,5634510.46939679
1.17053936874416e-05,35.1491196860693,526737.787215289,5634510.46939679
0.000324290973287297,35.1491196860693,527237.787215289,5634510.46939679
0.000383251668386187,35.1491196860693,527737.787215289,5634510.46939679
0.00031464198269013,35.1491196860693,528237.787215289,5634510.46939679
0.000234394574343054,35.1491196860693,528737.787215289,5634510.46939679
0.000289939298097305,35.1491196860693,529237.787215289,5634510.46939679
0.000344739112424757,35.1491196860693,529737.787215289,5634510.46939679
1.18536938056273e-05,35.1491196860693,530237.787215289,5634510.46939679
1.18536938056273e-05,35.1491196860693,530737.787215289,5634510.46939679
0.000105425564420606,35.1491196860693,485737.787215289,5635010.46939679
0.000109333091064431,35.1491196860693,486237.787215289,5635010.46939679
1.32629808052648e-05,35.1491196860693,486737.787215289,5635010.46939679
1.25385530830125e-05,35.1491196860693,487237.787215289,5635010.46939679
1.97548017231449e-05,35.1491196860693,487737.787215289,5635010.46939679
1.6691352174817e-05,35.1491196860693,488237.787215289,5635010.46939679
1.6691352174817e-05,35.1491196860693,488737.787215289,5635010.46939679
0.000110332396027483,35.1491196860693,489237.787215289,5635010.46939679
0.000110332396027483,35.1491196860693,489737.787215289,5635010.46939679
1.6691352174817e-05,35.1491196860693,490237.787215289,5635010.46939679
0.000107036435951282,35.1491196860693,490737.787215289,5635010.46939679
0.000105106311055079,35.1491196860693,491237.787215289,5635010.46939679
0.000102898443845264,35.1491196860693,491737.787215289,5635010.46939679
0.000102586843194269,35.1491196860693,492237.787215289,5635010.46939679
0.000102586843194269,35.1491196860693,492737.787215289,5635010.46939679
7.83547327773844e-05,35.1491196860693,493237.787215289,5635010.46939679
1.57567208764707e-05,35.1491196860693,493737.787215289,5635010.46939679
1.59007373788854e-05,35.1491196860693,494237.787215289,5635010.46939679
1.6120221652986e-05,35.1491196860693,494737.787215289,5635010.46939679
2.4584789019702e-05,35.1491196860693,495237.787215289,5635010.46939679
0.000153151783201474,35.1491196860693,495737.787215289,5635010.46939679
4.95009361350799e-05,35.1491196860693,496237.787215289,5635010.46939679
0.000102427036503893,35.1491196860693,496737.787215289,5635010.46939679
0.000241875157783485,35.1491196860693,497237.787215289,5635010.46939679
0.000245213857880473,35.1491196860693,497737.787215289,5635010.46939679
0.00010463761067455,35.1491196860693,498237.787215289,5635010.46939679
3.04106718008337e-05,35.1491196860693,498737.787215289,5635010.46939679
0.000106559128568335,35.1491196860693,499237.787215289,5635010.46939679
2.0183621884153e-05,35.1491196860693,499737.787215289,5635010.46939679
2.69723704287382e-05,35.1491196860693,500237.787215289,5635010.46939679
2.46236067143209e-05,35.1491196860693,500737.787215289,5635010.46939679
7.80544089736323e-05,35.1491196860693,501237.787215289,5635010.46939679
0.000404018239512839,35.1491196860693,501737.787215289,5635010.46939679
1.76578758287602e-05,35.1491196860693,502237.787215289,5635010.46939679
1.70515839383279e-05,35.1491196860693,502737.787215289,5635010.46939679
1.94292040580099e-05,35.1491196860693,503237.787215289,5635010.46939679
2.57290410848748e-05,35.1491196860693,503737.787215289,5635010.46939679
9.32244902069779e-05,35.1491196860693,504237.787215289,5635010.46939679
0.000191454231697645,35.1491196860693,504737.787215289,5635010.46939679
0.000333749858035524,35.1491196860693,505237.787215289,5635010.46939679
4.13957078886335e-05,35.1491196860693,505737.787215289,5635010.46939679
8.06573190298956e-06,35.1491196860693,506237.787215289,5635010.46939679
8.53453661856121e-05,35.1491196860693,506737.787215289,5635010.46939679
5.09705356890502e-05,35.1491196860693,507237.787215289,5635010.46939679
1.18536938056273e-05,35.1491196860693,507737.787215289,5635010.46939679
1.18536938056273e-05,35.1491196860693,508237.787215289,5635010.46939679
1.02434246135172e-05,35.1491196860693,508737.787215289,5635010.46939679
6.89231837092338e-06,35.1491196860693,509237.787215289,5635010.46939679
9.12712337603029e-06,35.1491196860693,509737.787215289,5635010.46939679
3.93161147495777e-05,35.1491196860693,510237.787215289,5635010.46939679
5.82746405751584e-05,35.1491196860693,510737.787215289,5635010.46939679
1.12981176151296e-05,35.1491196860693,511237.787215289,5635010.46939679
7.92601367649634e-08,35.1491196860693,511737.787215289,5635010.46939679
5.23938010257965e-05,35.1491196860693,512237.787215289,5635010.46939679
0.00018611938966977,35.1491196860693,512737.787215289,5635010.46939679
0.000301123559639013,35.1491196860693,513237.787215289,5635010.46939679
5.39997089993596e-05,35.1491196860693,513737.787215289,5635010.46939679
0.000339961999724234,35.1491196860693,514237.787215289,5635010.46939679
0.000463324425158928,35.1491196860693,514737.787215289,5635010.46939679
0.000466143333479369,35.1491196860693,515237.787215289,5635010.46939679
0.000535995548477186,35.1491196860693,515737.787215289,5635010.46939679
0.000496797541882295,35.1491196860693,516237.787215289,5635010.46939679
0.000276909011409926,35.1491196860693,516737.787215289,5635010.46939679
0.000409645261927019,35.1491196860693,517237.787215289,5635010.46939679
0.000346120068902442,35.1491196860693,517737.787215289,5635010.46939679
0.000461136665029626,35.1491196860693,518237.787215289,5635010.46939679
0.000180186458806591,35.1491196860693,518737.787215289,5635010.46939679
2.23109454322387e-05,35.1491196860693,519237.787215289,5635010.46939679
8.60199470793916e-05,35.1491196860693,519737.787215289,5635010.46939679
0.000199758350784808,35.1491196860693,520237.787215289,5635010.46939679
0.000373927380196646,35.1491196860693,520737.787215289,5635010.46939679
0.000520613342169475,35.1491196860693,521237.787215289,5635010.46939679
0.00054076200071214,35.1491196860693,521737.787215289,5635010.46939679
0.000318365189005335,35.1491196860693,522237.787215289,5635010.46939679
0.000500486607931376,35.1491196860693,522737.787215289,5635010.46939679
0.000559989517456129,35.1491196860693,523237.787215289,5635010.46939679
0.000386659813801796,35.1491196860693,523737.787215289,5635010.46939679
0.000430013600667889,35.1491196860693,524237.787215289,5635010.46939679
0.000424828484177653,35.1491196860693,524737.787215289,5635010.46939679
0.000519100411010075,35.1491196860693,525237.787215289,5635010.46939679
0.000179924452410522,35.1491196860693,525737.787215289,5635010.46939679
0.00043399710709341,35.1491196860693,526237.787215289,5635010.46939679
0.000428140498201504,35.1491196860693,526737.787215289,5635010.46939679
0.000209132590981546,35.1491196860693,527237.787215289,5635010.46939679
0.000381535499477086,35.1491196860693,527737.787215289,5635010.46939679
0.000293442103615136,35.1491196860693,528237.787215289,5635010.46939679
0.000401821146939145,35.1491196860693,528737.787215289,5635010.46939679
0.000258378115086713,35.1491196860693,529237.787215289,5635010.46939679
1.18536938056273e-05,35.1491196860693,529737.787215289,5635010.46939679
1.18536938056273e-05,35.1491196860693,530237.787215289,5635010.46939679
1.18536938056273e-05,35.1491196860693,530737.787215289,5635010.46939679
0.000102898443845264,35.1491196860693,485237.787215289,5635510.46939679
0.000109002004790646,35.1491196860693,485737.787215289,5635510.46939679
0.000112018242497917,35.1491196860693,486237.787215289,5635510.46939679
1.73100057594861e-05,35.1491196860693,486737.787215289,5635510.46939679
1.9367994305547e-05,35.1491196860693,487237.787215289,5635510.46939679
1.83101090378706e-05,35.1491196860693,487737.787215289,5635510.46939679
0.000114421791038303,35.1491196860693,488237.787215289,5635510.46939679
0.000114421791038303,35.1491196860693,488737.787215289,5635510.46939679
0.000114421791038303,35.1491196860693,489237.787215289,5635510.46939679
1.71532252010216e-05,35.1491196860693,489737.787215289,5635510.46939679
1.67929038931596e-05,35.1491196860693,490237.787215289,5635510.46939679
7.83547327773844e-05,35.1491196860693,490737.787215289,5635510.46939679
0.000109665182990551,35.1491196860693,491237.787215289,5635510.46939679
1.63407329894957e-05,35.1491196860693,491737.787215289,5635510.46939679
4.01394136922138e-05,35.1491196860693,492237.787215289,5635510.46939679
2.70903737799431e-05,35.1491196860693,492737.787215289,5635510.46939679
1.63407329894957e-05,35.1491196860693,493237.787215289,5635510.46939679
2.06441891364092e-05,35.1491196860693,493737.787215289,5635510.46939679
1.74958004124147e-05,35.1491196860693,494237.787215289,5635510.46939679
1.59490348014816e-05,35.1491196860693,494737.787215289,5635510.46939679
2.07395892406294e-05,35.1491196860693,495237.787215289,5635510.46939679
2.41034083970982e-05,35.1491196860693,495737.787215289,5635510.46939679
0.000153374803175861,35.1491196860693,496237.787215289,5635510.46939679
0.000142815253562505,35.1491196860693,496737.787215289,5635510.46939679
3.60969983803825e-05,35.1491196860693,497237.787215289,5635510.46939679
6.87106881810331e-05,35.1491196860693,497737.787215289,5635510.46939679
4.34433322648205e-05,35.1491196860693,498237.787215289,5635510.46939679
7.20222348689495e-05,35.1491196860693,498737.787215289,5635510.46939679
1.69752283719474e-05,35.1491196860693,499237.787215289,5635510.46939679
3.80669136675896e-05,35.1491196860693,499737.787215289,5635510.46939679
2.05841959812686e-05,35.1491196860693,500237.787215289,5635510.46939679
2.3383367188554e-05,35.1491196860693,500737.787215289,5635510.46939679
8.29354602983846e-05,35.1491196860693,501237.787215289,5635510.46939679
0.000111167391248326,35.1491196860693,501737.787215289,5635510.46939679
1.97260765656674e-05,35.1491196860693,502237.787215289,5635510.46939679
1.60460701928049e-05,35.1491196860693,502737.787215289,5635510.46939679
1.71803089663957e-05,35.1491196860693,503237.787215289,5635510.46939679
1.86486327447603e-05,35.1491196860693,503737.787215289,5635510.46939679
2.09621948733707e-05,35.1491196860693,504237.787215289,5635510.46939679
0.00010088553527948,35.1491196860693,504737.787215289,5635510.46939679
0.000445303309811831,35.1491196860693,505237.787215289,5635510.46939679
0.000376294602030199,35.1491196860693,505737.787215289,5635510.46939679
0.000119547983576538,35.1491196860693,506237.787215289,5635510.46939679
1.49614843425136e-05,35.1491196860693,506737.787215289,5635510.46939679
8.42646232053705e-05,35.1491196860693,507237.787215289,5635510.46939679
1.18536938056273e-05,35.1491196860693,507737.787215289,5635510.46939679
1.18536938056273e-05,35.1491196860693,508237.787215289,5635510.46939679
1.18536938056273e-05,35.1491196860693,508737.787215289,5635510.46939679
3.1112800039605e-07,35.1491196860693,509237.787215289,5635510.46939679
7.29292074555876e-05,35.1491196860693,509737.787215289,5635510.46939679
2.00376125943029e-05,35.1491196860693,510237.787215289,5635510.46939679
0.000133761056889374,35.1491196860693,510737.787215289,5635510.46939679
1.77074423674447e-05,35.1491196860693,511237.787215289,5635510.46939679
3.55257630169972e-06,35.1491196860693,511737.787215289,5635510.46939679
3.18686090874585e-07,35.1491196860693,512237.787215289,5635510.46939679
0.000172550536840454,35.1491196860693,512737.787215289,5635510.46939679
0.000302552173253438,35.1491196860693,513237.787215289,5635510.46939679
3.31262336635957e-05,35.1491196860693,513737.787215289,5635510.46939679
6.9904971479518e-05,35.1491196860693,514237.787215289,5635510.46939679
0.000455025325981933,35.1491196860693,514737.787215289,5635510.46939679
0.000409149867692577,35.1491196860693,515237.787215289,5635510.46939679
0.000451560668277227,35.1491196860693,515737.787215289,5635510.46939679
0.000396878694437117,35.1491196860693,516237.787215289,5635510.46939679
0.000237571784220537,35.1491196860693,516737.787215289,5635510.46939679
0.000438655357529882,35.1491196860693,517237.787215289,5635510.46939679
0.000296051598739825,35.1491196860693,517737.787215289,5635510.46939679
0.000372886418423954,35.1491196860693,518237.787215289,5635510.46939679
8.3846184101215e-05,35.1491196860693,518737.787215289,5635510.46939679
5.39013694708264e-05,35.1491196860693,519237.787215289,5635510.46939679
0.000290219216002451,35.1491196860693,519737.787215289,5635510.46939679
0.000274367361227915,35.1491196860693,520237.787215289,5635510.46939679
0.000348732982503046,35.1491196860693,520737.787215289,5635510.46939679
0.000365540346593658,35.1491196860693,521237.787215289,5635510.46939679
0.000229024913550436,35.1491196860693,521737.787215289,5635510.46939679
0.000515961255384231,35.1491196860693,522237.787215289,5635510.46939679
0.000388446630725955,35.1491196860693,522737.787215289,5635510.46939679
0.000514398803542804,35.1491196860693,523237.787215289,5635510.46939679
0.000496014369234522,35.1491196860693,523737.787215289,5635510.46939679
0.000371171176971136,35.1491196860693,524237.787215289,5635510.46939679
0.000460466133201097,35.1491196860693,524737.787215289,5635510.46939679
0.000445357882018197,35.1491196860693,525237.787215289,5635510.46939679
0.00039745663009296,35.1491196860693,525737.787215289,5635510.46939679
0.000463324425158928,35.1491196860693,526237.787215289,5635510.46939679
0.000403579102994549,35.1491196860693,526737.787215289,5635510.46939679
0.000344654631955889,35.1491196860693,527237.787215289,5635510.46939679
0.000280834521932097,35.1491196860693,527737.787215289,5635510.46939679
0.000639451625692742,35.1491196860693,528237.787215289,5635510.46939679
1.18536938056273e-05,35.1491196860693,528737.787215289,5635510.46939679
1.18536938056273e-05,35.1491196860693,529237.787215289,5635510.46939679
1.18536938056273e-05,35.1491196860693,529737.787215289,5635510.46939679
1.18536938056273e-05,35.1491196860693,530237.787215289,5635510.46939679
1.18536938056273e-05,35.1491196860693,530737.787215289,5635510.46939679
1.18536938056273e-05,35.1491196860693,531237.787215289,5635510.46939679
0.000105106311055079,35.1491196860693,485237.787215289,5636010.46939679
0.00011066752327536,35.1491196860693,485737.787215289,5636010.46939679
1.18536938056273e-05,35.1491196860693,486237.787215289,5636010.46939679
1.76278788989238e-05,35.1491196860693,486737.787215289,5636010.46939679
2.20686075216158e-05,35.1491196860693,487237.787215289,5636010.46939679
1.86463476228939e-05,35.1491196860693,487737.787215289,5636010.46939679
0.000116522981207896,35.1491196860693,488237.787215289,5636010.46939679
0.000116522981207896,35.1491196860693,488737.787215289,5636010.46939679
0.000115117943715095,35.1491196860693,489237.787215289,5636010.46939679
1.89037306596122e-05,35.1491196860693,489737.787215289,5636010.46939679
1.64401515085397e-05,35.1491196860693,490237.787215289,5636010.46939679
1.25385530830125e-05,35.1491196860693,490737.787215289,5636010.46939679
2.40654107650987e-05,35.1491196860693,491237.787215289,5636010.46939679
1.93398315988669e-05,35.1491196860693,491737.787215289,5636010.46939679
2.20365178942304e-05,35.1491196860693,492237.787215289,5636010.46939679
0.000110332396027483,35.1491196860693,492737.787215289,5636010.46939679
1.6742051036793e-05,35.1491196860693,493237.787215289,5636010.46939679
1.68439112116644e-05,35.1491196860693,493737.787215289,5636010.46939679
2.48818019986189e-05,35.1491196860693,494237.787215289,5636010.46939679
1.72324930018094e-05,35.1491196860693,494737.787215289,5636010.46939679
1.60460701928049e-05,35.1491196860693,495237.787215289,5636010.46939679
1.58045808586067e-05,35.1491196860693,495737.787215289,5636010.46939679
1.86486327447603e-05,35.1491196860693,496237.787215289,5636010.46939679
1.63665338854288e-05,35.1491196860693,496737.787215289,5636010.46939679
1.5974217232858e-05,35.1491196860693,497237.787215289,5636010.46939679
1.46950679643462e-05,35.1491196860693,497737.787215289,5636010.46939679
1.73394617723855e-05,35.1491196860693,498237.787215289,5636010.46939679
1.46505678477945e-05,35.1491196860693,498737.787215289,5636010.46939679
4.82382011152159e-05,35.1491196860693,499237.787215289,5636010.46939679
2.96312850325129e-05,35.1491196860693,499737.787215289,5636010.46939679
2.12180426480787e-05,35.1491196860693,500237.787215289,5636010.46939679
1.82016126716854e-05,35.1491196860693,500737.787215289,5636010.46939679
1.76300392067945e-05,35.1491196860693,501237.787215289,5636010.46939679
2.00274851976838e-05,35.1491196860693,501737.787215289,5636010.46939679
1.70764144935698e-05,35.1491196860693,502237.787215289,5636010.46939679
1.64401515085397e-05,35.1491196860693,502737.787215289,5636010.46939679
1.18536938056273e-05,35.1491196860693,503237.787215289,5636010.46939679
1.99063729976232e-05,35.1491196860693,503737.787215289,5636010.46939679
2.2512108704342e-05,35.1491196860693,504237.787215289,5636010.46939679
4.96512919062909e-05,35.1491196860693,504737.787215289,5636010.46939679
0.000432629842875302,35.1491196860693,505237.787215289,5636010.46939679
0.000196490020552581,35.1491196860693,505737.787215289,5636010.46939679
5.35040647098945e-05,35.1491196860693,506237.787215289,5636010.46939679
2.09573801648411e-05,35.1491196860693,506737.787215289,5636010.46939679
4.8667917624212e-05,35.1491196860693,507237.787215289,5636010.46939679
0.000140338653348808,35.1491196860693,507737.787215289,5636010.46939679
1.18536938056273e-05,35.1491196860693,508237.787215289,5636010.46939679
1.18536938056273e-05,35.1491196860693,508737.787215289,5636010.46939679
1.18536938056273e-05,35.1491196860693,509237.787215289,5636010.46939679
2.67619862739191e-08,35.1491196860693,509737.787215289,5636010.46939679
3.93140641673328e-06,35.1491196860693,510237.787215289,5636010.46939679
1.43041157184571e-06,35.1491196860693,510737.787215289,5636010.46939679
0.000141489238692083,35.1491196860693,511237.787215289,5636010.46939679
4.20459886720897e-06,35.1491196860693,511737.787215289,5636010.46939679
1.26060024899836e-07,35.1491196860693,512237.787215289,5636010.46939679
1.54652446153911e-05,35.1491196860693,512737.787215289,5636010.46939679
0.000151894893423886,35.1491196860693,513237.787215289,5636010.46939679
0.000197494815217484,35.1491196860693,513737.787215289,5636010.46939679
2.76517322144389e-05,35.1491196860693,514237.787215289,5636010.46939679
0.000318521281129011,35.1491196860693,514737.787215289,5636010.46939679
0.000256752690985369,35.1491196860693,515237.787215289,5636010.46939679
0.000303396787674989,35.1491196860693,515737.787215289,5636010.46939679
0.000440736460106375,35.1491196860693,516237.787215289,5636010.46939679
0.000390905769569815,35.1491196860693,516737.787215289,5636010.46939679
0.0004140928761898,35.1491196860693,517237.787215289,5636010.46939679
0.0004140928761898,35.1491196860693,517737.787215289,5636010.46939679
0.00029741970059104,35.1491196860693,518237.787215289,5636010.46939679
0.000383809760335758,35.1491196860693,518737.787215289,5636010.46939679
0.000464674795809511,35.1491196860693,519237.787215289,5636010.46939679
1.26274177859151e-05,35.1491196860693,519737.787215289,5636010.46939679
0.000486302196976659,35.1491196860693,520237.787215289,5636010.46939679
0.000418434921980818,35.1491196860693,520737.787215289,5636010.46939679
0.000391997034745325,35.1491196860693,521237.787215289,5636010.46939679
0.000474645211362521,35.1491196860693,521737.787215289,5636010.46939679
0.000371171176971136,35.1491196860693,522237.787215289,5636010.46939679
0.000151103579708209,35.1491196860693,522737.787215289,5636010.46939679
0.000464674795809511,35.1491196860693,523237.787215289,5636010.46939679
2.14510404082594e-05,35.1491196860693,523737.787215289,5636010.46939679
0.000437327006100443,35.1491196860693,524237.787215289,5636010.46939679
0.000347213931457633,35.1491196860693,524737.787215289,5636010.46939679
0.000497581951105931,35.1491196860693,525237.787215289,5636010.46939679
0.000152744146556477,35.1491196860693,525737.787215289,5636010.46939679
0.000368435289605396,35.1491196860693,526237.787215289,5636010.46939679
0.00025020310546911,35.1491196860693,526737.787215289,5636010.46939679
0.00027327268507708,35.1491196860693,527237.787215289,5636010.46939679
1.18536938056273e-05,35.1491196860693,527737.787215289,5636010.46939679
1.18536938056273e-05,35.1491196860693,528237.787215289,5636010.46939679
1.18536938056273e-05,35.1491196860693,528737.787215289,5636010.46939679
1.18536938056273e-05,35.1491196860693,529237.787215289,5636010.46939679
1.18536938056273e-05,35.1491196860693,529737.787215289,5636010.46939679
1.18536938056273e-05,35.1491196860693,530237.787215289,5636010.46939679
8.1139349506258e-06,35.1491196860693,530737.787215289,5636010.46939679
1.00806127618306e-05,35.1491196860693,531237.787215289,5636010.46939679
0.000109665182990551,35.1491196860693,484737.787215289,5636510.46939679
0.000111679024955053,35.1491196860693,485237.787215289,5636510.46939679
0.000115467606742887,35.1491196860693,485737.787215289,5636510.46939679
2.4993721793896e-05,35.1491196860693,486237.787215289,5636510.46939679
1.81706920500026e-05,35.1491196860693,486737.787215289,5636510.46939679
2.05168331918908e-05,35.1491196860693,487237.787215289,5636510.46939679
2.04547034031394e-05,35.1491196860693,487737.787215289,5636510.46939679
1.86463476228939e-05,35.1491196860693,488237.787215289,5636510.46939679
0.000113729848205204,35.1491196860693,488737.787215289,5636510.46939679
7.83547327773844e-05,35.1491196860693,489237.787215289,5636510.46939679
0.000105745787496803,35.1491196860693,489737.787215289,5636510.46939679
1.18536938056273e-05,35.1491196860693,490237.787215289,5636510.46939679
9.92208892548009e-05,35.1491196860693,490737.787215289,5636510.46939679
2.09621948733707e-05,35.1491196860693,491237.787215289,5636510.46939679
5.47979415964971e-05,35.1491196860693,491737.787215289,5636510.46939679
5.9748825579323e-05,35.1491196860693,492237.787215289,5636510.46939679
1.57567208764707e-05,35.1491196860693,492737.787215289,5636510.46939679
6.47530484988228e-05,35.1491196860693,493237.787215289,5636510.46939679
2.82242890072551e-05,35.1491196860693,493737.787215289,5636510.46939679
9.46373350560524e-05,35.1491196860693,494237.787215289,5636510.46939679
2.63193735451966e-05,35.1491196860693,494737.787215289,5636510.46939679
1.70494945118349e-05,35.1491196860693,495237.787215289,5636510.46939679
1.89037306596122e-05,35.1491196860693,495737.787215289,5636510.46939679
1.78170854010706e-05,35.1491196860693,496237.787215289,5636510.46939679
2.1903256471865e-05,35.1491196860693,496737.787215289,5636510.46939679
2.03334992647016e-05,35.1491196860693,497237.787215289,5636510.46939679
8.62706543712875e-05,35.1491196860693,497737.787215289,5636510.46939679
0.000105425564420606,35.1491196860693,498237.787215289,5636510.46939679
1.59490348014816e-05,35.1491196860693,498737.787215289,5636510.46939679
1.25385530830125e-05,35.1491196860693,499237.787215289,5636510.46939679
1.32629808052648e-05,35.1491196860693,499737.787215289,5636510.46939679
1.63407329894957e-05,35.1491196860693,500237.787215289,5636510.46939679
1.64900873653515e-05,35.1491196860693,500737.787215289,5636510.46939679
1.68439112116644e-05,35.1491196860693,501237.787215289,5636510.46939679
1.18536938056273e-05,35.1491196860693,501737.787215289,5636510.46939679
1.71532252010216e-05,35.1491196860693,502237.787215289,5636510.46939679
1.68950734614758e-05,35.1491196860693,502737.787215289,5636510.46939679
1.32629808052648e-05,35.1491196860693,503237.787215289,5636510.46939679
2.49967847905402e-05,35.1491196860693,503737.787215289,5636510.46939679
3.20157876832748e-05,35.1491196860693,504237.787215289,5636510.46939679
4.86790984987421e-05,35.1491196860693,504737.787215289,5636510.46939679
6.22573464726033e-05,35.1491196860693,505237.787215289,5636510.46939679
0.000315520347414296,35.1491196860693,505737.787215289,5636510.46939679
0.00027947420661427,35.1491196860693,506237.787215289,5636510.46939679
0.000361221169974052,35.1491196860693,506737.787215289,5636510.46939679
0.00014966392409879,35.1491196860693,507237.787215289,5636510.46939679
7.21105472713387e-05,35.1491196860693,507737.787215289,5636510.46939679
3.48202379497585e-05,35.1491196860693,508237.787215289,5636510.46939679
1.18536938056273e-05,35.1491196860693,508737.787215289,5636510.46939679
1.18536938056273e-05,35.1491196860693,509237.787215289,5636510.46939679
1.18536938056273e-05,35.1491196860693,509737.787215289,5636510.46939679
1.18536938056273e-05,35.1491196860693,510237.787215289,5636510.46939679
1.18536938056273e-05,35.1491196860693,510737.787215289,5636510.46939679
1.08022711825704e-05,35.1491196860693,511237.787215289,5636510.46939679
2.80677942857146e-05,35.1491196860693,511737.787215289,5636510.46939679
2.96894397936477e-05,35.1491196860693,512237.787215289,5636510.46939679
7.67107548807113e-09,35.1491196860693,512737.787215289,5636510.46939679
1.11246054763271e-06,35.1491196860693,513237.787215289,5636510.46939679
5.19268813217689e-06,35.1491196860693,513737.787215289,5636510.46939679
2.36231305839161e-05,35.1491196860693,514237.787215289,5636510.46939679
0.000206712163919013,35.1491196860693,514737.787215289,5636510.46939679
0.000215390858053304,35.1491196860693,515237.787215289,5636510.46939679
0.00020576130796171,35.1491196860693,515737.787215289,5636510.46939679
0.000373612506184668,35.1491196860693,516237.787215289,5636510.46939679
0.00027998408905298,35.1491196860693,516737.787215289,5636510.46939679
0.000302038202241241,35.1491196860693,517237.787215289,5636510.46939679
0.000337947558328235,35.1491196860693,517737.787215289,5636510.46939679
0.000359647721452104,35.1491196860693,518237.787215289,5636510.46939679
0.000320925847238635,35.1491196860693,518737.787215289,5636510.46939679
0.00048565458231764,35.1491196860693,519237.787215289,5636510.46939679
0.000330767542412045,35.1491196860693,519737.787215289,5636510.46939679
0.000249778064253938,35.1491196860693,520237.787215289,5636510.46939679
0.000404755344406139,35.1491196860693,520737.787215289,5636510.46939679
0.000335292169580419,35.1491196860693,521237.787215289,5636510.46939679
0.00038264749425369,35.1491196860693,521737.787215289,5636510.46939679
0.000393856777308552,35.1491196860693,522237.787215289,5636510.46939679
0.000438017515429516,35.1491196860693,522737.787215289,5636510.46939679
0.000312700926704552,35.1491196860693,523237.787215289,5636510.46939679
0.000335333259850956,35.1491196860693,523737.787215289,5636510.46939679
0.000313689172881032,35.1491196860693,524237.787215289,5636510.46939679
0.000100470707489604,35.1491196860693,524737.787215289,5636510.46939679
3.51934352717409e-05,35.1491196860693,525237.787215289,5636510.46939679
0.000346247336207499,35.1491196860693,525737.787215289,5636510.46939679
0.000340045329952443,35.1491196860693,526237.787215289,5636510.46939679
1.18536938056273e-05,35.1491196860693,526737.787215289,5636510.46939679
1.18536938056273e-05,35.1491196860693,527237.787215289,5636510.46939679
1.18536938056273e-05,35.1491196860693,527737.787215289,5636510.46939679
1.18536938056273e-05,35.1491196860693,528237.787215289,5636510.46939679
1.18536938056273e-05,35.1491196860693,528737.787215289,5636510.46939679
1.18536938056273e-05,35.1491196860693,529237.787215289,5636510.46939679
3.64525629330217e-05,35.1491196860693,529737.787215289,5636510.46939679
5.59336073662798e-07,35.1491196860693,530237.787215289,5636510.46939679
2.39811461471056e-05,35.1491196860693,530737.787215289,5636510.46939679
2.29118206555162e-05,35.1491196860693,531237.787215289,5636510.46939679
0.000177863864732015,35.1491196860693,531737.787215289,5636510.46939679
1.78712036021668e-05,35.1491196860693,484737.787215289,5637010.46939679
1.71532252010216e-05,35.1491196860693,485237.787215289,5637010.46939679
0.000117231917718499,35.1491196860693,485737.787215289,5637010.46939679
0.000119023186845463,35.1491196860693,486237.787215289,5637010.46939679
1.93961980228244e-05,35.1491196860693,486737.787215289,5637010.46939679
1.96329324932324e-05,35.1491196860693,487237.787215289,5637010.46939679
0.000120111059329218,35.1491196860693,487737.787215289,5637010.46939679
1.40292630797365e-05,35.1491196860693,488237.787215289,5637010.46939679
0.0001123584903913,35.1491196860693,488737.787215289,5637010.46939679
1.64900873653515e-05,35.1491196860693,489237.787215289,5637010.46939679
1.85358588783689e-05,35.1491196860693,489737.787215289,5637010.46939679
1.49649215653779e-05,35.1491196860693,490237.787215289,5637010.46939679
1.45178744078896e-05,35.1491196860693,490737.787215289,5637010.46939679
4.46454699425479e-05,35.1491196860693,491237.787215289,5637010.46939679
9.32244902069779e-05,35.1491196860693,491737.787215289,5637010.46939679
4.37712926575543e-05,35.1491196860693,492237.787215289,5637010.46939679
1.81464939143386e-05,35.1491196860693,492737.787215289,5637010.46939679
1.64162461336513e-05,35.1491196860693,493237.787215289,5637010.46939679
3.65907755459945e-05,35.1491196860693,493737.787215289,5637010.46939679
4.99472538545756e-05,35.1491196860693,494237.787215289,5637010.46939679
1.73899980683434e-05,35.1491196860693,494737.787215289,5637010.46939679
2.77556961931366e-05,35.1491196860693,495237.787215289,5637010.46939679
1.808932521112e-05,35.1491196860693,495737.787215289,5637010.46939679
1.91925740887226e-05,35.1491196860693,496237.787215289,5637010.46939679
1.68439112116644e-05,35.1491196860693,496737.787215289,5637010.46939679
1.75489427319212e-05,35.1491196860693,497237.787215289,5637010.46939679
0.000108014749475872,35.1491196860693,497737.787215289,5637010.46939679
0.000108014749475872,35.1491196860693,498237.787215289,5637010.46939679
1.72848355427283e-05,35.1491196860693,498737.787215289,5637010.46939679
0.000108671921123845,35.1491196860693,499237.787215289,5637010.46939679
0.000109665182990551,35.1491196860693,499737.787215289,5637010.46939679
0.00011066752327536,35.1491196860693,500237.787215289,5637010.46939679
1.68439112116644e-05,35.1491196860693,500737.787215289,5637010.46939679
1.71532252010216e-05,35.1491196860693,501237.787215289,5637010.46939679
1.25385530830125e-05,35.1491196860693,501737.787215289,5637010.46939679
2.54928832884082e-05,35.1491196860693,502237.787215289,5637010.46939679
1.6590414570124e-05,35.1491196860693,502737.787215289,5637010.46939679
1.40292630797365e-05,35.1491196860693,503237.787215289,5637010.46939679
1.56614352671067e-05,35.1491196860693,503737.787215289,5637010.46939679
3.91202783339015e-05,35.1491196860693,504237.787215289,5637010.46939679
3.18724236643945e-05,35.1491196860693,504737.787215289,5637010.46939679
0.000440574462205879,35.1491196860693,505237.787215289,5637010.46939679
0.000364478066134085,35.1491196860693,505737.787215289,5637010.46939679
8.38564595048802e-05,35.1491196860693,506237.787215289,5637010.46939679
0.000126454990538892,35.1491196860693,506737.787215289,5637010.46939679
3.47440511070631e-05,35.1491196860693,507237.787215289,5637010.46939679
0.000177132512376088,35.1491196860693,507737.787215289,5637010.46939679
0.000177132512376088,35.1491196860693,508237.787215289,5637010.46939679
3.51384950872736e-05,35.1491196860693,508737.787215289,5637010.46939679
0.000196580128195936,35.1491196860693,509237.787215289,5637010.46939679
0.000125426663154824,35.1491196860693,509737.787215289,5637010.46939679
1.18536938056273e-05,35.1491196860693,510237.787215289,5637010.46939679
1.18536938056273e-05,35.1491196860693,510737.787215289,5637010.46939679
2.94958909465431e-05,35.1491196860693,511237.787215289,5637010.46939679
7.29292074555876e-05,35.1491196860693,511737.787215289,5637010.46939679
4.89227864420379e-05,35.1491196860693,512237.787215289,5637010.46939679
3.17613112386991e-05,35.1491196860693,512737.787215289,5637010.46939679
1.41803341611716e-07,35.1491196860693,513237.787215289,5637010.46939679
9.61749237476578e-07,35.1491196860693,513737.787215289,5637010.46939679
1.09571829524682e-06,35.1491196860693,514237.787215289,5637010.46939679
4.84281632061792e-06,35.1491196860693,514737.787215289,5637010.46939679
1.18536938056273e-05,35.1491196860693,515237.787215289,5637010.46939679
0.000214426355810033,35.1491196860693,515737.787215289,5637010.46939679
0.00026514169844479,35.1491196860693,516237.787215289,5637010.46939679
0.000255634298222934,35.1491196860693,516737.787215289,5637010.46939679
0.000276608032772673,35.1491196860693,517237.787215289,5637010.46939679
0.000221619033341105,35.1491196860693,517737.787215289,5637010.46939679
8.13713557367806e-05,35.1491196860693,518237.787215289,5637010.46939679
0.000137578263036885,35.1491196860693,518737.787215289,5637010.46939679
0.000368435289605396,35.1491196860693,519237.787215289,5637010.46939679
0.000329286393028357,35.1491196860693,519737.787215289,5637010.46939679
0.000412238602932256,35.1491196860693,520237.787215289,5637010.46939679
0.000342528425114084,35.1491196860693,520737.787215289,5637010.46939679
0.000588049402014214,35.1491196860693,521237.787215289,5637010.46939679
0.000304761484105184,35.1491196860693,521737.787215289,5637010.46939679
0.000186367577681304,35.1491196860693,522237.787215289,5637010.46939679
0.000343610936797122,35.1491196860693,522737.787215289,5637010.46939679
0.000384462880005876,35.1491196860693,523237.787215289,5637010.46939679
0.000328329468562489,35.1491196860693,523737.787215289,5637010.46939679
0.000309006093715152,35.1491196860693,524237.787215289,5637010.46939679
0.000282989261169843,35.1491196860693,524737.787215289,5637010.46939679
0.000255634298222934,35.1491196860693,525237.787215289,5637010.46939679
7.81999136450229e-06,35.1491196860693,525737.787215289,5637010.46939679
1.18536938056273e-05,35.1491196860693,526237.787215289,5637010.46939679
1.18536938056273e-05,35.1491196860693,526737.787215289,5637010.46939679
1.18536938056273e-05,35.1491196860693,527237.787215289,5637010.46939679
1.18536938056273e-05,35.1491196860693,527737.787215289,5637010.46939679
1.18536938056273e-05,35.1491196860693,528237.787215289,5637010.46939679
9.93796943394753e-07,35.1491196860693,528737.787215289,5637010.46939679
2.16630250934421e-05,35.1491196860693,529237.787215289,5637010.46939679
4.0305762713073e-05,35.1491196860693,529737.787215289,5637010.46939679
2.72026439089381e-05,35.1491196860693,530237.787215289,5637010.46939679
2.35801102127485e-05,35.1491196860693,530737.787215289,5637010.46939679
4.87858421484231e-05,35.1491196860693,531237.787215289,5637010.46939679
6.91710995480608e-05,35.1491196860693,531737.787215289,5637010.46939679
0.000118575823721889,35.1491196860693,484237.787215289,5637510.46939679
2.18687272523746e-05,35.1491196860693,484737.787215289,5637510.46939679
1.9783568710262e-05,35.1491196860693,485237.787215289,5637510.46939679
0.000120111059329218,35.1491196860693,485737.787215289,5637510.46939679
0.000121577038795245,35.1491196860693,486237.787215289,5637510.46939679
1.8616952732203e-05,35.1491196860693,486737.787215289,5637510.46939679
1.85605762276212e-05,35.1491196860693,487237.787215289,5637510.46939679
0.000266073349659308,35.1491196860693,487737.787215289,5637510.46939679
0.000113385447518332,35.1491196860693,488237.787215289,5637510.46939679
0.000109665182990551,35.1491196860693,488737.787215289,5637510.46939679
2.11845936286285e-05,35.1491196860693,489237.787215289,5637510.46939679
9.95222660466142e-05,35.1491196860693,489737.787215289,5637510.46939679
9.33813816280532e-05,35.1491196860693,490237.787215289,5637510.46939679
1.35396922236758e-05,35.1491196860693,490737.787215289,5637510.46939679
4.64465490165862e-05,35.1491196860693,491237.787215289,5637510.46939679
0.000152929087517048,35.1491196860693,491737.787215289,5637510.46939679
6.10383211564769e-05,35.1491196860693,492237.787215289,5637510.46939679
1.9225233622046e-05,35.1491196860693,492737.787215289,5637510.46939679
1.5450090768385e-05,35.1491196860693,493237.787215289,5637510.46939679
3.10593799389354e-05,35.1491196860693,493737.787215289,5637510.46939679
0.000286232669140444,35.1491196860693,494237.787215289,5637510.46939679
1.66670815328508e-05,35.1491196860693,494737.787215289,5637510.46939679
0.00010638915457188,35.1491196860693,495237.787215289,5637510.46939679
1.73899980683434e-05,35.1491196860693,495737.787215289,5637510.46939679
1.98148056075179e-05,35.1491196860693,496237.787215289,5637510.46939679
2.42470842499435e-05,35.1491196860693,496737.787215289,5637510.46939679
1.72053269713157e-05,35.1491196860693,497237.787215289,5637510.46939679
1.18536938056273e-05,35.1491196860693,497737.787215289,5637510.46939679
1.69978646388213e-05,35.1491196860693,498237.787215289,5637510.46939679
0.0001123584903913,35.1491196860693,498737.787215289,5637510.46939679
0.000113042089757614,35.1491196860693,499237.787215289,5637510.46939679
3.19149251655335e-05,35.1491196860693,499737.787215289,5637510.46939679
1.73625837402041e-05,35.1491196860693,500237.787215289,5637510.46939679
1.74682192929873e-05,35.1491196860693,500737.787215289,5637510.46939679
1.86463476228939e-05,35.1491196860693,501237.787215289,5637510.46939679
2.15396083889718e-05,35.1491196860693,501737.787215289,5637510.46939679
5.44598879406442e-05,35.1491196860693,502237.787215289,5637510.46939679
1.8933578352969e-05,35.1491196860693,502737.787215289,5637510.46939679
1.5566725878355e-05,35.1491196860693,503237.787215289,5637510.46939679
1.49649215653779e-05,35.1491196860693,503737.787215289,5637510.46939679
1.52637931250212e-05,35.1491196860693,504237.787215289,5637510.46939679
1.91972785015099e-05,35.1491196860693,504737.787215289,5637510.46939679
8.78764244281996e-05,35.1491196860693,505237.787215289,5637510.46939679
0.00011852147139171,35.1491196860693,505737.787215289,5637510.46939679
0.000117462389485489,35.1491196860693,506237.787215289,5637510.46939679
2.34490054672216e-05,35.1491196860693,506737.787215289,5637510.46939679
0.000198191816842536,35.1491196860693,507237.787215289,5637510.46939679
2.34490054672216e-05,35.1491196860693,507737.787215289,5637510.46939679
0.000126454990538892,35.1491196860693,508237.787215289,5637510.46939679
3.67514241778371e-05,35.1491196860693,508737.787215289,5637510.46939679
8.06837784069362e-05,35.1491196860693,509237.787215289,5637510.46939679
2.2168214228124e-05,35.1491196860693,509737.787215289,5637510.46939679
1.07695593687963e-05,35.1491196860693,510237.787215289,5637510.46939679
1.27842006541656e-06,35.1491196860693,510737.787215289,5637510.46939679
5.38502092436104e-05,35.1491196860693,511237.787215289,5637510.46939679
7.71427669702256e-05,35.1491196860693,511737.787215289,5637510.46939679
0.00012910500567657,35.1491196860693,512237.787215289,5637510.46939679
5.00514140924473e-05,35.1491196860693,512737.787215289,5637510.46939679
6.10416790238972e-06,35.1491196860693,513237.787215289,5637510.46939679
5.21612534099325e-06,35.1491196860693,513737.787215289,5637510.46939679
6.12056999245315e-08,35.1491196860693,514237.787215289,5637510.46939679
6.39759561710067e-08,35.1491196860693,514737.787215289,5637510.46939679
1.18536938056273e-05,35.1491196860693,515237.787215289,5637510.46939679
1.10238474590561e-06,35.1491196860693,515737.787215289,5637510.46939679
1.52962305860275e-06,35.1491196860693,516237.787215289,5637510.46939679
0.000456504840316208,35.1491196860693,516737.787215289,5637510.46939679
0.000239541310258649,35.1491196860693,517237.787215289,5637510.46939679
0.000247307342715132,35.1491196860693,517737.787215289,5637510.46939679
0.000253750028403103,35.1491196860693,518237.787215289,5637510.46939679
0.000314719106569396,35.1491196860693,518737.787215289,5637510.46939679
0.000318521281129011,35.1491196860693,519237.787215289,5637510.46939679
0.00028467610656427,35.1491196860693,519737.787215289,5637510.46939679
0.000308070350701312,35.1491196860693,520237.787215289,5637510.46939679
0.000285956596279956,35.1491196860693,520737.787215289,5637510.46939679
0.000186661839296138,35.1491196860693,521237.787215289,5637510.46939679
0.000303396787674989,35.1491196860693,521737.787215289,5637510.46939679
0.000450248408006391,35.1491196860693,522237.787215289,5637510.46939679
0.000337947558328235,35.1491196860693,522737.787215289,5637510.46939679
0.000336924173763394,35.1491196860693,523237.787215289,5637510.46939679
0.000288605605373929,35.1491196860693,523737.787215289,5637510.46939679
0.000199299918751121,35.1491196860693,524237.787215289,5637510.46939679
8.10983401110522e-06,35.1491196860693,524737.787215289,5637510.46939679
7.81999136450229e-06,35.1491196860693,525237.787215289,5637510.46939679
1.18536938056273e-05,35.1491196860693,525737.787215289,5637510.46939679
1.18536938056273e-05,35.1491196860693,526237.787215289,5637510.46939679
1.18536938056273e-05,35.1491196860693,526737.787215289,5637510.46939679
1.18536938056273e-05,35.1491196860693,527237.787215289,5637510.46939679
1.18536938056273e-05,35.1491196860693,527737.787215289,5637510.46939679
5.09171527978769e-06,35.1491196860693,528237.787215289,5637510.46939679
3.64557235883255e-06,35.1491196860693,528737.787215289,5637510.46939679
8.81792482472596e-06,35.1491196860693,529237.787215289,5637510.46939679
1.8301417498757e-05,35.1491196860693,529737.787215289,5637510.46939679
1.54633495719784e-05,35.1491196860693,530237.787215289,5637510.46939679
2.33779963722758e-05,35.1491196860693,530737.787215289,5637510.46939679
7.4168402006833e-05,35.1491196860693,531237.787215289,5637510.46939679
3.04698877322774e-05,35.1491196860693,531737.787215289,5637510.46939679
1.96639315462397e-05,35.1491196860693,484237.787215289,5638010.46939679
1.77351285317979e-05,35.1491196860693,484737.787215289,5638010.46939679
1.79515893173422e-05,35.1491196860693,485237.787215289,5638010.46939679
1.83367722602196e-05,35.1491196860693,485737.787215289,5638010.46939679
0.000122688253497751,35.1491196860693,486237.787215289,5638010.46939679
1.878711176714e-05,35.1491196860693,486737.787215289,5638010.46939679
2.90017403208923e-05,35.1491196860693,487237.787215289,5638010.46939679
4.38296611601925e-05,35.1491196860693,487737.787215289,5638010.46939679
1.70494945118349e-05,35.1491196860693,488237.787215289,5638010.46939679
1.83947229841465e-05,35.1491196860693,488737.787215289,5638010.46939679
0.00018654750369435,35.1491196860693,489237.787215289,5638010.46939679
0.000184589102539937,35.1491196860693,489737.787215289,5638010.46939679
7.39075663298114e-05,35.1491196860693,490237.787215289,5638010.46939679
3.57744435099051e-05,35.1491196860693,490737.787215289,5638010.46939679
5.89497636897918e-05,35.1491196860693,491237.787215289,5638010.46939679
0.000323740072733537,35.1491196860693,491737.787215289,5638010.46939679
3.55020494380571e-05,35.1491196860693,492237.787215289,5638010.46939679
1.65683209095532e-05,35.1491196860693,492737.787215289,5638010.46939679
3.11084205682674e-05,35.1491196860693,493237.787215289,5638010.46939679
5.58923373271153e-05,35.1491196860693,493737.787215289,5638010.46939679
4.8826957993291e-05,35.1491196860693,494237.787215289,5638010.46939679
1.5332450555934e-05,35.1491196860693,494737.787215289,5638010.46939679
1.66670815328508e-05,35.1491196860693,495237.787215289,5638010.46939679
2.52252555202922e-05,35.1491196860693,495737.787215289,5638010.46939679
1.94574969090679e-05,35.1491196860693,496237.787215289,5638010.46939679
5.2430725971159e-05,35.1491196860693,496737.787215289,5638010.46939679
1.72575869972402e-05,35.1491196860693,497237.787215289,5638010.46939679
1.56972037568764e-05,35.1491196860693,497737.787215289,5638010.46939679
2.56479843297338e-05,35.1491196860693,498237.787215289,5638010.46939679
1.73100057594861e-05,35.1491196860693,498737.787215289,5638010.46939679
0.000115117943715095,35.1491196860693,499237.787215289,5638010.46939679
0.000115117943715095,35.1491196860693,499737.787215289,5638010.46939679
1.72575869972402e-05,35.1491196860693,500237.787215289,5638010.46939679
1.72575869972402e-05,35.1491196860693,500737.787215289,5638010.46939679
1.74153214230097e-05,35.1491196860693,501237.787215289,5638010.46939679
2.12154426819643e-05,35.1491196860693,501737.787215289,5638010.46939679
3.05881954534025e-05,35.1491196860693,502237.787215289,5638010.46939679
8.44584496897262e-05,35.1491196860693,502737.787215289,5638010.46939679
1.79821370972704e-05,35.1491196860693,503237.787215289,5638010.46939679
2.40683599966305e-05,35.1491196860693,503737.787215289,5638010.46939679
2.20071715904079e-05,35.1491196860693,504237.787215289,5638010.46939679
1.76065610652184e-05,35.1491196860693,504737.787215289,5638010.46939679
2.06192236034874e-05,35.1491196860693,505237.787215289,5638010.46939679
0.000353032597268513,35.1491196860693,505737.787215289,5638010.46939679
0.00027947420661427,35.1491196860693,506237.787215289,5638010.46939679
0.000198191816842536,35.1491196860693,506737.787215289,5638010.46939679
0.000106845151418294,35.1491196860693,507237.787215289,5638010.46939679
0.000117462389485489,35.1491196860693,507737.787215289,5638010.46939679
8.53453661856121e-05,35.1491196860693,508237.787215289,5638010.46939679
1.26413520985291e-05,35.1491196860693,508737.787215289,5638010.46939679
0.000101009239355077,35.1491196860693,509237.787215289,5638010.46939679
2.09573801648411e-05,35.1491196860693,509737.787215289,5638010.46939679
4.60096623474436e-05,35.1491196860693,510237.787215289,5638010.46939679
1.51313398212467e-05,35.1491196860693,510737.787215289,5638010.46939679
1.35228209159613e-06,35.1491196860693,511237.787215289,5638010.46939679
0.000316633886494512,35.1491196860693,511737.787215289,5638010.46939679
0.000187251757116092,35.1491196860693,512237.787215289,5638010.46939679
0.000364645210803833,35.1491196860693,512737.787215289,5638010.46939679
0.000118465210994665,35.1491196860693,513237.787215289,5638010.46939679
4.37100499495128e-06,35.1491196860693,513737.787215289,5638010.46939679
2.98822406058012e-06,35.1491196860693,514237.787215289,5638010.46939679
3.95811300101942e-06,35.1491196860693,514737.787215289,5638010.46939679
1.66268415141569e-07,35.1491196860693,515237.787215289,5638010.46939679
3.14616795517759e-07,35.1491196860693,515737.787215289,5638010.46939679
1.75671215441826e-06,35.1491196860693,516237.787215289,5638010.46939679
6.0246545321207e-06,35.1491196860693,516737.787215289,5638010.46939679
5.09905145086313e-06,35.1491196860693,517237.787215289,5638010.46939679
6.0246545321207e-06,35.1491196860693,517737.787215289,5638010.46939679
4.13007075120348e-05,35.1491196860693,518237.787215289,5638010.46939679
0.000182232088539655,35.1491196860693,518737.787215289,5638010.46939679
0.000131667287182775,35.1491196860693,519237.787215289,5638010.46939679
0.000251390138337853,35.1491196860693,519737.787215289,5638010.46939679
0.000216333186912992,35.1491196860693,520237.787215289,5638010.46939679
0.00028381404046479,35.1491196860693,520737.787215289,5638010.46939679
5.6437763261231e-05,35.1491196860693,521237.787215289,5638010.46939679
0.000209539815828511,35.1491196860693,521737.787215289,5638010.46939679
5.81052912473797e-05,35.1491196860693,522237.787215289,5638010.46939679
1.15713374783979e-05,35.1491196860693,522737.787215289,5638010.46939679
0.000221002076803481,35.1491196860693,523237.787215289,5638010.46939679
1.18536938056273e-05,35.1491196860693,523737.787215289,5638010.46939679
1.18536938056273e-05,35.1491196860693,524237.787215289,5638010.46939679
1.18536938056273e-05,35.1491196860693,524737.787215289,5638010.46939679
1.18536938056273e-05,35.1491196860693,525237.787215289,5638010.46939679
1.18536938056273e-05,35.1491196860693,525737.787215289,5638010.46939679
1.18536938056273e-05,35.1491196860693,526237.787215289,5638010.46939679
1.04065677590343e-06,35.1491196860693,526737.787215289,5638010.46939679
1.12025097262125e-07,35.1491196860693,527237.787215289,5638010.46939679
2.01433458787346e-06,35.1491196860693,527737.787215289,5638010.46939679
1.53474890183895e-05,35.1491196860693,528237.787215289,5638010.46939679
2.05394734475942e-05,35.1491196860693,528737.787215289,5638010.46939679
4.20436757465973e-05,35.1491196860693,529237.787215289,5638010.46939679
3.89689705855735e-05,35.1491196860693,529737.787215289,5638010.46939679
1.1263904261921e-05,35.1491196860693,530237.787215289,5638010.46939679
3.87570533315868e-05,35.1491196860693,530737.787215289,5638010.46939679
2.34490054672216e-05,35.1491196860693,531237.787215289,5638010.46939679
2.62368603841164e-05,35.1491196860693,531737.787215289,5638010.46939679
2.77527218141621e-05,35.1491196860693,532237.787215289,5638010.46939679
2.81353712246008e-05,35.1491196860693,483737.787215289,5638510.46939679
2.14405282740606e-05,35.1491196860693,484237.787215289,5638510.46939679
3.02156591555138e-05,35.1491196860693,484737.787215289,5638510.46939679
1.83924689752713e-05,35.1491196860693,485237.787215289,5638510.46939679
0.00012380962470783,35.1491196860693,485737.787215289,5638510.46939679
0.000124941245256006,35.1491196860693,486237.787215289,5638510.46939679
1.89588260564511e-05,35.1491196860693,486737.787215289,5638510.46939679
5.05506750449781e-05,35.1491196860693,487237.787215289,5638510.46939679
0.000410738504607511,35.1491196860693,487737.787215289,5638510.46939679
2.1023289715757e-05,35.1491196860693,488237.787215289,5638510.46939679
8.20547366562309e-05,35.1491196860693,488737.787215289,5638510.46939679
0.000254271381163269,35.1491196860693,489237.787215289,5638510.46939679
0.000459683900364959,35.1491196860693,489737.787215289,5638510.46939679
0.000397986633822656,35.1491196860693,490237.787215289,5638510.46939679
0.000196490020552581,35.1491196860693,490737.787215289,5638510.46939679
0.000244501252850494,35.1491196860693,491237.787215289,5638510.46939679
0.000238264193140503,35.1491196860693,491737.787215289,5638510.46939679
1.87098616833601e-05,35.1491196860693,492237.787215289,5638510.46939679
1.91693640300906e-05,35.1491196860693,492737.787215289,5638510.46939679
8.89489737378055e-05,35.1491196860693,493237.787215289,5638510.46939679
1.91391446342242e-05,35.1491196860693,493737.787215289,5638510.46939679
2.75511101065719e-05,35.1491196860693,494237.787215289,5638510.46939679
1.53566594431025e-05,35.1491196860693,494737.787215289,5638510.46939679
1.49649215653779e-05,35.1491196860693,495237.787215289,5638510.46939679
3.98386654830714e-05,35.1491196860693,495737.787215289,5638510.46939679
6.41665657877839e-05,35.1491196860693,496237.787215289,5638510.46939679
7.4909380686743e-05,35.1491196860693,496737.787215289,5638510.46939679
1.6590414570124e-05,35.1491196860693,497237.787215289,5638510.46939679
1.6590414570124e-05,35.1491196860693,497737.787215289,5638510.46939679
1.6691352174817e-05,35.1491196860693,498237.787215289,5638510.46939679
3.31500893026941e-05,35.1491196860693,498737.787215289,5638510.46939679
1.69463911131871e-05,35.1491196860693,499237.787215289,5638510.46939679
1.67929038931596e-05,35.1491196860693,499737.787215289,5638510.46939679
1.6590414570124e-05,35.1491196860693,500237.787215289,5638510.46939679
1.18536938056273e-05,35.1491196860693,500737.787215289,5638510.46939679
1.68950734614758e-05,35.1491196860693,501237.787215289,5638510.46939679
1.74428190203308e-05,35.1491196860693,501737.787215289,5638510.46939679
3.9177245372023e-05,35.1491196860693,502237.787215289,5638510.46939679
0.000489913327816121,35.1491196860693,502737.787215289,5638510.46939679
0.000335210004143795,35.1491196860693,503237.787215289,5638510.46939679
0.000265751580519981,35.1491196860693,503737.787215289,5638510.46939679
6.3500717522577e-05,35.1491196860693,504237.787215289,5638510.46939679
0.000325236127457458,35.1491196860693,504737.787215289,5638510.46939679
0.000119430842729557,35.1491196860693,505237.787215289,5638510.46939679
0.000343027215784351,35.1491196860693,505737.787215289,5638510.46939679
0.000272775024857989,35.1491196860693,506237.787215289,5638510.46939679
0.000158310910311667,35.1491196860693,506737.787215289,5638510.46939679
7.62517936984698e-06,35.1491196860693,507237.787215289,5638510.46939679
0.000119547983576538,35.1491196860693,507737.787215289,5638510.46939679
0.000167457484992613,35.1491196860693,508237.787215289,5638510.46939679
2.67768393206636e-05,35.1491196860693,508737.787215289,5638510.46939679
4.34966017176094e-05,35.1491196860693,509237.787215289,5638510.46939679
9.54920864415029e-05,35.1491196860693,509737.787215289,5638510.46939679
6.81718490045502e-05,35.1491196860693,510237.787215289,5638510.46939679
7.62768078569338e-05,35.1491196860693,510737.787215289,5638510.46939679
4.34966017176094e-05,35.1491196860693,511237.787215289,5638510.46939679
0.000133761056889374,35.1491196860693,511737.787215289,5638510.46939679
0.000113018239266885,35.1491196860693,512237.787215289,5638510.46939679
1.67402569112107e-05,35.1491196860693,512737.787215289,5638510.46939679
1.11280837770754e-05,35.1491196860693,513237.787215289,5638510.46939679
4.01351122390163e-05,35.1491196860693,513737.787215289,5638510.46939679
0.000157353556832076,35.1491196860693,514237.787215289,5638510.46939679
0.000146679507214692,35.1491196860693,514737.787215289,5638510.46939679
0.000155644407737181,35.1491196860693,515237.787215289,5638510.46939679
3.07709989807551e-05,35.1491196860693,515737.787215289,5638510.46939679
3.46237677487238e-06,35.1491196860693,516237.787215289,5638510.46939679
6.86277904467819e-07,35.1491196860693,516737.787215289,5638510.46939679
1.50689330980977e-07,35.1491196860693,517237.787215289,5638510.46939679
2.5400189507167e-07,35.1491196860693,517737.787215289,5638510.46939679
1.18536938056273e-05,35.1491196860693,518237.787215289,5638510.46939679
6.71968978172815e-06,35.1491196860693,518737.787215289,5638510.46939679
6.71968978172815e-06,35.1491196860693,519237.787215289,5638510.46939679
1.18536938056273e-05,35.1491196860693,519737.787215289,5638510.46939679
1.18536938056273e-05,35.1491196860693,520237.787215289,5638510.46939679
1.18536938056273e-05,35.1491196860693,520737.787215289,5638510.46939679
1.18536938056273e-05,35.1491196860693,521237.787215289,5638510.46939679
1.18536938056273e-05,35.1491196860693,521737.787215289,5638510.46939679
1.18536938056273e-05,35.1491196860693,522237.787215289,5638510.46939679
1.18536938056273e-05,35.1491196860693,522737.787215289,5638510.46939679
1.18536938056273e-05,35.1491196860693,523237.787215289,5638510.46939679
1.18536938056273e-05,35.1491196860693,523737.787215289,5638510.46939679
1.18536938056273e-05,35.1491196860693,524237.787215289,5638510.46939679
1.18536938056273e-05,35.1491196860693,524737.787215289,5638510.46939679
1.18536938056273e-05,35.1491196860693,525237.787215289,5638510.46939679
1.18536938056273e-05,35.1491196860693,525737.787215289,5638510.46939679
2.1332946743647e-06,35.1491196860693,526237.787215289,5638510.46939679
4.05432796623779e-06,35.1491196860693,526737.787215289,5638510.46939679
7.43128233809246e-05,35.1491196860693,527237.787215289,5638510.46939679
1.92137530290059e-05,35.1491196860693,527737.787215289,5638510.46939679
1.42665679087061e-05,35.1491196860693,528237.787215289,5638510.46939679
8.55521617953765e-05,35.1491196860693,528737.787215289,5638510.46939679
0.000123333065630116,35.1491196860693,529237.787215289,5638510.46939679
2.75211641848684e-05,35.1491196860693,529737.787215289,5638510.46939679
2.75211641848684e-05,35.1491196860693,530237.787215289,5638510.46939679
9.02466768282625e-06,35.1491196860693,530737.787215289,5638510.46939679
1.06810112700448e-05,35.1491196860693,531237.787215289,5638510.46939679
3.88747752798674e-05,35.1491196860693,531737.787215289,5638510.46939679
0.00010215598203878,35.1491196860693,532237.787215289,5638510.46939679
2.88263581128328e-05,35.1491196860693,483737.787215289,5639010.46939679
3.07705258938267e-05,35.1491196860693,484237.787215289,5639010.46939679
1.8616952732203e-05,35.1491196860693,484737.787215289,5639010.46939679
2.34486449518552e-05,35.1491196860693,485237.787215289,5639010.46939679
3.33476907071923e-05,35.1491196860693,485737.787215289,5639010.46939679
2.02989570266268e-05,35.1491196860693,486237.787215289,5639010.46939679
3.50610728437738e-05,35.1491196860693,486737.787215289,5639010.46939679
6.30935103755304e-05,35.1491196860693,487237.787215289,5639010.46939679
0.000364874656611064,35.1491196860693,487737.787215289,5639010.46939679
0.000408899251945295,35.1491196860693,488237.787215289,5639010.46939679
0.000462423989041884,35.1491196860693,488737.787215289,5639010.46939679
0.000369956501117867,35.1491196860693,489237.787215289,5639010.46939679
0.000355136957724889,35.1491196860693,489737.787215289,5639010.46939679
0.000353032597268513,35.1491196860693,490237.787215289,5639010.46939679
0.000312700926704552,35.1491196860693,490737.787215289,5639010.46939679
0.000205985197909695,35.1491196860693,491237.787215289,5639010.46939679
0.000383809760335758,35.1491196860693,491737.787215289,5639010.46939679
0.00030332243840056,35.1491196860693,492237.787215289,5639010.46939679
0.00042876395736696,35.1491196860693,492737.787215289,5639010.46939679
0.000395004682758235,35.1491196860693,493237.787215289,5639010.46939679
1.26274177859151e-05,35.1491196860693,493737.787215289,5639010.46939679
1.30162523404104e-05,35.1491196860693,494237.787215289,5639010.46939679
1.71054730099324e-05,35.1491196860693,494737.787215289,5639010.46939679
1.66186460723184e-05,35.1491196860693,495237.787215289,5639010.46939679
3.3713885524068e-05,35.1491196860693,495737.787215289,5639010.46939679
1.7711510441466e-05,35.1491196860693,496237.787215289,5639010.46939679
4.84551793547201e-05,35.1491196860693,496737.787215289,5639010.46939679
0.000104788024463712,35.1491196860693,497237.787215289,5639010.46939679
0.000104788024463712,35.1491196860693,497737.787215289,5639010.46939679
1.8933578352969e-05,35.1491196860693,498237.787215289,5639010.46939679
2.27509512961754e-05,35.1491196860693,498737.787215289,5639010.46939679
2.69265501777001e-05,35.1491196860693,499237.787215289,5639010.46939679
0.00010638915457188,35.1491196860693,499737.787215289,5639010.46939679
1.58525862122262e-05,35.1491196860693,500237.787215289,5639010.46939679
0.000104788024463712,35.1491196860693,500737.787215289,5639010.46939679
1.62419156840065e-05,35.1491196860693,501237.787215289,5639010.46939679
1.99668372695696e-05,35.1491196860693,501737.787215289,5639010.46939679
5.29164271989258e-05,35.1491196860693,502237.787215289,5639010.46939679
0.000316900739933619,35.1491196860693,502737.787215289,5639010.46939679
0.000498971016956255,35.1491196860693,503237.787215289,5639010.46939679
0.000323269327205366,35.1491196860693,503737.787215289,5639010.46939679
0.000654855844448792,35.1491196860693,504237.787215289,5639010.46939679
0.000383204706403517,35.1491196860693,504737.787215289,5639010.46939679
0.000322838825438335,35.1491196860693,505237.787215289,5639010.46939679
3.88747752798674e-05,35.1491196860693,505737.787215289,5639010.46939679
0.000141489238692083,35.1491196860693,506237.787215289,5639010.46939679
6.09281002610379e-05,35.1491196860693,506737.787215289,5639010.46939679
8.06837784069362e-05,35.1491196860693,507237.787215289,5639010.46939679
0.000167457484992613,35.1491196860693,507737.787215289,5639010.46939679
8.06837784069362e-05,35.1491196860693,508237.787215289,5639010.46939679
0.000141489238692083,35.1491196860693,508737.787215289,5639010.46939679
4.8667917624212e-05,35.1491196860693,509237.787215289,5639010.46939679
0.000158310910311667,35.1491196860693,509737.787215289,5639010.46939679
0.000180778063873503,35.1491196860693,510237.787215289,5639010.46939679
0.000334845656845283,35.1491196860693,510737.787215289,5639010.46939679
0.000256347935188752,35.1491196860693,511237.787215289,5639010.46939679
7.62768078569338e-05,35.1491196860693,511737.787215289,5639010.46939679
0.000161079826608382,35.1491196860693,512237.787215289,5639010.46939679
1.67015823615404e-05,35.1491196860693,512737.787215289,5639010.46939679
0.000106199026793741,35.1491196860693,513237.787215289,5639010.46939679
0.00011141115938359,35.1491196860693,513737.787215289,5639010.46939679
0.00014966392409879,35.1491196860693,514237.787215289,5639010.46939679
1.22190904034224e-05,35.1491196860693,514737.787215289,5639010.46939679
3.17992785871469e-05,35.1491196860693,515237.787215289,5639010.46939679
4.83736081531198e-05,35.1491196860693,515737.787215289,5639010.46939679
8.01958594387975e-05,35.1491196860693,516237.787215289,5639010.46939679
0.000111994608026368,35.1491196860693,516737.787215289,5639010.46939679
2.45791422544608e-05,35.1491196860693,517237.787215289,5639010.46939679
2.87743044694291e-05,35.1491196860693,517737.787215289,5639010.46939679
1.18536938056273e-05,35.1491196860693,518237.787215289,5639010.46939679
1.18536938056273e-05,35.1491196860693,518737.787215289,5639010.46939679
1.36725715662186e-06,35.1491196860693,519237.787215289,5639010.46939679
1.36725715662186e-06,35.1491196860693,519737.787215289,5639010.46939679
1.18536938056273e-05,35.1491196860693,520237.787215289,5639010.46939679
1.18536938056273e-05,35.1491196860693,520737.787215289,5639010.46939679
1.18536938056273e-05,35.1491196860693,521237.787215289,5639010.46939679
1.18536938056273e-05,35.1491196860693,521737.787215289,5639010.46939679
1.18536938056273e-05,35.1491196860693,522237.787215289,5639010.46939679
1.18536938056273e-05,35.1491196860693,522737.787215289,5639010.46939679
1.18536938056273e-05,35.1491196860693,523237.787215289,5639010.46939679
1.18536938056273e-05,35.1491196860693,523737.787215289,5639010.46939679
1.20834412409867e-07,35.1491196860693,524237.787215289,5639010.46939679
4.93900517207553e-06,35.1491196860693,524737.787215289,5639010.46939679
1.88636968928443e-06,35.1491196860693,525237.787215289,5639010.46939679
0.000104410268344966,35.1491196860693,525737.787215289,5639010.46939679
6.640841359584e-05,35.1491196860693,526237.787215289,5639010.46939679
2.0477275098832e-05,35.1491196860693,526737.787215289,5639010.46939679
2.94309013092397e-05,35.1491196860693,527237.787215289,5639010.46939679
0.000174106312712858,35.1491196860693,527737.787215289,5639010.46939679
7.54205694888958e-05,35.1491196860693,528237.787215289,5639010.46939679
4.71049834097279e-05,35.1491196860693,528737.787215289,5639010.46939679
0.000155794672488622,35.1491196860693,529237.787215289,5639010.46939679
8.06145973820819e-05,35.1491196860693,529737.787215289,5639010.46939679
8.69751995458019e-05,35.1491196860693,530237.787215289,5639010.46939679
0.00015278158663684,35.1491196860693,530737.787215289,5639010.46939679
6.81718490045502e-05,35.1491196860693,531237.787215289,5639010.46939679
5.50722605156291e-05,35.1491196860693,531737.787215289,5639010.46939679
4.39904120868797e-05,35.1491196860693,532237.787215289,5639010.46939679
4.07477384334272e-05,35.1491196860693,483737.787215289,5639510.46939679
4.86671693821521e-05,35.1491196860693,484237.787215289,5639510.46939679
0.000279303020839405,35.1491196860693,484737.787215289,5639510.46939679
0.000114049473027794,35.1491196860693,485237.787215289,5639510.46939679
2.54125705246433e-05,35.1491196860693,485737.787215289,5639510.46939679
0.000285295958713576,35.1491196860693,486237.787215289,5639510.46939679
6.14840380847452e-05,35.1491196860693,486737.787215289,5639510.46939679
0.00066558528824316,35.1491196860693,487237.787215289,5639510.46939679
0.000481720523019822,35.1491196860693,487737.787215289,5639510.46939679
0.000407661008991015,35.1491196860693,488237.787215289,5639510.46939679
0.000412036584408518,35.1491196860693,488737.787215289,5639510.46939679
0.000294617574454411,35.1491196860693,489237.787215289,5639510.46939679
0.000281105649756397,35.1491196860693,489737.787215289,5639510.46939679
0.000125369170563205,35.1491196860693,490237.787215289,5639510.46939679
0.000243790718690136,35.1491196860693,490737.787215289,5639510.46939679
0.000158310910311667,35.1491196860693,491237.787215289,5639510.46939679
0.000361221169974052,35.1491196860693,491737.787215289,5639510.46939679
0.000244887303548732,35.1491196860693,492237.787215289,5639510.46939679
0.000383809760335758,35.1491196860693,492737.787215289,5639510.46939679
0.000379733936450524,35.1491196860693,493237.787215289,5639510.46939679
1.90257358259854e-05,35.1491196860693,493737.787215289,5639510.46939679
4.04573028561497e-05,35.1491196860693,494237.787215289,5639510.46939679
8.70895512071898e-05,35.1491196860693,494737.787215289,5639510.46939679
1.51494277662676e-05,35.1491196860693,495237.787215289,5639510.46939679
2.21410652418904e-05,35.1491196860693,495737.787215289,5639510.46939679
1.7182414424284e-05,35.1491196860693,496237.787215289,5639510.46939679
2.32583190075702e-05,35.1491196860693,496737.787215289,5639510.46939679
1.18536938056273e-05,35.1491196860693,497237.787215289,5639510.46939679
1.63169721775676e-05,35.1491196860693,497737.787215289,5639510.46939679
1.56140087634359e-05,35.1491196860693,498237.787215289,5639510.46939679
3.68133971822328e-05,35.1491196860693,498737.787215289,5639510.46939679
1.87620927377038e-05,35.1491196860693,499237.787215289,5639510.46939679
3.87048450090927e-05,35.1491196860693,499737.787215289,5639510.46939679
0.000448609995500222,35.1491196860693,500237.787215289,5639510.46939679
0.000424106792035519,35.1491196860693,500737.787215289,5639510.46939679
2.77995205325643e-05,35.1491196860693,501237.787215289,5639510.46939679
0.000290606219904927,35.1491196860693,501737.787215289,5639510.46939679
0.000518218571158093,35.1491196860693,502237.787215289,5639510.46939679
4.31806174258568e-05,35.1491196860693,502737.787215289,5639510.46939679
0.000208448194336123,35.1491196860693,503237.787215289,5639510.46939679
0.000456295589382664,35.1491196860693,503737.787215289,5639510.46939679
0.000379733936450524,35.1491196860693,504237.787215289,5639510.46939679
0.000231511490515216,35.1491196860693,504737.787215289,5639510.46939679
3.88747752798674e-05,35.1491196860693,505237.787215289,5639510.46939679
7.62768078569338e-05,35.1491196860693,505737.787215289,5639510.46939679
0.000167457484992613,35.1491196860693,506237.787215289,5639510.46939679
0.000187366524357207,35.1491196860693,506737.787215289,5639510.46939679
0.000209642551667658,35.1491196860693,507237.787215289,5639510.46939679
0.00014966392409879,35.1491196860693,507737.787215289,5639510.46939679
3.28463213150305e-05,35.1491196860693,508237.787215289,5639510.46939679
3.41379180254323e-05,35.1491196860693,508737.787215289,5639510.46939679
0.000119547983576538,35.1491196860693,509237.787215289,5639510.46939679
0.000341491168608918,35.1491196860693,509737.787215289,5639510.46939679
0.000214268754891261,35.1491196860693,510237.787215289,5639510.46939679
0.000152744146556477,35.1491196860693,510737.787215289,5639510.46939679
0.000232243149188965,35.1491196860693,511237.787215289,5639510.46939679
7.62768078569338e-05,35.1491196860693,511737.787215289,5639510.46939679
0.000205985197909695,35.1491196860693,512237.787215289,5639510.46939679
0.000313194660007292,35.1491196860693,512737.787215289,5639510.46939679
0.000225305348730908,35.1491196860693,513237.787215289,5639510.46939679
0.000134068735656742,35.1491196860693,513737.787215289,5639510.46939679
0.000110228041309417,35.1491196860693,514237.787215289,5639510.46939679
0.000147983885333077,35.1491196860693,514737.787215289,5639510.46939679
5.74069313148788e-06,35.1491196860693,515237.787215289,5639510.46939679
1.32908563493043e-05,35.1491196860693,515737.787215289,5639510.46939679
1.57301954426102e-05,35.1491196860693,516237.787215289,5639510.46939679
3.07709989807551e-05,35.1491196860693,516737.787215289,5639510.46939679
8.30473305631135e-05,35.1491196860693,517237.787215289,5639510.46939679
1.5812572838487e-05,35.1491196860693,517737.787215289,5639510.46939679
1.96515661857927e-05,35.1491196860693,518237.787215289,5639510.46939679
2.07869555115318e-05,35.1491196860693,518737.787215289,5639510.46939679
3.07997303195854e-05,35.1491196860693,519237.787215289,5639510.46939679
1.7563446090108e-05,35.1491196860693,519737.787215289,5639510.46939679
1.18536938056273e-05,35.1491196860693,520237.787215289,5639510.46939679
1.18536938056273e-05,35.1491196860693,520737.787215289,5639510.46939679
1.18536938056273e-05,35.1491196860693,521237.787215289,5639510.46939679
2.75270376896977e-05,35.1491196860693,521737.787215289,5639510.46939679
2.46020921646899e-05,35.1491196860693,522237.787215289,5639510.46939679
2.61713457843538e-08,35.1491196860693,522737.787215289,5639510.46939679
4.22454664941535e-06,35.1491196860693,523237.787215289,5639510.46939679
2.12683455714178e-06,35.1491196860693,523737.787215289,5639510.46939679
9.30028353635811e-06,35.1491196860693,524237.787215289,5639510.46939679
1.46205286276883e-05,35.1491196860693,524737.787215289,5639510.46939679
1.54652446153911e-05,35.1491196860693,525237.787215289,5639510.46939679
2.39811461471056e-05,35.1491196860693,525737.787215289,5639510.46939679
1.87781938018554e-05,35.1491196860693,526237.787215289,5639510.46939679
2.39404073422035e-05,35.1491196860693,526737.787215289,5639510.46939679
2.3902666671958e-05,35.1491196860693,527237.787215289,5639510.46939679
2.80742425272167e-05,35.1491196860693,527737.787215289,5639510.46939679
2.10055865789226e-05,35.1491196860693,528237.787215289,5639510.46939679
7.37108501587763e-05,35.1491196860693,528737.787215289,5639510.46939679
7.27072428394293e-05,35.1491196860693,529237.787215289,5639510.46939679
4.54876105321958e-05,35.1491196860693,529737.787215289,5639510.46939679
0.000136530713457085,35.1491196860693,530237.787215289,5639510.46939679
3.67514241778371e-05,35.1491196860693,530737.787215289,5639510.46939679
8.62859734367796e-06,35.1491196860693,531237.787215289,5639510.46939679
3.51384950872736e-05,35.1491196860693,531737.787215289,5639510.46939679
0.000113018239266885,35.1491196860693,532237.787215289,5639510.46939679
3.92294877667758e-05,35.1491196860693,483737.787215289,5640010.46939679
6.56307737015677e-05,35.1491196860693,484237.787215289,5640010.46939679
0.000556398507107337,35.1491196860693,484737.787215289,5640010.46939679
0.000422718881789641,35.1491196860693,485237.787215289,5640010.46939679
0.000229970521490188,35.1491196860693,485737.787215289,5640010.46939679
0.000357166314589183,35.1491196860693,486237.787215289,5640010.46939679
0.000439078851307948,35.1491196860693,486737.787215289,5640010.46939679
0.000358816837330019,35.1491196860693,487237.787215289,5640010.46939679
0.000274699562261335,35.1491196860693,487737.787215289,5640010.46939679
0.000175546996067838,35.1491196860693,488237.787215289,5640010.46939679
0.000177431206486961,35.1491196860693,488737.787215289,5640010.46939679
0.000311639405999447,35.1491196860693,489237.787215289,5640010.46939679
5.51380936825628e-05,35.1491196860693,489737.787215289,5640010.46939679
6.38948911156476e-05,35.1491196860693,490237.787215289,5640010.46939679
0.000305205278470215,35.1491196860693,490737.787215289,5640010.46939679
0.000101009239355077,35.1491196860693,491237.787215289,5640010.46939679
1.87305079521446e-05,35.1491196860693,491737.787215289,5640010.46939679
0.000113018239266885,35.1491196860693,492237.787215289,5640010.46939679
0.000113018239266885,35.1491196860693,492737.787215289,5640010.46939679
0.000322838825438335,35.1491196860693,493237.787215289,5640010.46939679
0.000383809760335758,35.1491196860693,493737.787215289,5640010.46939679
1.33586166636623e-05,35.1491196860693,494237.787215289,5640010.46939679
1.60753451999719e-05,35.1491196860693,494737.787215289,5640010.46939679
1.55705415366373e-05,35.1491196860693,495237.787215289,5640010.46939679
7.94975062162641e-05,35.1491196860693,495737.787215289,5640010.46939679
3.18260784566935e-05,35.1491196860693,496237.787215289,5640010.46939679
1.62439061411959e-05,35.1491196860693,496737.787215289,5640010.46939679
1.45178744078896e-05,35.1491196860693,497237.787215289,5640010.46939679
3.3713885524068e-05,35.1491196860693,497737.787215289,5640010.46939679
7.97292036907762e-05,35.1491196860693,498237.787215289,5640010.46939679
2.34543925969938e-05,35.1491196860693,498737.787215289,5640010.46939679
1.49649215653779e-05,35.1491196860693,499237.787215289,5640010.46939679
5.44665620348579e-05,35.1491196860693,499737.787215289,5640010.46939679
0.00019231540398805,35.1491196860693,500237.787215289,5640010.46939679
0.000318828793116325,35.1491196860693,500737.787215289,5640010.46939679
1.67441027858909e-05,35.1491196860693,501237.787215289,5640010.46939679
6.81875106750594e-05,35.1491196860693,501737.787215289,5640010.46939679
0.000253132775190165,35.1491196860693,502237.787215289,5640010.46939679
0.000365540346593658,35.1491196860693,502737.787215289,5640010.46939679
0.00040716801436315,35.1491196860693,503237.787215289,5640010.46939679
3.49763236593515e-05,35.1491196860693,503737.787215289,5640010.46939679
0.000382091092337595,35.1491196860693,504237.787215289,5640010.46939679
0.000209642551667658,35.1491196860693,504737.787215289,5640010.46939679
0.000177132512376088,35.1491196860693,505237.787215289,5640010.46939679
0.000209642551667658,35.1491196860693,505737.787215289,5640010.46939679
0.000141489238692083,35.1491196860693,506237.787215289,5640010.46939679
0.000133761056889374,35.1491196860693,506737.787215289,5640010.46939679
0.000164536077782269,35.1491196860693,507237.787215289,5640010.46939679
6.33239403648179e-05,35.1491196860693,507737.787215289,5640010.46939679
9.42481990274602e-05,35.1491196860693,508237.787215289,5640010.46939679
7.20398886928256e-05,35.1491196860693,508737.787215289,5640010.46939679
0.000259035917854052,35.1491196860693,509237.787215289,5640010.46939679
8.15885159173781e-05,35.1491196860693,509737.787215289,5640010.46939679
0.000102141893892954,35.1491196860693,510237.787215289,5640010.46939679
5.50646656002691e-05,35.1491196860693,510737.787215289,5640010.46939679
0.000113773794075642,35.1491196860693,511237.787215289,5640010.46939679
0.000113018239266885,35.1491196860693,511737.787215289,5640010.46939679
1.98126821968575e-05,35.1491196860693,512237.787215289,5640010.46939679
9.54920864415029e-05,35.1491196860693,512737.787215289,5640010.46939679
4.8667917624212e-05,35.1491196860693,513237.787215289,5640010.46939679
8.53453661856121e-05,35.1491196860693,513737.787215289,5640010.46939679
8.53453661856121e-05,35.1491196860693,514237.787215289,5640010.46939679
0.000106521599209985,35.1491196860693,514737.787215289,5640010.46939679
4.56355134465425e-05,35.1491196860693,515237.787215289,5640010.46939679
1.56825607169814e-05,35.1491196860693,515737.787215289,5640010.46939679
1.33312264334376e-05,35.1491196860693,516237.787215289,5640010.46939679
7.09817966251184e-05,35.1491196860693,516737.787215289,5640010.46939679
7.56565276295239e-05,35.1491196860693,517237.787215289,5640010.46939679
5.56451171220604e-06,35.1491196860693,517737.787215289,5640010.46939679
2.0641976846662e-05,35.1491196860693,518237.787215289,5640010.46939679
1.38892283559807e-05,35.1491196860693,518737.787215289,5640010.46939679
2.18345881608074e-05,35.1491196860693,519237.787215289,5640010.46939679
7.43128233809246e-05,35.1491196860693,519737.787215289,5640010.46939679
1.01419441349386e-05,35.1491196860693,520237.787215289,5640010.46939679
1.22059968594185e-05,35.1491196860693,520737.787215289,5640010.46939679
4.61965091683177e-06,35.1491196860693,521237.787215289,5640010.46939679
1.45762542337516e-05,35.1491196860693,521737.787215289,5640010.46939679
2.56389512941994e-05,35.1491196860693,522237.787215289,5640010.46939679
1.61850448982157e-05,35.1491196860693,522737.787215289,5640010.46939679
3.20938567827716e-05,35.1491196860693,523237.787215289,5640010.46939679
2.0477275098832e-05,35.1491196860693,523737.787215289,5640010.46939679
1.49995746652978e-05,35.1491196860693,524237.787215289,5640010.46939679
0.000115386671256913,35.1491196860693,524737.787215289,5640010.46939679
1.36519394607374e-05,35.1491196860693,525237.787215289,5640010.46939679
5.6616126671726e-05,35.1491196860693,525737.787215289,5640010.46939679
1.33312264334376e-05,35.1491196860693,526237.787215289,5640010.46939679
2.09573801648411e-05,35.1491196860693,526737.787215289,5640010.46939679
2.78165589535916e-05,35.1491196860693,527237.787215289,5640010.46939679
0.000119271795197032,35.1491196860693,527737.787215289,5640010.46939679
5.39145815751863e-05,35.1491196860693,528237.787215289,5640010.46939679
0.000388541845327621,35.1491196860693,528737.787215289,5640010.46939679
0.000239423922460591,35.1491196860693,529237.787215289,5640010.46939679
8.50869203756554e-05,35.1491196860693,529737.787215289,5640010.46939679
0.000133355996998796,35.1491196860693,530237.787215289,5640010.46939679
3.32192206546857e-05,35.1491196860693,530737.787215289,5640010.46939679
4.65320031156097e-05,35.1491196860693,531237.787215289,5640010.46939679
0.000136547445383629,35.1491196860693,531737.787215289,5640010.46939679
0.000129073367689989,35.1491196860693,532237.787215289,5640010.46939679
3.52743876283958e-05,35.1491196860693,483237.787215289,5640510.46939679
3.53815312133452e-05,35.1491196860693,483737.787215289,5640510.46939679
4.2130058343423e-05,35.1491196860693,484237.787215289,5640510.46939679
4.48352980054372e-05,35.1491196860693,484737.787215289,5640510.46939679
0.000503346535379646,35.1491196860693,485237.787215289,5640510.46939679
9.96324200237646e-05,35.1491196860693,485737.787215289,5640510.46939679
0.000254981213365791,35.1491196860693,486237.787215289,5640510.46939679
0.000250383287588393,35.1491196860693,486737.787215289,5640510.46939679
0.000194025608839114,35.1491196860693,487237.787215289,5640510.46939679
0.000483183716777394,35.1491196860693,487737.787215289,5640510.46939679
0.000260895489328825,35.1491196860693,488237.787215289,5640510.46939679
5.78725718717238e-05,35.1491196860693,488737.787215289,5640510.46939679
2.49604373450126e-05,35.1491196860693,489237.787215289,5640510.46939679
3.97228921183184e-05,35.1491196860693,489737.787215289,5640510.46939679
2.25176267891788e-05,35.1491196860693,490237.787215289,5640510.46939679
1.42388419087076e-05,35.1491196860693,490737.787215289,5640510.46939679
2.72685571223411e-05,35.1491196860693,491237.787215289,5640510.46939679
1.67402569112107e-05,35.1491196860693,491737.787215289,5640510.46939679
3.67514241778371e-05,35.1491196860693,492237.787215289,5640510.46939679
5.14797563170703e-05,35.1491196860693,492737.787215289,5640510.46939679
0.000119547983576538,35.1491196860693,493237.787215289,5640510.46939679
0.000382091092337595,35.1491196860693,493737.787215289,5640510.46939679
0.000391475007438906,35.1491196860693,494237.787215289,5640510.46939679
2.86660843774366e-05,35.1491196860693,494737.787215289,5640510.46939679
2.60115746363339e-05,35.1491196860693,495237.787215289,5640510.46939679
8.059484227238e-05,35.1491196860693,495737.787215289,5640510.46939679
0.000125734562153252,35.1491196860693,496237.787215289,5640510.46939679
1.41269616490207e-05,35.1491196860693,496737.787215289,5640510.46939679
1.66186460723184e-05,35.1491196860693,497237.787215289,5640510.46939679
1.9668751496424e-05,35.1491196860693,497737.787215289,5640510.46939679
2.12515444812352e-05,35.1491196860693,498237.787215289,5640510.46939679
1.45178744078896e-05,35.1491196860693,498737.787215289,5640510.46939679
1.45178744078896e-05,35.1491196860693,499237.787215289,5640510.46939679
2.40683599966305e-05,35.1491196860693,499737.787215289,5640510.46939679
8.00976451098718e-05,35.1491196860693,500237.787215289,5640510.46939679
0.000456904054170786,35.1491196860693,500737.787215289,5640510.46939679
7.40151906956876e-05,35.1491196860693,501237.787215289,5640510.46939679
0.000399146575842666,35.1491196860693,501737.787215289,5640510.46939679
0.000232862949163585,35.1491196860693,502237.787215289,5640510.46939679
0.000445303309811831,35.1491196860693,502737.787215289,5640510.46939679
0.00046750191990891,35.1491196860693,503237.787215289,5640510.46939679
0.000341491168608918,35.1491196860693,503737.787215289,5640510.46939679
8.53453661856121e-05,35.1491196860693,504237.787215289,5640510.46939679
0.000198191816842536,35.1491196860693,504737.787215289,5640510.46939679
6.09281002610379e-05,35.1491196860693,505237.787215289,5640510.46939679
5.98651690255486e-05,35.1491196860693,505737.787215289,5640510.46939679
0.000194734228770074,35.1491196860693,506237.787215289,5640510.46939679
0.000452218231947517,35.1491196860693,506737.787215289,5640510.46939679
9.96934850740895e-05,35.1491196860693,507237.787215289,5640510.46939679
0.000195610154678439,35.1491196860693,507737.787215289,5640510.46939679
0.000424880547180999,35.1491196860693,508237.787215289,5640510.46939679
0.000185757680656732,35.1491196860693,508737.787215289,5640510.46939679
0.000314107473694264,35.1491196860693,509237.787215289,5640510.46939679
0.000237197266016241,35.1491196860693,509737.787215289,5640510.46939679
0.000296950835601231,35.1491196860693,510237.787215289,5640510.46939679
7.29191499211281e-05,35.1491196860693,510737.787215289,5640510.46939679
0.000133629989153823,35.1491196860693,511237.787215289,5640510.46939679
8.38564595048802e-05,35.1491196860693,511737.787215289,5640510.46939679
2.93561636879597e-05,35.1491196860693,512237.787215289,5640510.46939679
3.67514241778371e-05,35.1491196860693,512737.787215289,5640510.46939679
1.41442838818556e-05,35.1491196860693,513237.787215289,5640510.46939679
9.02419698974188e-07,35.1491196860693,513737.787215289,5640510.46939679
0.000101009239355077,35.1491196860693,514237.787215289,5640510.46939679
2.92672663307785e-05,35.1491196860693,514737.787215289,5640510.46939679
5.71317877252182e-05,35.1491196860693,515237.787215289,5640510.46939679
4.87586416390919e-06,35.1491196860693,515737.787215289,5640510.46939679
1.07695593687963e-05,35.1491196860693,516237.787215289,5640510.46939679
8.13259871990341e-06,35.1491196860693,516737.787215289,5640510.46939679
1.06396997090344e-05,35.1491196860693,517237.787215289,5640510.46939679
6.03056366847551e-06,35.1491196860693,517737.787215289,5640510.46939679
1.39314159549241e-05,35.1491196860693,518237.787215289,5640510.46939679
7.92028731850113e-06,35.1491196860693,518737.787215289,5640510.46939679
1.39737316958678e-05,35.1491196860693,519237.787215289,5640510.46939679
3.43251063293793e-05,35.1491196860693,519737.787215289,5640510.46939679
1.82482325675378e-05,35.1491196860693,520237.787215289,5640510.46939679
2.28452376377936e-05,35.1491196860693,520737.787215289,5640510.46939679
2.15974243664594e-05,35.1491196860693,521237.787215289,5640510.46939679
3.3845309311749e-05,35.1491196860693,521737.787215289,5640510.46939679
3.3845309311749e-05,35.1491196860693,522237.787215289,5640510.46939679
8.54382309218705e-05,35.1491196860693,522737.787215289,5640510.46939679
3.75215941014397e-05,35.1491196860693,523237.787215289,5640510.46939679
3.75215941014397e-05,35.1491196860693,523737.787215289,5640510.46939679
3.74624434742249e-05,35.1491196860693,524237.787215289,5640510.46939679
1.76965960633107e-05,35.1491196860693,524737.787215289,5640510.46939679
3.11274870254214e-05,35.1491196860693,525237.787215289,5640510.46939679
1.69341960633722e-05,35.1491196860693,525737.787215289,5640510.46939679
3.87570533315868e-05,35.1491196860693,526237.787215289,5640510.46939679
0.000101009239355077,35.1491196860693,526737.787215289,5640510.46939679
9.02762819636376e-05,35.1491196860693,527237.787215289,5640510.46939679
0.000159620890919745,35.1491196860693,527737.787215289,5640510.46939679
0.000141489238692083,35.1491196860693,528237.787215289,5640510.46939679
0.000167457484992613,35.1491196860693,528737.787215289,5640510.46939679
0.000176596113533635,35.1491196860693,529237.787215289,5640510.46939679
0.000138517110305936,35.1491196860693,529737.787215289,5640510.46939679
2.20824729521884e-05,35.1491196860693,530237.787215289,5640510.46939679
3.14047775285734e-05,35.1491196860693,530737.787215289,5640510.46939679
4.06000853682116e-05,35.1491196860693,531237.787215289,5640510.46939679
7.8691854668147e-05,35.1491196860693,531737.787215289,5640510.46939679
0.000316556293386488,35.1491196860693,532237.787215289,5640510.46939679
1.9424442810419e-05,35.1491196860693,483237.787215289,5641010.46939679
1.94834432517668e-05,35.1491196860693,483737.787215289,5641010.46939679
1.96019823084428e-05,35.1491196860693,484237.787215289,5641010.46939679
2.75409833700806e-05,35.1491196860693,484737.787215289,5641010.46939679
2.76246372586297e-05,35.1491196860693,485237.787215289,5641010.46939679
0.000195490337982989,35.1491196860693,485737.787215289,5641010.46939679
0.000228579820883904,35.1491196860693,486237.787215289,5641010.46939679
0.000417621725231575,35.1491196860693,486737.787215289,5641010.46939679
0.000710475089023433,35.1491196860693,487237.787215289,5641010.46939679
6.454905053483e-05,35.1491196860693,487737.787215289,5641010.46939679
3.13394221503689e-05,35.1491196860693,488237.787215289,5641010.46939679
1.92228778460307e-05,35.1491196860693,488737.787215289,5641010.46939679
1.74174556818254e-05,35.1491196860693,489237.787215289,5641010.46939679
1.52637931250212e-05,35.1491196860693,489737.787215289,5641010.46939679
1.48762470737771e-05,35.1491196860693,490237.787215289,5641010.46939679
1.39160596304139e-05,35.1491196860693,490737.787215289,5641010.46939679
1.4833015877206e-05,35.1491196860693,491237.787215289,5641010.46939679
9.32473410492776e-05,35.1491196860693,491737.787215289,5641010.46939679
0.000132018674862193,35.1491196860693,492237.787215289,5641010.46939679
0.000139020864811278,35.1491196860693,492737.787215289,5641010.46939679
0.000126454990538892,35.1491196860693,493237.787215289,5641010.46939679
3.28463213150305e-05,35.1491196860693,493737.787215289,5641010.46939679
0.000126454990538892,35.1491196860693,494237.787215289,5641010.46939679
4.5994573973701e-06,35.1491196860693,494737.787215289,5641010.46939679
0.000243790718690136,35.1491196860693,495237.787215289,5641010.46939679
0.00032824900937916,35.1491196860693,495737.787215289,5641010.46939679
3.2367356720266e-05,35.1491196860693,496237.787215289,5641010.46939679
3.6710913809206e-05,35.1491196860693,496737.787215289,5641010.46939679
1.39160596304139e-05,35.1491196860693,497237.787215289,5641010.46939679
2.44035755585242e-05,35.1491196860693,497737.787215289,5641010.46939679
6.23556465499894e-05,35.1491196860693,498237.787215289,5641010.46939679
1.29375391648953e-05,35.1491196860693,498737.787215289,5641010.46939679
1.61967004517508e-05,35.1491196860693,499237.787215289,5641010.46939679
3.97856118388087e-05,35.1491196860693,499737.787215289,5641010.46939679
7.09470118241209e-05,35.1491196860693,500237.787215289,5641010.46939679
4.04573028561497e-05,35.1491196860693,500737.787215289,5641010.46939679
0.000214554479749401,35.1491196860693,501237.787215289,5641010.46939679
3.55581047376297e-05,35.1491196860693,501737.787215289,5641010.46939679
0.000197973353919273,35.1491196860693,502237.787215289,5641010.46939679
0.000475394643576571,35.1491196860693,502737.787215289,5641010.46939679
0.000370092533007132,35.1491196860693,503237.787215289,5641010.46939679
0.000158310910311667,35.1491196860693,503737.787215289,5641010.46939679
0.000382091092337595,35.1491196860693,504237.787215289,5641010.46939679
0.000243790718690136,35.1491196860693,504737.787215289,5641010.46939679
0.000244887303548732,35.1491196860693,505237.787215289,5641010.46939679
6.75864837681668e-05,35.1491196860693,505737.787215289,5641010.46939679
0.000123662211317359,35.1491196860693,506237.787215289,5641010.46939679
0.000242639569332833,35.1491196860693,506737.787215289,5641010.46939679
0.000176937262707989,35.1491196860693,507237.787215289,5641010.46939679
7.38000984588928e-05,35.1491196860693,507737.787215289,5641010.46939679
0.000231118202330122,35.1491196860693,508237.787215289,5641010.46939679
0.000224241484984241,35.1491196860693,508737.787215289,5641010.46939679
0.000151342161890396,35.1491196860693,509237.787215289,5641010.46939679
0.000250901580541769,35.1491196860693,509737.787215289,5641010.46939679
0.000200414216121554,35.1491196860693,510237.787215289,5641010.46939679
0.00035145174683182,35.1491196860693,510737.787215289,5641010.46939679
0.000184097790712614,35.1491196860693,511237.787215289,5641010.46939679
0.000209642551667658,35.1491196860693,511737.787215289,5641010.46939679
0.000158310910311667,35.1491196860693,512237.787215289,5641010.46939679
0.000223237350373996,35.1491196860693,512737.787215289,5641010.46939679
6.33239403648179e-05,35.1491196860693,513237.787215289,5641010.46939679
0.000154627366730144,35.1491196860693,513737.787215289,5641010.46939679
0.000306690837443311,35.1491196860693,514237.787215289,5641010.46939679
9.13011749983217e-05,35.1491196860693,514737.787215289,5641010.46939679
1.20499535024007e-05,35.1491196860693,515237.787215289,5641010.46939679
7.18921796009086e-05,35.1491196860693,515737.787215289,5641010.46939679
1.19146878454899e-05,35.1491196860693,516237.787215289,5641010.46939679
2.88966499276681e-05,35.1491196860693,516737.787215289,5641010.46939679
3.9263153334258e-05,35.1491196860693,517237.787215289,5641010.46939679
1.57301954426102e-05,35.1491196860693,517737.787215289,5641010.46939679
1.06164199965514e-05,35.1491196860693,518237.787215289,5641010.46939679
2.20341563985922e-05,35.1491196860693,518737.787215289,5641010.46939679
1.49161774546078e-05,35.1491196860693,519237.787215289,5641010.46939679
5.67811357920223e-05,35.1491196860693,519737.787215289,5641010.46939679
2.94272949753572e-05,35.1491196860693,520237.787215289,5641010.46939679
1.9800546374396e-05,35.1491196860693,520737.787215289,5641010.46939679
5.16044940512194e-05,35.1491196860693,521237.787215289,5641010.46939679
2.18529899655121e-05,35.1491196860693,521737.787215289,5641010.46939679
1.77503482861302e-05,35.1491196860693,522237.787215289,5641010.46939679
3.14119924022383e-05,35.1491196860693,522737.787215289,5641010.46939679
3.78002179416112e-05,35.1491196860693,523237.787215289,5641010.46939679
7.84535572534699e-05,35.1491196860693,523737.787215289,5641010.46939679
5.75578548974771e-05,35.1491196860693,524237.787215289,5641010.46939679
2.31829397052632e-05,35.1491196860693,524737.787215289,5641010.46939679
2.74378236370847e-05,35.1491196860693,525237.787215289,5641010.46939679
5.74671182616848e-05,35.1491196860693,525737.787215289,5641010.46939679
2.01592133266988e-05,35.1491196860693,526237.787215289,5641010.46939679
2.05917647280263e-05,35.1491196860693,526737.787215289,5641010.46939679
6.44271484178697e-06,35.1491196860693,527237.787215289,5641010.46939679
6.09081195460912e-06,35.1491196860693,527737.787215289,5641010.46939679
6.30737892619275e-06,35.1491196860693,528237.787215289,5641010.46939679
0.000135607414562904,35.1491196860693,528737.787215289,5641010.46939679
1.18536938056273e-05,35.1491196860693,529237.787215289,5641010.46939679
8.83055125907975e-05,35.1491196860693,529737.787215289,5641010.46939679
8.6314279276001e-05,35.1491196860693,530237.787215289,5641010.46939679
0.000180822375524011,35.1491196860693,530737.787215289,5641010.46939679
0.0002833666240128,35.1491196860693,531237.787215289,5641010.46939679
0.000225989698606109,35.1491196860693,531737.787215289,5641010.46939679
0.000221215440217057,35.1491196860693,532237.787215289,5641010.46939679
1.95426229029954e-05,35.1491196860693,483237.787215289,5641510.46939679
1.96019823084428e-05,35.1491196860693,483737.787215289,5641510.46939679
1.96615220141002e-05,35.1491196860693,484237.787215289,5641510.46939679
3.27940367877323e-05,35.1491196860693,484737.787215289,5641510.46939679
2.48395331733086e-05,35.1491196860693,485237.787215289,5641510.46939679
0.000118276638962542,35.1491196860693,485737.787215289,5641510.46939679
0.00070506538356171,35.1491196860693,486237.787215289,5641510.46939679
0.000160727383198061,35.1491196860693,486737.787215289,5641510.46939679
2.45043340936929e-05,35.1491196860693,487237.787215289,5641510.46939679
2.36285577168604e-05,35.1491196860693,487737.787215289,5641510.46939679
2.13445193821135e-05,35.1491196860693,488237.787215289,5641510.46939679
0.000108671921123845,35.1491196860693,488737.787215289,5641510.46939679
0.000104154339901845,35.1491196860693,489237.787215289,5641510.46939679
9.74316975008714e-05,35.1491196860693,489737.787215289,5641510.46939679
9.05917992679465e-05,35.1491196860693,490237.787215289,5641510.46939679
1.44756846621016e-05,35.1491196860693,490737.787215289,5641510.46939679
1.64701454913315e-05,35.1491196860693,491237.787215289,5641510.46939679
1.43672242777119e-05,35.1491196860693,491737.787215289,5641510.46939679
5.62461749123156e-05,35.1491196860693,492237.787215289,5641510.46939679
3.83683894054318e-05,35.1491196860693,492737.787215289,5641510.46939679
5.65953167445128e-05,35.1491196860693,493237.787215289,5641510.46939679
0.000404166795800545,35.1491196860693,493737.787215289,5641510.46939679
0.00022175486440313,35.1491196860693,494237.787215289,5641510.46939679
7.62768078569338e-05,35.1491196860693,494737.787215289,5641510.46939679
0.000106845151418294,35.1491196860693,495237.787215289,5641510.46939679
8.12231693686032e-05,35.1491196860693,495737.787215289,5641510.46939679
4.80339655088447e-05,35.1491196860693,496237.787215289,5641510.46939679
1.28406034755904e-05,35.1491196860693,496737.787215289,5641510.46939679
4.56145952153473e-05,35.1491196860693,497237.787215289,5641510.46939679
5.10377196088759e-05,35.1491196860693,497737.787215289,5641510.46939679
3.03664521043407e-05,35.1491196860693,498237.787215289,5641510.46939679
1.63705455896922e-05,35.1491196860693,498737.787215289,5641510.46939679
1.30764025270623e-05,35.1491196860693,499237.787215289,5641510.46939679
7.89018639179199e-05,35.1491196860693,499737.787215289,5641510.46939679
4.31231132627986e-05,35.1491196860693,500237.787215289,5641510.46939679
0.000407810904714067,35.1491196860693,500737.787215289,5641510.46939679
3.80162194871644e-05,35.1491196860693,501237.787215289,5641510.46939679
0.000359515528676903,35.1491196860693,501737.787215289,5641510.46939679
0.000395004682758235,35.1491196860693,502237.787215289,5641510.46939679
0.000410939886692218,35.1491196860693,502737.787215289,5641510.46939679
0.000288534880770943,35.1491196860693,503237.787215289,5641510.46939679
0.000133761056889374,35.1491196860693,503737.787215289,5641510.46939679
0.000349877975311133,35.1491196860693,504237.787215289,5641510.46939679
2.31435568812766e-05,35.1491196860693,504737.787215289,5641510.46939679
0.000184634348338149,35.1491196860693,505237.787215289,5641510.46939679
2.88824890545285e-05,35.1491196860693,505737.787215289,5641510.46939679
0.000471031163759785,35.1491196860693,506237.787215289,5641510.46939679
5.89497636897918e-05,35.1491196860693,506737.787215289,5641510.46939679
4.79523661416781e-05,35.1491196860693,507237.787215289,5641510.46939679
0.000313573872714118,35.1491196860693,507737.787215289,5641510.46939679
0.000355136957724889,35.1491196860693,508237.787215289,5641510.46939679
6.51709663478192e-05,35.1491196860693,508737.787215289,5641510.46939679
3.93106927356453e-05,35.1491196860693,509237.787215289,5641510.46939679
0.000296950835601231,35.1491196860693,509737.787215289,5641510.46939679
0.000151342161890396,35.1491196860693,510237.787215289,5641510.46939679
0.000286754881952668,35.1491196860693,510737.787215289,5641510.46939679
0.000322838825438335,35.1491196860693,511237.787215289,5641510.46939679
0.000141489238692083,35.1491196860693,511737.787215289,5641510.46939679
6.09281002610379e-05,35.1491196860693,512237.787215289,5641510.46939679
0.000257875976684236,35.1491196860693,512737.787215289,5641510.46939679
0.000158310910311667,35.1491196860693,513237.787215289,5641510.46939679
0.000154627366730144,35.1491196860693,513737.787215289,5641510.46939679
6.81718490045502e-05,35.1491196860693,514237.787215289,5641510.46939679
5.82350128552585e-06,35.1491196860693,514737.787215289,5641510.46939679
8.53453661856121e-05,35.1491196860693,515237.787215289,5641510.46939679
0.000167457484992613,35.1491196860693,515737.787215289,5641510.46939679
0.000141060776052244,35.1491196860693,516237.787215289,5641510.46939679
1.49161774546078e-05,35.1491196860693,516737.787215289,5641510.46939679
5.30259641077154e-05,35.1491196860693,517237.787215289,5641510.46939679
1.1263904261921e-05,35.1491196860693,517737.787215289,5641510.46939679
8.97009281498365e-06,35.1491196860693,518237.787215289,5641510.46939679
1.49161774546078e-05,35.1491196860693,518737.787215289,5641510.46939679
3.43498253287356e-05,35.1491196860693,519237.787215289,5641510.46939679
2.9334587243444e-05,35.1491196860693,519737.787215289,5641510.46939679
6.64888201847491e-05,35.1491196860693,520237.787215289,5641510.46939679
7.01173031386526e-05,35.1491196860693,520737.787215289,5641510.46939679
2.28008396394268e-05,35.1491196860693,521237.787215289,5641510.46939679
1.97981201020732e-05,35.1491196860693,521737.787215289,5641510.46939679
0.000185803212892491,35.1491196860693,522237.787215289,5641510.46939679
8.97949729780021e-05,35.1491196860693,522737.787215289,5641510.46939679
9.95607220252198e-05,35.1491196860693,523237.787215289,5641510.46939679
2.94200836332511e-05,35.1491196860693,523737.787215289,5641510.46939679
2.39316077622334e-05,35.1491196860693,524237.787215289,5641510.46939679
2.79382556055112e-05,35.1491196860693,524737.787215289,5641510.46939679
3.13547876398356e-05,35.1491196860693,525237.787215289,5641510.46939679
2.98225261121357e-05,35.1491196860693,525737.787215289,5641510.46939679
0.000109044123795073,35.1491196860693,526237.787215289,5641510.46939679
2.74378236370847e-05,35.1491196860693,526737.787215289,5641510.46939679
3.35264372745697e-05,35.1491196860693,527237.787215289,5641510.46939679
0.000214009634340727,35.1491196860693,527737.787215289,5641510.46939679
0.000219951561910724,35.1491196860693,528237.787215289,5641510.46939679
1.18536938056273e-05,35.1491196860693,528737.787215289,5641510.46939679
0.000108058148332838,35.1491196860693,529237.787215289,5641510.46939679
6.89457937404937e-05,35.1491196860693,529737.787215289,5641510.46939679
0.000212380120363896,35.1491196860693,530237.787215289,5641510.46939679
0.000253256884338452,35.1491196860693,530737.787215289,5641510.46939679
0.000354707481742508,35.1491196860693,531237.787215289,5641510.46939679
0.000268246286632321,35.1491196860693,531737.787215289,5641510.46939679
0.000300575179852643,35.1491196860693,532237.787215289,5641510.46939679
0.000130756396966069,35.1491196860693,483237.787215289,5642010.46939679
1.98412284171531e-05,35.1491196860693,483737.787215289,5642010.46939679
0.000131551930884299,35.1491196860693,484237.787215289,5642010.46939679
7.68514516372636e-05,35.1491196860693,484737.787215289,5642010.46939679
0.000280559342102405,35.1491196860693,485237.787215289,5642010.46939679
9.47635328264519e-05,35.1491196860693,485737.787215289,5642010.46939679
0.00040328247697025,35.1491196860693,486237.787215289,5642010.46939679
4.44292147748547e-05,35.1491196860693,486737.787215289,5642010.46939679
2.20338176357402e-05,35.1491196860693,487237.787215289,5642010.46939679
0.000119384711787159,35.1491196860693,487737.787215289,5642010.46939679
0.000114421791038303,35.1491196860693,488237.787215289,5642010.46939679
0.000111003668449759,35.1491196860693,488737.787215289,5642010.46939679
0.000107361551941638,35.1491196860693,489237.787215289,5642010.46939679
1.18536938056273e-05,35.1491196860693,489737.787215289,5642010.46939679
1.45178744078896e-05,35.1491196860693,490237.787215289,5642010.46939679
1.46737000889641e-05,35.1491196860693,490737.787215289,5642010.46939679
1.35396922236758e-05,35.1491196860693,491237.787215289,5642010.46939679
1.55932153945716e-05,35.1491196860693,491737.787215289,5642010.46939679
1.58084548190221e-05,35.1491196860693,492237.787215289,5642010.46939679
1.38319050507761e-05,35.1491196860693,492737.787215289,5642010.46939679
8.41008612580111e-05,35.1491196860693,493237.787215289,5642010.46939679
0.000110361504229609,35.1491196860693,493737.787215289,5642010.46939679
0.000312700926704552,35.1491196860693,494237.787215289,5642010.46939679
0.000104981166683557,35.1491196860693,494737.787215289,5642010.46939679
0.000141489238692083,35.1491196860693,495237.787215289,5642010.46939679
0.000113018239266885,35.1491196860693,495737.787215289,5642010.46939679
4.5994573973701e-06,35.1491196860693,496237.787215289,5642010.46939679
9.42481990274602e-05,35.1491196860693,496737.787215289,5642010.46939679
3.30659070755284e-05,35.1491196860693,497237.787215289,5642010.46939679
0.000349877975311133,35.1491196860693,497737.787215289,5642010.46939679
4.54103368739826e-05,35.1491196860693,498237.787215289,5642010.46939679
1.95546006432809e-05,35.1491196860693,498737.787215289,5642010.46939679
4.80339655088447e-05,35.1491196860693,499237.787215289,5642010.46939679
8.42336507461325e-05,35.1491196860693,499737.787215289,5642010.46939679
0.000188619115791974,35.1491196860693,500237.787215289,5642010.46939679
0.000349877975311133,35.1491196860693,500737.787215289,5642010.46939679
0.000244887303548732,35.1491196860693,501237.787215289,5642010.46939679
0.000429440946229761,35.1491196860693,501737.787215289,5642010.46939679
0.000324290973287297,35.1491196860693,502237.787215289,5642010.46939679
0.000230474801428395,35.1491196860693,502737.787215289,5642010.46939679
0.000119547983576538,35.1491196860693,503237.787215289,5642010.46939679
0.000249778064253938,35.1491196860693,503737.787215289,5642010.46939679
0.000424880547180999,35.1491196860693,504237.787215289,5642010.46939679
0.000339878689916617,35.1491196860693,504737.787215289,5642010.46939679
2.2687615814887e-05,35.1491196860693,505237.787215289,5642010.46939679
0.000210353411806071,35.1491196860693,505737.787215289,5642010.46939679
7.54933832397561e-05,35.1491196860693,506237.787215289,5642010.46939679
9.45113053447866e-05,35.1491196860693,506737.787215289,5642010.46939679
0.000134003034948792,35.1491196860693,507237.787215289,5642010.46939679
0.000269386842953806,35.1491196860693,507737.787215289,5642010.46939679
2.65310641536277e-05,35.1491196860693,508237.787215289,5642010.46939679
7.23461950781974e-05,35.1491196860693,508737.787215289,5642010.46939679
0.000119575448302171,35.1491196860693,509237.787215289,5642010.46939679
5.7181749520105e-05,35.1491196860693,509737.787215289,5642010.46939679
0.000196490020552581,35.1491196860693,510237.787215289,5642010.46939679
0.000113773794075642,35.1491196860693,510737.787215289,5642010.46939679
5.44540518648881e-05,35.1491196860693,511237.787215289,5642010.46939679
0.000113018239266885,35.1491196860693,511737.787215289,5642010.46939679
5.76001903785366e-05,35.1491196860693,512237.787215289,5642010.46939679
0.000133761056889374,35.1491196860693,512737.787215289,5642010.46939679
4.60096623474436e-05,35.1491196860693,513237.787215289,5642010.46939679
4.60096623474436e-05,35.1491196860693,513737.787215289,5642010.46939679
0.000119547983576538,35.1491196860693,514237.787215289,5642010.46939679
4.04657311190481e-06,35.1491196860693,514737.787215289,5642010.46939679
7.12072191265394e-05,35.1491196860693,515237.787215289,5642010.46939679
9.73395445368326e-05,35.1491196860693,515737.787215289,5642010.46939679
6.49895394498431e-05,35.1491196860693,516237.787215289,5642010.46939679
0.000119547983576538,35.1491196860693,516737.787215289,5642010.46939679
4.32593976424101e-05,35.1491196860693,517237.787215289,5642010.46939679
3.74486737098882e-05,35.1491196860693,517737.787215289,5642010.46939679
5.18239111870392e-05,35.1491196860693,518237.787215289,5642010.46939679
3.30659070755284e-05,35.1491196860693,518737.787215289,5642010.46939679
3.50825618949997e-05,35.1491196860693,519237.787215289,5642010.46939679
5.89642132378738e-05,35.1491196860693,519737.787215289,5642010.46939679
0.00010153665313225,35.1491196860693,520237.787215289,5642010.46939679
2.78976310118978e-05,35.1491196860693,520737.787215289,5642010.46939679
2.22164831727904e-05,35.1491196860693,521237.787215289,5642010.46939679
5.19057375861514e-05,35.1491196860693,521737.787215289,5642010.46939679
0.000152300263620672,35.1491196860693,522237.787215289,5642010.46939679
0.000143981580611694,35.1491196860693,522737.787215289,5642010.46939679
1.62775309975885e-05,35.1491196860693,523237.787215289,5642010.46939679
2.47074807939733e-05,35.1491196860693,523737.787215289,5642010.46939679
2.5274374362892e-05,35.1491196860693,524237.787215289,5642010.46939679
3.48154359540247e-05,35.1491196860693,524737.787215289,5642010.46939679
4.12052916368444e-05,35.1491196860693,525237.787215289,5642010.46939679
3.17374790847228e-05,35.1491196860693,525737.787215289,5642010.46939679
0.000128869890976422,35.1491196860693,526237.787215289,5642010.46939679
0.000286408102120407,35.1491196860693,526737.787215289,5642010.46939679
0.000200779858770678,35.1491196860693,527237.787215289,5642010.46939679
0.000206987812152193,35.1491196860693,527737.787215289,5642010.46939679
0.000207937746061908,35.1491196860693,528237.787215289,5642010.46939679
4.07864122703977e-05,35.1491196860693,528737.787215289,5642010.46939679
9.65761937189911e-05,35.1491196860693,529237.787215289,5642010.46939679
0.000105492152977616,35.1491196860693,529737.787215289,5642010.46939679
0.000136530713457085,35.1491196860693,530237.787215289,5642010.46939679
0.000316556293386488,35.1491196860693,530737.787215289,5642010.46939679
0.000317478904638204,35.1491196860693,531237.787215289,5642010.46939679
0.000334276826156257,35.1491196860693,531737.787215289,5642010.46939679
0.000200098274678493,35.1491196860693,532237.787215289,5642010.46939679
1.98412284171531e-05,35.1491196860693,483237.787215289,5642510.46939679
3.48997953003971e-05,35.1491196860693,483737.787215289,5642510.46939679
0.000331046307446371,35.1491196860693,484237.787215289,5642510.46939679
0.000169745555487771,35.1491196860693,484737.787215289,5642510.46939679
0.000200899828661293,35.1491196860693,485237.787215289,5642510.46939679
4.08070753826404e-05,35.1491196860693,485737.787215289,5642510.46939679
7.50092714626093e-05,35.1491196860693,486237.787215289,5642510.46939679
2.54125705246433e-05,35.1491196860693,486737.787215289,5642510.46939679
0.00012380962470783,35.1491196860693,487237.787215289,5642510.46939679
0.000120111059329218,35.1491196860693,487737.787215289,5642510.46939679
0.000115467606742887,35.1491196860693,488237.787215289,5642510.46939679
0.0001123584903913,35.1491196860693,488737.787215289,5642510.46939679
0.000109002004790646,35.1491196860693,489237.787215289,5642510.46939679
0.000103524487420274,35.1491196860693,489737.787215289,5642510.46939679
1.18536938056273e-05,35.1491196860693,490237.787215289,5642510.46939679
9.48082215979082e-05,35.1491196860693,490737.787215289,5642510.46939679
1.48527955289776e-05,35.1491196860693,491237.787215289,5642510.46939679
1.36634450738476e-05,35.1491196860693,491737.787215289,5642510.46939679
1.55932153945716e-05,35.1491196860693,492237.787215289,5642510.46939679
1.44756846621016e-05,35.1491196860693,492737.787215289,5642510.46939679
1.54763818094911e-05,35.1491196860693,493237.787215289,5642510.46939679
6.54641091520288e-05,35.1491196860693,493737.787215289,5642510.46939679
5.44006942626421e-05,35.1491196860693,494237.787215289,5642510.46939679
0.000188619115791974,35.1491196860693,494737.787215289,5642510.46939679
5.65953167445128e-05,35.1491196860693,495237.787215289,5642510.46939679
6.81718490045502e-05,35.1491196860693,495737.787215289,5642510.46939679
0.000141489238692083,35.1491196860693,496237.787215289,5642510.46939679
0.000341491168608918,35.1491196860693,496737.787215289,5642510.46939679
0.000257875976684236,35.1491196860693,497237.787215289,5642510.46939679
0.000341491168608918,35.1491196860693,497737.787215289,5642510.46939679
0.000341491168608918,35.1491196860693,498237.787215289,5642510.46939679
0.000341491168608918,35.1491196860693,498737.787215289,5642510.46939679
0.000205985197909695,35.1491196860693,499237.787215289,5642510.46939679
0.000243790718690136,35.1491196860693,499737.787215289,5642510.46939679
0.000322838825438335,35.1491196860693,500237.787215289,5642510.46939679
0.000139020864811278,35.1491196860693,500737.787215289,5642510.46939679
0.000404166795800545,35.1491196860693,501237.787215289,5642510.46939679
0.000361221169974052,35.1491196860693,501737.787215289,5642510.46939679
0.000382091092337595,35.1491196860693,502237.787215289,5642510.46939679
1.49614843425136e-05,35.1491196860693,502737.787215289,5642510.46939679
1.58258993951919e-05,35.1491196860693,503237.787215289,5642510.46939679
6.01344460442285e-05,35.1491196860693,503737.787215289,5642510.46939679
8.66905689460241e-05,35.1491196860693,504237.787215289,5642510.46939679
9.77294674371312e-05,35.1491196860693,504737.787215289,5642510.46939679
9.05823925780219e-05,35.1491196860693,505237.787215289,5642510.46939679
1.83702265037127e-05,35.1491196860693,505737.787215289,5642510.46939679
0.000254672858223593,35.1491196860693,506237.787215289,5642510.46939679
0.000528568160490819,35.1491196860693,506737.787215289,5642510.46939679
3.20663384147973e-05,35.1491196860693,507237.787215289,5642510.46939679
5.44665620348579e-05,35.1491196860693,507737.787215289,5642510.46939679
8.15885159173781e-05,35.1491196860693,508237.787215289,5642510.46939679
0.000228635849524321,35.1491196860693,508737.787215289,5642510.46939679
0.00048695067522219,35.1491196860693,509237.787215289,5642510.46939679
0.000274766895602211,35.1491196860693,509737.787215289,5642510.46939679
9.65628750716317e-05,35.1491196860693,510237.787215289,5642510.46939679
0.000305205278470215,35.1491196860693,510737.787215289,5642510.46939679
0.00014966392409879,35.1491196860693,511237.787215289,5642510.46939679
0.00014966392409879,35.1491196860693,511737.787215289,5642510.46939679
0.000131427506280531,35.1491196860693,512237.787215289,5642510.46939679
9.54920864415029e-05,35.1491196860693,512737.787215289,5642510.46939679
2.62368603841164e-05,35.1491196860693,513237.787215289,5642510.46939679
4.8667917624212e-05,35.1491196860693,513737.787215289,5642510.46939679
1.87305079521446e-05,35.1491196860693,514237.787215289,5642510.46939679
7.52936037741771e-05,35.1491196860693,514737.787215289,5642510.46939679
1.18536938056273e-05,35.1491196860693,515237.787215289,5642510.46939679
0.000145193013138474,35.1491196860693,515737.787215289,5642510.46939679
0.000177132512376088,35.1491196860693,516237.787215289,5642510.46939679
5.13238635262561e-05,35.1491196860693,516737.787215289,5642510.46939679
6.67797068763801e-05,35.1491196860693,517237.787215289,5642510.46939679
8.18363355585913e-05,35.1491196860693,517737.787215289,5642510.46939679
5.20570181593895e-05,35.1491196860693,518237.787215289,5642510.46939679
4.15819081948857e-05,35.1491196860693,518737.787215289,5642510.46939679
3.50272562612683e-05,35.1491196860693,519237.787215289,5642510.46939679
4.71677973496756e-05,35.1491196860693,519737.787215289,5642510.46939679
5.49845969054281e-05,35.1491196860693,520237.787215289,5642510.46939679
0.000120712737853234,35.1491196860693,520737.787215289,5642510.46939679
6.88360463444201e-05,35.1491196860693,521237.787215289,5642510.46939679
2.6656934874273e-05,35.1491196860693,521737.787215289,5642510.46939679
2.28008396394268e-05,35.1491196860693,522237.787215289,5642510.46939679
2.73183068240187e-05,35.1491196860693,522737.787215289,5642510.46939679
9.94281357785465e-05,35.1491196860693,523237.787215289,5642510.46939679
0.000110228041309417,35.1491196860693,523737.787215289,5642510.46939679
2.01910433410238e-05,35.1491196860693,524237.787215289,5642510.46939679
2.19485961732272e-05,35.1491196860693,524737.787215289,5642510.46939679
2.45580672591547e-05,35.1491196860693,525237.787215289,5642510.46939679
0.000282919912887021,35.1491196860693,525737.787215289,5642510.46939679
0.000302955623008986,35.1491196860693,526237.787215289,5642510.46939679
0.000139697536244364,35.1491196860693,526737.787215289,5642510.46939679
1.51313398212467e-05,35.1491196860693,527237.787215289,5642510.46939679
1.79084722941289e-05,35.1491196860693,527737.787215289,5642510.46939679
2.11953061459402e-05,35.1491196860693,528237.787215289,5642510.46939679
0.000244977347871397,35.1491196860693,528737.787215289,5642510.46939679
3.72313341368177e-05,35.1491196860693,529237.787215289,5642510.46939679
2.70675617176824e-05,35.1491196860693,529737.787215289,5642510.46939679
0.000370676883717463,35.1491196860693,530237.787215289,5642510.46939679
0.000420420093207569,35.1491196860693,530737.787215289,5642510.46939679
0.000101057209724298,35.1491196860693,531237.787215289,5642510.46939679
0.000175867270097946,35.1491196860693,531737.787215289,5642510.46939679
5.31674773937817e-05,35.1491196860693,532237.787215289,5642510.46939679
4.15564381121151e-05,35.1491196860693,483237.787215289,5643010.46939679
0.000466536190835961,35.1491196860693,483737.787215289,5643010.46939679
6.55273105752798e-05,35.1491196860693,484237.787215289,5643010.46939679
5.25006417260148e-05,35.1491196860693,484737.787215289,5643010.46939679
0.000333060423559917,35.1491196860693,485237.787215289,5643010.46939679
2.93094347673298e-05,35.1491196860693,485737.787215289,5643010.46939679
2.44657044254756e-05,35.1491196860693,486237.787215289,5643010.46939679
1.93069773882503e-05,35.1491196860693,486737.787215289,5643010.46939679
0.000124941245256006,35.1491196860693,487237.787215289,5643010.46939679
2.05791516957057e-05,35.1491196860693,487737.787215289,5643010.46939679
1.78430306812804e-05,35.1491196860693,488237.787215289,5643010.46939679
0.000115117943715095,35.1491196860693,488737.787215289,5643010.46939679
1.69463911131871e-05,35.1491196860693,489237.787215289,5643010.46939679
2.55331348015552e-05,35.1491196860693,489737.787215289,5643010.46939679
1.66670815328508e-05,35.1491196860693,490237.787215289,5643010.46939679
1.51935811532204e-05,35.1491196860693,490737.787215289,5643010.46939679
1.87348110633012e-05,35.1491196860693,491237.787215289,5643010.46939679
1.82857252388771e-05,35.1491196860693,491737.787215289,5643010.46939679
1.4169871346886e-05,35.1491196860693,492237.787215289,5643010.46939679
1.38722184847502e-05,35.1491196860693,492737.787215289,5643010.46939679
1.89083642721663e-05,35.1491196860693,493237.787215289,5643010.46939679
1.47415096071067e-05,35.1491196860693,493737.787215289,5643010.46939679
3.0551204385574e-05,35.1491196860693,494237.787215289,5643010.46939679
5.71055998760199e-05,35.1491196860693,494737.787215289,5643010.46939679
3.67154127552505e-05,35.1491196860693,495237.787215289,5643010.46939679
2.43710770146919e-05,35.1491196860693,495737.787215289,5643010.46939679
0.000111046560908589,35.1491196860693,496237.787215289,5643010.46939679
0.000113018239266885,35.1491196860693,496737.787215289,5643010.46939679
1.98126821968575e-05,35.1491196860693,497237.787215289,5643010.46939679
5.76001903785366e-05,35.1491196860693,497737.787215289,5643010.46939679
0.000106845151418294,35.1491196860693,498237.787215289,5643010.46939679
7.21105472713387e-05,35.1491196860693,498737.787215289,5643010.46939679
4.8667917624212e-05,35.1491196860693,499237.787215289,5643010.46939679
2.34490054672216e-05,35.1491196860693,499737.787215289,5643010.46939679
6.44482835390485e-05,35.1491196860693,500237.787215289,5643010.46939679
5.44540518648881e-05,35.1491196860693,500737.787215289,5643010.46939679
0.000177132512376088,35.1491196860693,501237.787215289,5643010.46939679
0.000167457484992613,35.1491196860693,501737.787215289,5643010.46939679
3.47440511070631e-05,35.1491196860693,502237.787215289,5643010.46939679
3.67514241778371e-05,35.1491196860693,502737.787215289,5643010.46939679
8.38564595048802e-05,35.1491196860693,503237.787215289,5643010.46939679
0.00021199335233693,35.1491196860693,503737.787215289,5643010.46939679
0.00011289366149508,35.1491196860693,504237.787215289,5643010.46939679
0.000397359230867705,35.1491196860693,504737.787215289,5643010.46939679
0.000212585159828284,35.1491196860693,505237.787215289,5643010.46939679
0.000231791802123906,35.1491196860693,505737.787215289,5643010.46939679
4.71504602676928e-05,35.1491196860693,506237.787215289,5643010.46939679
5.9387506539737e-05,35.1491196860693,506737.787215289,5643010.46939679
3.64423238557939e-06,35.1491196860693,507237.787215289,5643010.46939679
2.11923831397897e-05,35.1491196860693,507737.787215289,5643010.46939679
0.000189467535565831,35.1491196860693,508237.787215289,5643010.46939679
0.000685166913831886,35.1491196860693,508737.787215289,5643010.46939679
0.000200414216121554,35.1491196860693,509237.787215289,5643010.46939679
8.63023758306126e-05,35.1491196860693,509737.787215289,5643010.46939679
0.00035145174683182,35.1491196860693,510237.787215289,5643010.46939679
0.00032824900937916,35.1491196860693,510737.787215289,5643010.46939679
0.000305205278470215,35.1491196860693,511237.787215289,5643010.46939679
0.000174825170365111,35.1491196860693,511737.787215289,5643010.46939679
0.000332255354091968,35.1491196860693,512237.787215289,5643010.46939679
0.000117990742158045,35.1491196860693,512737.787215289,5643010.46939679
5.08091769701628e-05,35.1491196860693,513237.787215289,5643010.46939679
3.78506240865225e-05,35.1491196860693,513737.787215289,5643010.46939679
3.13130320807774e-05,35.1491196860693,514237.787215289,5643010.46939679
0.000238410226077787,35.1491196860693,514737.787215289,5643010.46939679
2.19879431162484e-05,35.1491196860693,515237.787215289,5643010.46939679
1.18536938056273e-05,35.1491196860693,515737.787215289,5643010.46939679
6.82794876755244e-05,35.1491196860693,516237.787215289,5643010.46939679
3.10522460551786e-05,35.1491196860693,516737.787215289,5643010.46939679
6.13354196409831e-05,35.1491196860693,517237.787215289,5643010.46939679
2.75144199519968e-05,35.1491196860693,517737.787215289,5643010.46939679
3.88319243832759e-05,35.1491196860693,518237.787215289,5643010.46939679
8.059484227238e-05,35.1491196860693,518737.787215289,5643010.46939679
0.000125171533302587,35.1491196860693,519237.787215289,5643010.46939679
2.67313512348863e-05,35.1491196860693,519737.787215289,5643010.46939679
0.000159833743495648,35.1491196860693,520237.787215289,5643010.46939679
0.000126131928101632,35.1491196860693,520737.787215289,5643010.46939679
0.000139646188762083,35.1491196860693,521237.787215289,5643010.46939679
2.28340422738727e-05,35.1491196860693,521737.787215289,5643010.46939679
3.42002004274693e-05,35.1491196860693,522237.787215289,5643010.46939679
9.12712337603029e-06,35.1491196860693,522737.787215289,5643010.46939679
1.08022711825704e-05,35.1491196860693,523237.787215289,5643010.46939679
0.000124853669348891,35.1491196860693,523737.787215289,5643010.46939679
0.000189813206711161,35.1491196860693,524237.787215289,5643010.46939679
0.000251359334090165,35.1491196860693,524737.787215289,5643010.46939679
0.000224650598929349,35.1491196860693,525237.787215289,5643010.46939679
0.000200779858770678,35.1491196860693,525737.787215289,5643010.46939679
0.000289939298097305,35.1491196860693,526237.787215289,5643010.46939679
9.65761937189911e-05,35.1491196860693,526737.787215289,5643010.46939679
3.93161147495777e-05,35.1491196860693,527237.787215289,5643010.46939679
1.24812724931345e-05,35.1491196860693,527737.787215289,5643010.46939679
4.406459201494e-05,35.1491196860693,528237.787215289,5643010.46939679
0.000180800218341235,35.1491196860693,528737.787215289,5643010.46939679
6.20916391245594e-05,35.1491196860693,529237.787215289,5643010.46939679
0.000293406146503606,35.1491196860693,529737.787215289,5643010.46939679
0.00016427669615328,35.1491196860693,530237.787215289,5643010.46939679
0.000314107473694264,35.1491196860693,530737.787215289,5643010.46939679
0.000252397157348612,35.1491196860693,531237.787215289,5643010.46939679
7.29191499211281e-05,35.1491196860693,531737.787215289,5643010.46939679
1.79060025692614e-05,35.1491196860693,532237.787215289,5643010.46939679
0.00022615244359984,35.1491196860693,483737.787215289,5643510.46939679
0.000697578022301124,35.1491196860693,484237.787215289,5643510.46939679
8.73022057428344e-05,35.1491196860693,484737.787215289,5643510.46939679
2.25393661220705e-05,35.1491196860693,485237.787215289,5643510.46939679
1.98412284171531e-05,35.1491196860693,485737.787215289,5643510.46939679
0.000129965673879658,35.1491196860693,486237.787215289,5643510.46939679
1.9424442810419e-05,35.1491196860693,486737.787215289,5643510.46939679
2.25749542343104e-05,35.1491196860693,487237.787215289,5643510.46939679
1.8616952732203e-05,35.1491196860693,487737.787215289,5643510.46939679
1.81706920500026e-05,35.1491196860693,488237.787215289,5643510.46939679
0.000117588001800445,35.1491196860693,488737.787215289,5643510.46939679
2.5804029020028e-05,35.1491196860693,489237.787215289,5643510.46939679
0.000178770661936832,35.1491196860693,489737.787215289,5643510.46939679
2.17708009212247e-05,35.1491196860693,490237.787215289,5643510.46939679
0.000105745787496803,35.1491196860693,490737.787215289,5643510.46939679
2.33465046599563e-05,35.1491196860693,491237.787215289,5643510.46939679
1.64162461336513e-05,35.1491196860693,491737.787215289,5643510.46939679
1.50559695214639e-05,35.1491196860693,492237.787215289,5643510.46939679
1.47844741063599e-05,35.1491196860693,492737.787215289,5643510.46939679
9.59653748762927e-05,35.1491196860693,493237.787215289,5643510.46939679
7.61833931152167e-05,35.1491196860693,493737.787215289,5643510.46939679
1.69505449499098e-05,35.1491196860693,494237.787215289,5643510.46939679
9.23914565833184e-05,35.1491196860693,494737.787215289,5643510.46939679
2.12877077140538e-05,35.1491196860693,495237.787215289,5643510.46939679
1.64961507207235e-05,35.1491196860693,495737.787215289,5643510.46939679
2.21464923779259e-05,35.1491196860693,496237.787215289,5643510.46939679
0.000155549071180493,35.1491196860693,496737.787215289,5643510.46939679
0.000147052937393658,35.1491196860693,497237.787215289,5643510.46939679
2.05917647280263e-05,35.1491196860693,497737.787215289,5643510.46939679
2.43710770146919e-05,35.1491196860693,498237.787215289,5643510.46939679
2.57791409032206e-05,35.1491196860693,498737.787215289,5643510.46939679
1.31384406043893e-05,35.1491196860693,499237.787215289,5643510.46939679
0.000257875976684236,35.1491196860693,499737.787215289,5643510.46939679
1.41442838818556e-05,35.1491196860693,500237.787215289,5643510.46939679
2.48037957294821e-05,35.1491196860693,500737.787215289,5643510.46939679
4.34966017176094e-05,35.1491196860693,501237.787215289,5643510.46939679
0.000101009239355077,35.1491196860693,501737.787215289,5643510.46939679
7.92761962256667e-05,35.1491196860693,502237.787215289,5643510.46939679
0.000156248739966662,35.1491196860693,502737.787215289,5643510.46939679
9.12885838192074e-05,35.1491196860693,503237.787215289,5643510.46939679
0.000274800568461583,35.1491196860693,503737.787215289,5643510.46939679
6.05809859816878e-05,35.1491196860693,504237.787215289,5643510.46939679
4.34433322648205e-05,35.1491196860693,504737.787215289,5643510.46939679
0.000467387355648671,35.1491196860693,505237.787215289,5643510.46939679
0.000405835537096713,35.1491196860693,505737.787215289,5643510.46939679
0.000395482950155752,35.1491196860693,506237.787215289,5643510.46939679
3.0127850779248e-05,35.1491196860693,506737.787215289,5643510.46939679
1.82281179013796e-05,35.1491196860693,507237.787215289,5643510.46939679
2.37119479724889e-05,35.1491196860693,507737.787215289,5643510.46939679
3.00967597454371e-06,35.1491196860693,508237.787215289,5643510.46939679
5.84015274489692e-05,35.1491196860693,508737.787215289,5643510.46939679
0.000415955490076506,35.1491196860693,509237.787215289,5643510.46939679
0.000265397675848622,35.1491196860693,509737.787215289,5643510.46939679
1.91693640300906e-05,35.1491196860693,510237.787215289,5643510.46939679
0.000190319771581268,35.1491196860693,510737.787215289,5643510.46939679
0.000405344750057548,35.1491196860693,511237.787215289,5643510.46939679
3.33640408360442e-05,35.1491196860693,511737.787215289,5643510.46939679
0.000371757230786259,35.1491196860693,512237.787215289,5643510.46939679
0.000265397675848622,35.1491196860693,512737.787215289,5643510.46939679
2.4815575317635e-05,35.1491196860693,513237.787215289,5643510.46939679
2.24521893206285e-05,35.1491196860693,513737.787215289,5643510.46939679
6.17161523899286e-05,35.1491196860693,514237.787215289,5643510.46939679
4.68997981307815e-05,35.1491196860693,514737.787215289,5643510.46939679
0.000221296780466996,35.1491196860693,515237.787215289,5643510.46939679
4.61809490964968e-06,35.1491196860693,515737.787215289,5643510.46939679
0.000291269923162413,35.1491196860693,516237.787215289,5643510.46939679
1.58258993951919e-05,35.1491196860693,516737.787215289,5643510.46939679
0.000114646738244455,35.1491196860693,517237.787215289,5643510.46939679
0.000253594599407488,35.1491196860693,517737.787215289,5643510.46939679
6.82042245455218e-05,35.1491196860693,518237.787215289,5643510.46939679
0.000224214007413756,35.1491196860693,518737.787215289,5643510.46939679
0.000123662211317359,35.1491196860693,519237.787215289,5643510.46939679
6.9566363523339e-05,35.1491196860693,519737.787215289,5643510.46939679
6.56709990267981e-05,35.1491196860693,520237.787215289,5643510.46939679
2.33211288185512e-05,35.1491196860693,520737.787215289,5643510.46939679
2.10668078875224e-05,35.1491196860693,521237.787215289,5643510.46939679
3.78002179416112e-05,35.1491196860693,521737.787215289,5643510.46939679
6.73085772118963e-05,35.1491196860693,522237.787215289,5643510.46939679
3.71686575622355e-05,35.1491196860693,522737.787215289,5643510.46939679
4.54270341178437e-05,35.1491196860693,523237.787215289,5643510.46939679
1.20865544274209e-05,35.1491196860693,523737.787215289,5643510.46939679
7.71427669702256e-05,35.1491196860693,524237.787215289,5643510.46939679
6.51799551969832e-05,35.1491196860693,524737.787215289,5643510.46939679
6.89457937404937e-05,35.1491196860693,525237.787215289,5643510.46939679
8.1599769193249e-05,35.1491196860693,525737.787215289,5643510.46939679
8.6314279276001e-05,35.1491196860693,526237.787215289,5643510.46939679
4.39904120868797e-05,35.1491196860693,526737.787215289,5643510.46939679
6.81718490045502e-05,35.1491196860693,527237.787215289,5643510.46939679
2.70675617176824e-05,35.1491196860693,527737.787215289,5643510.46939679
0.000299265900076743,35.1491196860693,528237.787215289,5643510.46939679
0.000276942946786965,35.1491196860693,528737.787215289,5643510.46939679
8.2464235441014e-05,35.1491196860693,529237.787215289,5643510.46939679
5.78938514417937e-05,35.1491196860693,529737.787215289,5643510.46939679
1.89106815043413e-05,35.1491196860693,530237.787215289,5643510.46939679
0.000430013600667889,35.1491196860693,530737.787215289,5643510.46939679
0.000371757230786259,35.1491196860693,531237.787215289,5643510.46939679
5.50646656002691e-05,35.1491196860693,531737.787215289,5643510.46939679
0.00059119230935269,35.1491196860693,483737.787215289,5644010.46939679
9.79782761031018e-05,35.1491196860693,484237.787215289,5644010.46939679
2.27453760337134e-05,35.1491196860693,484737.787215289,5644010.46939679
0.000133562005588965,35.1491196860693,485237.787215289,5644010.46939679
1.99014948168085e-05,35.1491196860693,485737.787215289,5644010.46939679
0.000130360435891305,35.1491196860693,486237.787215289,5644010.46939679
3.83448876928757e-05,35.1491196860693,486737.787215289,5644010.46939679
3.55967956960952e-05,35.1491196860693,487237.787215289,5644010.46939679
0.000150116210235013,35.1491196860693,487737.787215289,5644010.46939679
3.59788691854759e-05,35.1491196860693,488237.787215289,5644010.46939679
1.80061160650567e-05,35.1491196860693,488737.787215289,5644010.46939679
1.97236594185491e-05,35.1491196860693,489237.787215289,5644010.46939679
4.45696268999096e-05,35.1491196860693,489737.787215289,5644010.46939679
2.09596262577231e-05,35.1491196860693,490237.787215289,5644010.46939679
2.04572101401671e-05,35.1491196860693,490737.787215289,5644010.46939679
2.52252555202922e-05,35.1491196860693,491237.787215289,5644010.46939679
1.68194187359173e-05,35.1491196860693,491737.787215289,5644010.46939679
1.64162461336513e-05,35.1491196860693,492237.787215289,5644010.46939679
2.12824910285545e-05,35.1491196860693,492737.787215289,5644010.46939679
1.49649215653779e-05,35.1491196860693,493237.787215289,5644010.46939679
1.62439061411959e-05,35.1491196860693,493737.787215289,5644010.46939679
2.20071715904079e-05,35.1491196860693,494237.787215289,5644010.46939679
1.48762470737771e-05,35.1491196860693,494737.787215289,5644010.46939679
1.49449925939749e-05,35.1491196860693,495237.787215289,5644010.46939679
1.93751158586179e-05,35.1491196860693,495737.787215289,5644010.46939679
1.23441901248817e-05,35.1491196860693,496237.787215289,5644010.46939679
1.4766594873003e-05,35.1491196860693,496737.787215289,5644010.46939679
1.50615055560316e-05,35.1491196860693,497237.787215289,5644010.46939679
1.59316994365703e-05,35.1491196860693,497737.787215289,5644010.46939679
2.58950969811795e-05,35.1491196860693,498237.787215289,5644010.46939679
2.06843876856756e-05,35.1491196860693,498737.787215289,5644010.46939679
1.39600393296951e-05,35.1491196860693,499237.787215289,5644010.46939679
6.36087751385279e-05,35.1491196860693,499737.787215289,5644010.46939679
0.000174042317877678,35.1491196860693,500237.787215289,5644010.46939679
5.65953167445128e-05,35.1491196860693,500737.787215289,5644010.46939679
0.000104981166683557,35.1491196860693,501237.787215289,5644010.46939679
0.000147052937393658,35.1491196860693,501737.787215289,5644010.46939679
0.000244887303548732,35.1491196860693,502237.787215289,5644010.46939679
0.000108043246229985,35.1491196860693,502737.787215289,5644010.46939679
0.000200414216121554,35.1491196860693,503237.787215289,5644010.46939679
0.00062376102121567,35.1491196860693,503737.787215289,5644010.46939679
7.39075663298114e-05,35.1491196860693,504237.787215289,5644010.46939679
4.43754854170765e-05,35.1491196860693,504737.787215289,5644010.46939679
5.3562282760623e-05,35.1491196860693,505237.787215289,5644010.46939679
0.000371620587017629,35.1491196860693,505737.787215289,5644010.46939679
0.00042730843939602,35.1491196860693,506237.787215289,5644010.46939679
2.7504306701406e-05,35.1491196860693,506737.787215289,5644010.46939679
5.72580007088426e-05,35.1491196860693,507237.787215289,5644010.46939679
5.50646656002691e-05,35.1491196860693,507737.787215289,5644010.46939679
2.54558144735814e-05,35.1491196860693,508237.787215289,5644010.46939679
1.69279716992517e-05,35.1491196860693,508737.787215289,5644010.46939679
0.000265397675848622,35.1491196860693,509237.787215289,5644010.46939679
0.000239306592188707,35.1491196860693,509737.787215289,5644010.46939679
0.000308854664532065,35.1491196860693,510237.787215289,5644010.46939679
0.00036722956707751,35.1491196860693,510737.787215289,5644010.46939679
0.000425499259198378,35.1491196860693,511237.787215289,5644010.46939679
0.000296950835601231,35.1491196860693,511737.787215289,5644010.46939679
0.000280731297880861,35.1491196860693,512237.787215289,5644010.46939679
0.000336269387012928,35.1491196860693,512737.787215289,5644010.46939679
4.20230721416791e-05,35.1491196860693,513237.787215289,5644010.46939679
0.000244145727288152,35.1491196860693,513737.787215289,5644010.46939679
0.000126730332922284,35.1491196860693,514237.787215289,5644010.46939679
6.74065921148377e-05,35.1491196860693,514737.787215289,5644010.46939679
6.44482835390485e-05,35.1491196860693,515237.787215289,5644010.46939679
4.29353951768262e-07,35.1491196860693,515737.787215289,5644010.46939679
0.000208298189766018,35.1491196860693,516237.787215289,5644010.46939679
0.000333913493149904,35.1491196860693,516737.787215289,5644010.46939679
0.000396301599148743,35.1491196860693,517237.787215289,5644010.46939679
0.000202270788370538,35.1491196860693,517737.787215289,5644010.46939679
6.59663910071351e-05,35.1491196860693,518237.787215289,5644010.46939679
0.000138784698288872,35.1491196860693,518737.787215289,5644010.46939679
3.66575330263922e-05,35.1491196860693,519237.787215289,5644010.46939679
2.87113461573278e-05,35.1491196860693,519737.787215289,5644010.46939679
2.52376232785786e-05,35.1491196860693,520237.787215289,5644010.46939679
4.55538496939198e-05,35.1491196860693,520737.787215289,5644010.46939679
6.56790470498695e-05,35.1491196860693,521237.787215289,5644010.46939679
3.95644049628146e-05,35.1491196860693,521737.787215289,5644010.46939679
2.00376125943029e-05,35.1491196860693,522237.787215289,5644010.46939679
4.39904120868797e-05,35.1491196860693,522737.787215289,5644010.46939679
8.71232031129495e-05,35.1491196860693,523237.787215289,5644010.46939679
1.27848674652784e-05,35.1491196860693,523737.787215289,5644010.46939679
5.82350128552585e-06,35.1491196860693,524237.787215289,5644010.46939679
1.51313398212467e-05,35.1491196860693,524737.787215289,5644010.46939679
2.50853894872658e-05,35.1491196860693,525237.787215289,5644010.46939679
8.6314279276001e-05,35.1491196860693,525737.787215289,5644010.46939679
3.32192206546857e-05,35.1491196860693,526237.787215289,5644010.46939679
8.06573190298956e-06,35.1491196860693,526737.787215289,5644010.46939679
6.44482835390485e-05,35.1491196860693,527237.787215289,5644010.46939679
0.000219238707500533,35.1491196860693,527737.787215289,5644010.46939679
0.000129057551604225,35.1491196860693,528237.787215289,5644010.46939679
6.0317100388111e-05,35.1491196860693,528737.787215289,5644010.46939679
0.000180208540772742,35.1491196860693,529237.787215289,5644010.46939679
3.88932373268592e-05,35.1491196860693,529737.787215289,5644010.46939679
8.01074611276782e-05,35.1491196860693,530237.787215289,5644010.46939679
6.18808576560192e-05,35.1491196860693,530737.787215289,5644010.46939679
6.16113099326042e-05,35.1491196860693,531237.787215289,5644010.46939679
3.32146394523374e-05,35.1491196860693,531737.787215289,5644010.46939679
8.30358776566848e-05,35.1491196860693,483237.787215289,5644510.46939679
8.78333603740131e-05,35.1491196860693,483737.787215289,5644510.46939679
5.31414225429802e-05,35.1491196860693,484237.787215289,5644510.46939679
0.000134782762943951,35.1491196860693,484737.787215289,5644510.46939679
0.000133967691216809,35.1491196860693,485237.787215289,5644510.46939679
0.000131951511045135,35.1491196860693,485737.787215289,5644510.46939679
0.000131153560746021,35.1491196860693,486237.787215289,5644510.46939679
5.40385965343081e-05,35.1491196860693,486737.787215289,5644510.46939679
0.000130742819745041,35.1491196860693,487237.787215289,5644510.46939679
0.000333586303110928,35.1491196860693,487737.787215289,5644510.46939679
2.08303243519343e-05,35.1491196860693,488237.787215289,5644510.46939679
0.000117034954663921,35.1491196860693,488737.787215289,5644510.46939679
3.16719182710682e-05,35.1491196860693,489237.787215289,5644510.46939679
2.21356394358085e-05,35.1491196860693,489737.787215289,5644510.46939679
3.8002246175902e-05,35.1491196860693,490237.787215289,5644510.46939679
4.43001010200276e-05,35.1491196860693,490737.787215289,5644510.46939679
1.87894141397426e-05,35.1491196860693,491237.787215289,5644510.46939679
1.76022464676565e-05,35.1491196860693,491737.787215289,5644510.46939679
7.82819005050588e-05,35.1491196860693,492237.787215289,5644510.46939679
1.692174962297e-05,35.1491196860693,492737.787215289,5644510.46939679
1.66670815328508e-05,35.1491196860693,493237.787215289,5644510.46939679
1.71553273397771e-05,35.1491196860693,493737.787215289,5644510.46939679
0.000515084748281894,35.1491196860693,494237.787215289,5644510.46939679
1.76857564028416e-05,35.1491196860693,494737.787215289,5644510.46939679
1.36634450738476e-05,35.1491196860693,495237.787215289,5644510.46939679
1.57357374561179e-05,35.1491196860693,495737.787215289,5644510.46939679
1.3356979757222e-05,35.1491196860693,496237.787215289,5644510.46939679
1.83168416097204e-05,35.1491196860693,496737.787215289,5644510.46939679
2.60115746363339e-05,35.1491196860693,497237.787215289,5644510.46939679
1.85696763423953e-05,35.1491196860693,497737.787215289,5644510.46939679
2.04945329840955e-05,35.1491196860693,498237.787215289,5644510.46939679
0.000154814587873333,35.1491196860693,498737.787215289,5644510.46939679
0.000359515528676903,35.1491196860693,499237.787215289,5644510.46939679
0.000359515528676903,35.1491196860693,499737.787215289,5644510.46939679
0.000231146526014124,35.1491196860693,500237.787215289,5644510.46939679
0.000231146526014124,35.1491196860693,500737.787215289,5644510.46939679
6.71777680625889e-05,35.1491196860693,501237.787215289,5644510.46939679
0.000189467535565831,35.1491196860693,501737.787215289,5644510.46939679
0.00014307581066598,35.1491196860693,502237.787215289,5644510.46939679
0.000371757230786259,35.1491196860693,502737.787215289,5644510.46939679
0.000244471292736694,35.1491196860693,503237.787215289,5644510.46939679
0.000304649465415908,35.1491196860693,503737.787215289,5644510.46939679
4.1951683988383e-05,35.1491196860693,504237.787215289,5644510.46939679
3.30537533101627e-05,35.1491196860693,504737.787215289,5644510.46939679
0.000120844086010314,35.1491196860693,505237.787215289,5644510.46939679
0.000197612822230356,35.1491196860693,505737.787215289,5644510.46939679
0.000468749567812007,35.1491196860693,506237.787215289,5644510.46939679
0.000501883782515537,35.1491196860693,506737.787215289,5644510.46939679
3.94730004190833e-05,35.1491196860693,507237.787215289,5644510.46939679
5.08644626995435e-05,35.1491196860693,507737.787215289,5644510.46939679
3.56573698916079e-05,35.1491196860693,508237.787215289,5644510.46939679
2.11923831397897e-05,35.1491196860693,508737.787215289,5644510.46939679
1.60033611489919e-05,35.1491196860693,509237.787215289,5644510.46939679
2.95415545432953e-05,35.1491196860693,509737.787215289,5644510.46939679
0.000187137060173125,35.1491196860693,510237.787215289,5644510.46939679
0.000317401104453216,35.1491196860693,510737.787215289,5644510.46939679
0.000135031190587902,35.1491196860693,511237.787215289,5644510.46939679
0.000332255354091968,35.1491196860693,511737.787215289,5644510.46939679
0.000487719536919156,35.1491196860693,512237.787215289,5644510.46939679
3.0733314329248e-05,35.1491196860693,512737.787215289,5644510.46939679
0.000372840726553666,35.1491196860693,513237.787215289,5644510.46939679
0.000327731543763629,35.1491196860693,513737.787215289,5644510.46939679
0.000380333510275207,35.1491196860693,514237.787215289,5644510.46939679
3.27227863771798e-05,35.1491196860693,514737.787215289,5644510.46939679
0.000106624439021971,35.1491196860693,515237.787215289,5644510.46939679
9.15773495181958e-07,35.1491196860693,515737.787215289,5644510.46939679
1.18529813877605e-05,35.1491196860693,516237.787215289,5644510.46939679
1.18536938056273e-05,35.1491196860693,516737.787215289,5644510.46939679
0.000133761056889374,35.1491196860693,517237.787215289,5644510.46939679
9.74693456717123e-05,35.1491196860693,517737.787215289,5644510.46939679
6.42915114971569e-05,35.1491196860693,518237.787215289,5644510.46939679
2.88404914653823e-05,35.1491196860693,518737.787215289,5644510.46939679
5.65060974945574e-05,35.1491196860693,519237.787215289,5644510.46939679
1.59085333941258e-05,35.1491196860693,519737.787215289,5644510.46939679
4.18451507552672e-05,35.1491196860693,520237.787215289,5644510.46939679
0.00015161827578126,35.1491196860693,520737.787215289,5644510.46939679
4.79758768360782e-05,35.1491196860693,521237.787215289,5644510.46939679
1.43048618068187e-05,35.1491196860693,521737.787215289,5644510.46939679
8.62859734367796e-06,35.1491196860693,522237.787215289,5644510.46939679
1.51313398212467e-05,35.1491196860693,522737.787215289,5644510.46939679
5.68707893085735e-05,35.1491196860693,523237.787215289,5644510.46939679
6.52898665198856e-05,35.1491196860693,523737.787215289,5644510.46939679
3.83824973464549e-05,35.1491196860693,524237.787215289,5644510.46939679
3.06590261482901e-05,35.1491196860693,524737.787215289,5644510.46939679
1.23682268420233e-05,35.1491196860693,525237.787215289,5644510.46939679
5.36016793818376e-05,35.1491196860693,525737.787215289,5644510.46939679
2.4062831847557e-05,35.1491196860693,526237.787215289,5644510.46939679
2.19674317988668e-05,35.1491196860693,526737.787215289,5644510.46939679
7.62768078569338e-05,35.1491196860693,527237.787215289,5644510.46939679
0.000124248899117176,35.1491196860693,527737.787215289,5644510.46939679
6.5567472487607e-05,35.1491196860693,528237.787215289,5644510.46939679
7.00915306942895e-05,35.1491196860693,528737.787215289,5644510.46939679
0.000158616736047372,35.1491196860693,529237.787215289,5644510.46939679
2.04622245358669e-05,35.1491196860693,529737.787215289,5644510.46939679
3.51804995082148e-05,35.1491196860693,530237.787215289,5644510.46939679
3.33073625129138e-05,35.1491196860693,530737.787215289,5644510.46939679
1.78733937296361e-05,35.1491196860693,531237.787215289,5644510.46939679
1.93703678656774e-05,35.1491196860693,531737.787215289,5644510.46939679
2.0390262918173e-05,35.1491196860693,482737.787215289,5645010.46939679
2.7001719205105e-05,35.1491196860693,483237.787215289,5645010.46939679
3.58655213782181e-05,35.1491196860693,483737.787215289,5645010.46939679
3.79376885403619e-05,35.1491196860693,484237.787215289,5645010.46939679
2.37694030747262e-05,35.1491196860693,484737.787215289,5645010.46939679
2.47643132339394e-05,35.1491196860693,485237.787215289,5645010.46939679
2.80467335684739e-05,35.1491196860693,485737.787215289,5645010.46939679
2.94877560580857e-05,35.1491196860693,486237.787215289,5645010.46939679
0.000197277120585339,35.1491196860693,486737.787215289,5645010.46939679
0.000155208729088789,35.1491196860693,487237.787215289,5645010.46939679
9.75395375793439e-05,35.1491196860693,487737.787215289,5645010.46939679
0.000294545376580919,35.1491196860693,488237.787215289,5645010.46939679
0.000384180304186809,35.1491196860693,488737.787215289,5645010.46939679
0.000138095524794546,35.1491196860693,489237.787215289,5645010.46939679
1.79515893173422e-05,35.1491196860693,489737.787215289,5645010.46939679
2.20017785958e-05,35.1491196860693,490237.787215289,5645010.46939679
2.56479843297338e-05,35.1491196860693,490737.787215289,5645010.46939679
2.3954712203596e-05,35.1491196860693,491237.787215289,5645010.46939679
1.79254861836667e-05,35.1491196860693,491737.787215289,5645010.46939679
1.85628508381481e-05,35.1491196860693,492237.787215289,5645010.46939679
2.16391463689619e-05,35.1491196860693,492737.787215289,5645010.46939679
1.18536938056273e-05,35.1491196860693,493237.787215289,5645010.46939679
0.000104154339901845,35.1491196860693,493737.787215289,5645010.46939679
1.32629808052648e-05,35.1491196860693,494237.787215289,5645010.46939679
1.7182414424284e-05,35.1491196860693,494737.787215289,5645010.46939679
1.98485239769791e-05,35.1491196860693,495237.787215289,5645010.46939679
1.53343295575883e-05,35.1491196860693,495737.787215289,5645010.46939679
1.64941293545869e-05,35.1491196860693,496237.787215289,5645010.46939679
1.5312032141622e-05,35.1491196860693,496737.787215289,5645010.46939679
1.24373783135008e-05,35.1491196860693,497237.787215289,5645010.46939679
0.000139206247495266,35.1491196860693,497737.787215289,5645010.46939679
0.000376248492536002,35.1491196860693,498237.787215289,5645010.46939679
0.000557481931244364,35.1491196860693,498737.787215289,5645010.46939679
0.000336269387012928,35.1491196860693,499237.787215289,5645010.46939679
0.000317902259014049,35.1491196860693,499737.787215289,5645010.46939679
2.04945329840955e-05,35.1491196860693,500237.787215289,5645010.46939679
0.000205012561504742,35.1491196860693,500737.787215289,5645010.46939679
0.000108043246229985,35.1491196860693,501237.787215289,5645010.46939679
0.000160086110007308,35.1491196860693,501737.787215289,5645010.46939679
3.88319243832759e-05,35.1491196860693,502237.787215289,5645010.46939679
2.73446809073821e-05,35.1491196860693,502737.787215289,5645010.46939679
2.39605838940679e-05,35.1491196860693,503237.787215289,5645010.46939679
0.000108344863246765,35.1491196860693,503737.787215289,5645010.46939679
0.000139815270857024,35.1491196860693,504237.787215289,5645010.46939679
2.27868734868843e-05,35.1491196860693,504737.787215289,5645010.46939679
6.61424391171213e-05,35.1491196860693,505237.787215289,5645010.46939679
0.000468749567812007,35.1491196860693,505737.787215289,5645010.46939679
0.000563258481232732,35.1491196860693,506237.787215289,5645010.46939679
0.000549756802536663,35.1491196860693,506737.787215289,5645010.46939679
8.43253058190464e-05,35.1491196860693,507237.787215289,5645010.46939679
0.00029014809597412,35.1491196860693,507737.787215289,5645010.46939679
0.000135621948194789,35.1491196860693,508237.787215289,5645010.46939679
0.000250901580541769,35.1491196860693,508737.787215289,5645010.46939679
1.43028890493244e-05,35.1491196860693,509237.787215289,5645010.46939679
3.37629797607062e-05,35.1491196860693,509737.787215289,5645010.46939679
2.8485749659759e-05,35.1491196860693,510237.787215289,5645010.46939679
0.000294189175509159,35.1491196860693,510737.787215289,5645010.46939679
0.000363858896360621,35.1491196860693,511237.787215289,5645010.46939679
0.00035145174683182,35.1491196860693,511737.787215289,5645010.46939679
0.000224241484984241,35.1491196860693,512237.787215289,5645010.46939679
0.000335210004143795,35.1491196860693,512737.787215289,5645010.46939679
0.000231118202330122,35.1491196860693,513237.787215289,5645010.46939679
0.000123662211317359,35.1491196860693,513737.787215289,5645010.46939679
3.95498625976633e-05,35.1491196860693,514237.787215289,5645010.46939679
0.000211403192355248,35.1491196860693,514737.787215289,5645010.46939679
2.67444574208862e-05,35.1491196860693,515237.787215289,5645010.46939679
1.85228047853031e-05,35.1491196860693,515737.787215289,5645010.46939679
2.06622230292721e-05,35.1491196860693,516237.787215289,5645010.46939679
7.30443576690607e-05,35.1491196860693,516737.787215289,5645010.46939679
2.77527218141621e-05,35.1491196860693,517237.787215289,5645010.46939679
0.000182740813525481,35.1491196860693,517737.787215289,5645010.46939679
0.000283331901506459,35.1491196860693,518237.787215289,5645010.46939679
4.4251950243109e-05,35.1491196860693,518737.787215289,5645010.46939679
3.70711968947096e-06,35.1491196860693,519237.787215289,5645010.46939679
1.61281252797606e-05,35.1491196860693,519737.787215289,5645010.46939679
1.93235460560343e-05,35.1491196860693,520237.787215289,5645010.46939679
0.000132067217730626,35.1491196860693,520737.787215289,5645010.46939679
3.72358968607073e-05,35.1491196860693,521237.787215289,5645010.46939679
1.20865544274209e-05,35.1491196860693,521737.787215289,5645010.46939679
9.65445225953374e-06,35.1491196860693,522237.787215289,5645010.46939679
5.82350128552585e-06,35.1491196860693,522737.787215289,5645010.46939679
4.54270341178437e-05,35.1491196860693,523237.787215289,5645010.46939679
6.57827497576371e-05,35.1491196860693,523737.787215289,5645010.46939679
0.000189813206711161,35.1491196860693,524237.787215289,5645010.46939679
0.00016964418976805,35.1491196860693,524737.787215289,5645010.46939679
0.000308098340731824,35.1491196860693,525237.787215289,5645010.46939679
2.37726815220306e-05,35.1491196860693,525737.787215289,5645010.46939679
0.000167457484992613,35.1491196860693,526237.787215289,5645010.46939679
6.81718490045502e-05,35.1491196860693,526737.787215289,5645010.46939679
0.000113018239266885,35.1491196860693,527237.787215289,5645010.46939679
0.000322838825438335,35.1491196860693,527737.787215289,5645010.46939679
0.000178836395369857,35.1491196860693,528237.787215289,5645010.46939679
0.000237888583393513,35.1491196860693,528737.787215289,5645010.46939679
5.69256944294444e-05,35.1491196860693,529237.787215289,5645010.46939679
1.4321961783222e-05,35.1491196860693,529737.787215289,5645010.46939679
1.85944387868372e-05,35.1491196860693,530237.787215289,5645010.46939679
2.31014098676267e-05,35.1491196860693,530737.787215289,5645010.46939679
3.40715735534347e-05,35.1491196860693,531237.787215289,5645010.46939679
0.000135602793642278,35.1491196860693,482237.787215289,5645510.46939679
0.000135602793642278,35.1491196860693,482737.787215289,5645510.46939679
2.05143191489152e-05,35.1491196860693,483237.787215289,5645510.46939679
2.88228258570286e-05,35.1491196860693,483737.787215289,5645510.46939679
2.88228258570286e-05,35.1491196860693,484237.787215289,5645510.46939679
3.79376885403619e-05,35.1491196860693,484737.787215289,5645510.46939679
2.54495763675335e-05,35.1491196860693,485237.787215289,5645510.46939679
2.82173724692621e-05,35.1491196860693,485737.787215289,5645510.46939679
2.00225773375694e-05,35.1491196860693,486237.787215289,5645510.46939679
1.99014948168085e-05,35.1491196860693,486737.787215289,5645510.46939679
3.45837001197531e-05,35.1491196860693,487237.787215289,5645510.46939679
9.36208713944221e-05,35.1491196860693,487737.787215289,5645510.46939679
0.000624439738822874,35.1491196860693,488237.787215289,5645510.46939679
0.000281002326048921,35.1491196860693,488737.787215289,5645510.46939679
0.000723521933153823,35.1491196860693,489237.787215289,5645510.46939679
0.000482422005539057,35.1491196860693,489737.787215289,5645510.46939679
2.42088601212555e-05,35.1491196860693,490237.787215289,5645510.46939679
0.00016147013017673,35.1491196860693,490737.787215289,5645510.46939679
2.00858558052914e-05,35.1491196860693,491237.787215289,5645510.46939679
1.78430306812804e-05,35.1491196860693,491737.787215289,5645510.46939679
1.74682192929873e-05,35.1491196860693,492237.787215289,5645510.46939679
4.25203375296114e-05,35.1491196860693,492737.787215289,5645510.46939679
2.2577720809438e-05,35.1491196860693,493237.787215289,5645510.46939679
3.89970338332028e-05,35.1491196860693,493737.787215289,5645510.46939679
1.85066381668059e-05,35.1491196860693,494237.787215289,5645510.46939679
5.73484071623705e-05,35.1491196860693,494737.787215289,5645510.46939679
0.000340827506248011,35.1491196860693,495237.787215289,5645510.46939679
2.21733071113609e-05,35.1491196860693,495737.787215289,5645510.46939679
6.65530109011643e-05,35.1491196860693,496237.787215289,5645510.46939679
7.31227133758817e-05,35.1491196860693,496737.787215289,5645510.46939679
3.26077067757892e-05,35.1491196860693,497237.787215289,5645510.46939679
2.08051337210529e-05,35.1491196860693,497737.787215289,5645510.46939679
0.000441216027737946,35.1491196860693,498237.787215289,5645510.46939679
0.000284950943193584,35.1491196860693,498737.787215289,5645510.46939679
0.000254672858223593,35.1491196860693,499237.787215289,5645510.46939679
2.97682159461759e-05,35.1491196860693,499737.787215289,5645510.46939679
0.000125156195330538,35.1491196860693,500237.787215289,5645510.46939679
0.00020748935280684,35.1491196860693,500737.787215289,5645510.46939679
0.000314107473694264,35.1491196860693,501237.787215289,5645510.46939679
3.93106927356453e-05,35.1491196860693,501737.787215289,5645510.46939679
3.11084205682674e-05,35.1491196860693,502237.787215289,5645510.46939679
2.42147941075251e-05,35.1491196860693,502737.787215289,5645510.46939679
1.5829535207121e-05,35.1491196860693,503237.787215289,5645510.46939679
1.95474131184537e-05,35.1491196860693,503737.787215289,5645510.46939679
2.22730439388085e-05,35.1491196860693,504237.787215289,5645510.46939679
1.82281179013796e-05,35.1491196860693,504737.787215289,5645510.46939679
3.32507804740532e-05,35.1491196860693,505237.787215289,5645510.46939679
2.18025036109508e-05,35.1491196860693,505737.787215289,5645510.46939679
0.000326618998869414,35.1491196860693,506237.787215289,5645510.46939679
0.000372749359609049,35.1491196860693,506737.787215289,5645510.46939679
0.000314107473694264,35.1491196860693,507237.787215289,5645510.46939679
0.000393235884834005,35.1491196860693,507737.787215289,5645510.46939679
0.00014307581066598,35.1491196860693,508237.787215289,5645510.46939679
6.89362855513801e-05,35.1491196860693,508737.787215289,5645510.46939679
1.35216612478398e-05,35.1491196860693,509237.787215289,5645510.46939679
1.79060025692614e-05,35.1491196860693,509737.787215289,5645510.46939679
6.89362855513801e-05,35.1491196860693,510237.787215289,5645510.46939679
0.000179118765764683,35.1491196860693,510737.787215289,5645510.46939679
6.16113099326042e-05,35.1491196860693,511237.787215289,5645510.46939679
2.80639235072148e-05,35.1491196860693,511737.787215289,5645510.46939679
4.39843454490964e-05,35.1491196860693,512237.787215289,5645510.46939679
2.11923831397897e-05,35.1491196860693,512737.787215289,5645510.46939679
4.15819081948857e-05,35.1491196860693,513237.787215289,5645510.46939679
9.12885838192074e-05,35.1491196860693,513737.787215289,5645510.46939679
0.00021199335233693,35.1491196860693,514237.787215289,5645510.46939679
3.11198590406531e-05,35.1491196860693,514737.787215289,5645510.46939679
0.000281653021185526,35.1491196860693,515237.787215289,5645510.46939679
0.000110067760386863,35.1491196860693,515737.787215289,5645510.46939679
7.96620659106418e-05,35.1491196860693,516237.787215289,5645510.46939679
7.53109015830379e-05,35.1491196860693,516737.787215289,5645510.46939679
3.32192206546857e-05,35.1491196860693,517237.787215289,5645510.46939679
0.00015630619215693,35.1491196860693,517737.787215289,5645510.46939679
0.000455687934894638,35.1491196860693,518237.787215289,5645510.46939679
6.20916391245594e-05,35.1491196860693,518737.787215289,5645510.46939679
0.000121109073226202,35.1491196860693,519237.787215289,5645510.46939679
0.00012203829827422,35.1491196860693,519737.787215289,5645510.46939679
7.71174688297874e-06,35.1491196860693,520237.787215289,5645510.46939679
5.20641982383476e-05,35.1491196860693,520737.787215289,5645510.46939679
2.50853894872658e-05,35.1491196860693,521237.787215289,5645510.46939679
4.4402683303563e-05,35.1491196860693,521737.787215289,5645510.46939679
1.69588556781241e-05,35.1491196860693,522237.787215289,5645510.46939679
3.14577346168867e-05,35.1491196860693,522737.787215289,5645510.46939679
4.01056133906123e-05,35.1491196860693,523237.787215289,5645510.46939679
6.21820571104145e-05,35.1491196860693,523737.787215289,5645510.46939679
0.000259854563510424,35.1491196860693,524237.787215289,5645510.46939679
0.000298359652656473,35.1491196860693,524737.787215289,5645510.46939679
0.000118575823721889,35.1491196860693,525237.787215289,5645510.46939679
4.77903177805888e-05,35.1491196860693,525737.787215289,5645510.46939679
1.49614843425136e-05,35.1491196860693,526237.787215289,5645510.46939679
9.02466768282625e-06,35.1491196860693,526737.787215289,5645510.46939679
2.05917647280263e-05,35.1491196860693,527237.787215289,5645510.46939679
0.000126331081759726,35.1491196860693,527737.787215289,5645510.46939679
2.93238049688298e-05,35.1491196860693,528237.787215289,5645510.46939679
3.58265383357602e-05,35.1491196860693,528737.787215289,5645510.46939679
2.2343434681628e-05,35.1491196860693,529237.787215289,5645510.46939679
3.17759064811263e-05,35.1491196860693,529737.787215289,5645510.46939679
2.21061611306013e-05,35.1491196860693,530237.787215289,5645510.46939679
1.54725892256371e-05,35.1491196860693,530737.787215289,5645510.46939679
1.61927313493225e-05,35.1491196860693,531237.787215289,5645510.46939679
0.000135602793642278,35.1491196860693,481737.787215289,5646010.46939679
0.000135602793642278,35.1491196860693,482237.787215289,5646010.46939679
0.000136014678026864,35.1491196860693,482737.787215289,5646010.46939679
5.05444807864237e-05,35.1491196860693,483237.787215289,5646010.46939679
2.89103732560997e-05,35.1491196860693,483737.787215289,5646010.46939679
2.05766300164933e-05,35.1491196860693,484237.787215289,5646010.46939679
2.05143191489152e-05,35.1491196860693,484737.787215289,5646010.46939679
2.0390262918173e-05,35.1491196860693,485237.787215289,5646010.46939679
2.6757158650054e-05,35.1491196860693,485737.787215289,5646010.46939679
2.12437332246229e-05,35.1491196860693,486237.787215289,5646010.46939679
0.000580531687251591,35.1491196860693,486737.787215289,5646010.46939679
2.0924020364673e-05,35.1491196860693,487237.787215289,5646010.46939679
3.06289844513649e-05,35.1491196860693,487737.787215289,5646010.46939679
0.000145843857469761,35.1491196860693,488237.787215289,5646010.46939679
0.000171047950244392,35.1491196860693,488737.787215289,5646010.46939679
0.000351791051084051,35.1491196860693,489237.787215289,5646010.46939679
0.000576182000765634,35.1491196860693,489737.787215289,5646010.46939679
2.59200970461865e-05,35.1491196860693,490237.787215289,5646010.46939679
3.03074371922478e-05,35.1491196860693,490737.787215289,5646010.46939679
3.01241590442267e-05,35.1491196860693,491237.787215289,5646010.46939679
2.02080599952244e-05,35.1491196860693,491737.787215289,5646010.46939679
2.77961141009447e-05,35.1491196860693,492237.787215289,5646010.46939679
2.61189723474399e-05,35.1491196860693,492737.787215289,5646010.46939679
0.000110481589155615,35.1491196860693,493237.787215289,5646010.46939679
4.97175013185944e-05,35.1491196860693,493737.787215289,5646010.46939679
1.4839818095969e-05,35.1491196860693,494237.787215289,5646010.46939679
5.53793212695405e-05,35.1491196860693,494737.787215289,5646010.46939679
8.5748949891247e-05,35.1491196860693,495237.787215289,5646010.46939679
0.000336717798275455,35.1491196860693,495737.787215289,5646010.46939679
0.000518218571158093,35.1491196860693,496237.787215289,5646010.46939679
0.000324683621290225,35.1491196860693,496737.787215289,5646010.46939679
0.000422207677300559,35.1491196860693,497237.787215289,5646010.46939679
0.000499697619683923,35.1491196860693,497737.787215289,5646010.46939679
0.000508873841422118,35.1491196860693,498237.787215289,5646010.46939679
6.44630897647327e-05,35.1491196860693,498737.787215289,5646010.46939679
4.11302521777857e-05,35.1491196860693,499237.787215289,5646010.46939679
1.85089061671888e-05,35.1491196860693,499737.787215289,5646010.46939679
0.000499697619683923,35.1491196860693,500237.787215289,5646010.46939679
0.000591409688981153,35.1491196860693,500737.787215289,5646010.46939679
0.000265397675848622,35.1491196860693,501237.787215289,5646010.46939679
0.00035145174683182,35.1491196860693,501737.787215289,5646010.46939679
0.000256222311263525,35.1491196860693,502237.787215289,5646010.46939679
6.48552891184293e-05,35.1491196860693,502737.787215289,5646010.46939679
2.54187995599558e-05,35.1491196860693,503237.787215289,5646010.46939679
2.00274851976838e-05,35.1491196860693,503737.787215289,5646010.46939679
8.75888445258603e-05,35.1491196860693,504237.787215289,5646010.46939679
3.64224615181666e-05,35.1491196860693,504737.787215289,5646010.46939679
1.79799336448646e-05,35.1491196860693,505237.787215289,5646010.46939679
5.52920189662597e-05,35.1491196860693,505737.787215289,5646010.46939679
0.000481020060515676,35.1491196860693,506237.787215289,5646010.46939679
0.000314107473694264,35.1491196860693,506737.787215289,5646010.46939679
0.000108043246229985,35.1491196860693,507237.787215289,5646010.46939679
0.000189467535565831,35.1491196860693,507737.787215289,5646010.46939679
0.000371757230786259,35.1491196860693,508237.787215289,5646010.46939679
3.71635317002209e-05,35.1491196860693,508737.787215289,5646010.46939679
2.50819300067914e-05,35.1491196860693,509237.787215289,5646010.46939679
3.14004465527791e-05,35.1491196860693,509737.787215289,5646010.46939679
2.26669803918824e-06,35.1491196860693,510237.787215289,5646010.46939679
3.32146394523374e-05,35.1491196860693,510737.787215289,5646010.46939679
0.000127872977841694,35.1491196860693,511237.787215289,5646010.46939679
2.50819300067914e-05,35.1491196860693,511737.787215289,5646010.46939679
1.79060025692614e-05,35.1491196860693,512237.787215289,5646010.46939679
1.79060025692614e-05,35.1491196860693,512737.787215289,5646010.46939679
2.37119479724889e-05,35.1491196860693,513237.787215289,5646010.46939679
1.51292530856715e-05,35.1491196860693,513737.787215289,5646010.46939679
3.32146394523374e-05,35.1491196860693,514237.787215289,5646010.46939679
1.25724138340351e-05,35.1491196860693,514737.787215289,5646010.46939679
9.14439273667434e-05,35.1491196860693,515237.787215289,5646010.46939679
5.73835561968774e-05,35.1491196860693,515737.787215289,5646010.46939679
0.000212380120363896,35.1491196860693,516237.787215289,5646010.46939679
0.000265881876576228,35.1491196860693,516737.787215289,5646010.46939679
2.24198866260075e-05,35.1491196860693,517237.787215289,5646010.46939679
7.11973990683609e-05,35.1491196860693,517737.787215289,5646010.46939679
5.70295516413589e-05,35.1491196860693,518237.787215289,5646010.46939679
3.5463461461432e-05,35.1491196860693,518737.787215289,5646010.46939679
0.000289939298097305,35.1491196860693,519237.787215289,5646010.46939679
0.000324410214099756,35.1491196860693,519737.787215289,5646010.46939679
7.71174688297874e-06,35.1491196860693,520237.787215289,5646010.46939679
0.000244977347871397,35.1491196860693,520737.787215289,5646010.46939679
0.000184993869988475,35.1491196860693,521237.787215289,5646010.46939679
4.48737743108012e-05,35.1491196860693,521737.787215289,5646010.46939679
2.42266664439714e-05,35.1491196860693,522237.787215289,5646010.46939679
1.23472158871168e-05,35.1491196860693,522737.787215289,5646010.46939679
4.95973247995518e-05,35.1491196860693,523237.787215289,5646010.46939679
1.94363481177222e-05,35.1491196860693,523737.787215289,5646010.46939679
0.000272775024857989,35.1491196860693,524237.787215289,5646010.46939679
0.000126072055132864,35.1491196860693,524737.787215289,5646010.46939679
0.000155549071180493,35.1491196860693,525237.787215289,5646010.46939679
0.000382091092337595,35.1491196860693,525737.787215289,5646010.46939679
0.000322838825438335,35.1491196860693,526237.787215289,5646010.46939679
0.000244887303548732,35.1491196860693,526737.787215289,5646010.46939679
5.44006942626421e-05,35.1491196860693,527237.787215289,5646010.46939679
3.15416875911089e-05,35.1491196860693,527737.787215289,5646010.46939679
2.08379835993513e-05,35.1491196860693,528237.787215289,5646010.46939679
1.53566594431025e-05,35.1491196860693,528737.787215289,5646010.46939679
2.96312850325129e-05,35.1491196860693,529237.787215289,5646010.46939679
1.9253229450892e-05,35.1491196860693,529737.787215289,5646010.46939679
5.73484071623705e-05,35.1491196860693,530237.787215289,5646010.46939679
1.81178870141659e-05,35.1491196860693,530737.787215289,5646010.46939679
7.83547327773844e-05,35.1491196860693,481237.787215289,5646510.46939679
2.32583190075702e-05,35.1491196860693,481737.787215289,5646510.46939679
2.06391301491495e-05,35.1491196860693,482237.787215289,5646510.46939679
2.06391301491495e-05,35.1491196860693,482737.787215289,5646510.46939679
2.06391301491495e-05,35.1491196860693,483237.787215289,5646510.46939679
2.06391301491495e-05,35.1491196860693,483737.787215289,5646510.46939679
0.000117732577865047,35.1491196860693,484237.787215289,5646510.46939679
0.000242873822365792,35.1491196860693,484737.787215289,5646510.46939679
0.000135192156540328,35.1491196860693,485237.787215289,5646510.46939679
0.000134374609087519,35.1491196860693,485737.787215289,5646510.46939679
0.000133562005588965,35.1491196860693,486237.787215289,5646510.46939679
2.00833945723992e-05,35.1491196860693,486737.787215289,5646510.46939679
1.99014948168085e-05,35.1491196860693,487237.787215289,5646510.46939679
1.97212425676175e-05,35.1491196860693,487737.787215289,5646510.46939679
2.18660475542155e-05,35.1491196860693,488237.787215289,5646510.46939679
4.01929391270762e-05,35.1491196860693,488737.787215289,5646510.46939679
0.000129952178764151,35.1491196860693,489237.787215289,5646510.46939679
0.000586762747185692,35.1491196860693,489737.787215289,5646510.46939679
0.000518091578466258,35.1491196860693,490237.787215289,5646510.46939679
0.000410090999064353,35.1491196860693,490737.787215289,5646510.46939679
1.8616952732203e-05,35.1491196860693,491237.787215289,5646510.46939679
3.06773455157599e-05,35.1491196860693,491737.787215289,5646510.46939679
0.00033819092903761,35.1491196860693,492237.787215289,5646510.46939679
1.81156669275592e-05,35.1491196860693,492737.787215289,5646510.46939679
6.86938501984991e-05,35.1491196860693,493237.787215289,5646510.46939679
2.61189723474399e-05,35.1491196860693,493737.787215289,5646510.46939679
2.86972760927487e-05,35.1491196860693,494237.787215289,5646510.46939679
1.98749917496624e-05,35.1491196860693,494737.787215289,5646510.46939679
0.000482481126665403,35.1491196860693,495237.787215289,5646510.46939679
0.000495111071418292,35.1491196860693,495737.787215289,5646510.46939679
0.000462423989041884,35.1491196860693,496237.787215289,5646510.46939679
0.00048032061654343,35.1491196860693,496737.787215289,5646510.46939679
0.000241845519459885,35.1491196860693,497237.787215289,5646510.46939679
0.000561621620941172,35.1491196860693,497737.787215289,5646510.46939679
6.3585394980637e-05,35.1491196860693,498237.787215289,5646510.46939679
5.76973201342231e-05,35.1491196860693,498737.787215289,5646510.46939679
2.34885469367402e-05,35.1491196860693,499237.787215289,5646510.46939679
0.000147660095903217,35.1491196860693,499737.787215289,5646510.46939679
0.000320262903606233,35.1491196860693,500237.787215289,5646510.46939679
0.000270598560670852,35.1491196860693,500737.787215289,5646510.46939679
0.000439987743737634,35.1491196860693,501237.787215289,5646510.46939679
6.16113099326042e-05,35.1491196860693,501737.787215289,5646510.46939679
0.000131172086822799,35.1491196860693,502237.787215289,5646510.46939679
0.000222803505400507,35.1491196860693,502737.787215289,5646510.46939679
0.000553974882797927,35.1491196860693,503237.787215289,5646510.46939679
0.000574507584011712,35.1491196860693,503737.787215289,5646510.46939679
8.14299547829359e-05,35.1491196860693,504237.787215289,5646510.46939679
1.68950734614758e-05,35.1491196860693,504737.787215289,5646510.46939679
6.17757353999036e-05,35.1491196860693,505237.787215289,5646510.46939679
0.00022483993048064,35.1491196860693,505737.787215289,5646510.46939679
0.000372749359609049,35.1491196860693,506237.787215289,5646510.46939679
3.51336492012764e-05,35.1491196860693,506737.787215289,5646510.46939679
0.000127872977841694,35.1491196860693,507237.787215289,5646510.46939679
0.000454746610232258,35.1491196860693,507737.787215289,5646510.46939679
3.4328785099168e-05,35.1491196860693,508237.787215289,5646510.46939679
2.07068944753579e-05,35.1491196860693,508737.787215289,5646510.46939679
2.69265501777001e-05,35.1491196860693,509237.787215289,5646510.46939679
2.11923831397897e-05,35.1491196860693,509737.787215289,5646510.46939679
1.69279716992517e-05,35.1491196860693,510237.787215289,5646510.46939679
2.50819300067914e-05,35.1491196860693,510737.787215289,5646510.46939679
1.51292530856715e-05,35.1491196860693,511237.787215289,5646510.46939679
5.52116196803385e-05,35.1491196860693,511737.787215289,5646510.46939679
5.52116196803385e-05,35.1491196860693,512237.787215289,5646510.46939679
2.11923831397897e-05,35.1491196860693,512737.787215289,5646510.46939679
2.9685345376963e-05,35.1491196860693,513237.787215289,5646510.46939679
6.16113099326042e-05,35.1491196860693,513737.787215289,5646510.46939679
0.000296950835601231,35.1491196860693,514237.787215289,5646510.46939679
0.00035145174683182,35.1491196860693,514737.787215289,5646510.46939679
0.00031460342783817,35.1491196860693,515237.787215289,5646510.46939679
0.0001709039154473,35.1491196860693,515737.787215289,5646510.46939679
0.000126454990538892,35.1491196860693,516237.787215289,5646510.46939679
2.77527218141621e-05,35.1491196860693,516737.787215289,5646510.46939679
2.65333395566839e-06,35.1491196860693,517237.787215289,5646510.46939679
8.91330979528931e-05,35.1491196860693,517737.787215289,5646510.46939679
0.000274468245278845,35.1491196860693,518237.787215289,5646510.46939679
0.000253287921132141,35.1491196860693,518737.787215289,5646510.46939679
0.000135279626025541,35.1491196860693,519237.787215289,5646510.46939679
4.65320031156097e-05,35.1491196860693,519737.787215289,5646510.46939679
1.43048618068187e-05,35.1491196860693,520237.787215289,5646510.46939679
0.000110228041309417,35.1491196860693,520737.787215289,5646510.46939679
4.24845323172155e-05,35.1491196860693,521237.787215289,5646510.46939679
7.62114055190122e-05,35.1491196860693,521737.787215289,5646510.46939679
1.33391921018407e-05,35.1491196860693,522237.787215289,5646510.46939679
0.000100763531884931,35.1491196860693,522737.787215289,5646510.46939679
3.75624215428809e-05,35.1491196860693,523237.787215289,5646510.46939679
2.23164142086782e-05,35.1491196860693,523737.787215289,5646510.46939679
2.48037957294821e-05,35.1491196860693,524237.787215289,5646510.46939679
6.44482835390485e-05,35.1491196860693,524737.787215289,5646510.46939679
0.000264209247258716,35.1491196860693,525237.787215289,5646510.46939679
0.000105453378088656,35.1491196860693,525737.787215289,5646510.46939679
0.000362845963845313,35.1491196860693,526237.787215289,5646510.46939679
0.000193532894996623,35.1491196860693,526737.787215289,5646510.46939679
1.40228324000655e-05,35.1491196860693,527237.787215289,5646510.46939679
1.3356979757222e-05,35.1491196860693,527737.787215289,5646510.46939679
1.37049468712251e-05,35.1491196860693,528237.787215289,5646510.46939679
1.47844741063599e-05,35.1491196860693,528737.787215289,5646510.46939679
1.93703678656774e-05,35.1491196860693,529237.787215289,5646510.46939679
1.57567208764707e-05,35.1491196860693,529737.787215289,5646510.46939679
1.61436959563536e-05,35.1491196860693,530237.787215289,5646510.46939679
2.3092918671105e-05,35.1491196860693,481237.787215289,5647010.46939679
2.06391301491495e-05,35.1491196860693,481737.787215289,5647010.46939679
1.18536938056273e-05,35.1491196860693,482237.787215289,5647010.46939679
2.1831576992436e-05,35.1491196860693,482737.787215289,5647010.46939679
0.000136842203809604,35.1491196860693,483237.787215289,5647010.46939679
7.83547327773844e-05,35.1491196860693,483737.787215289,5647010.46939679
2.06391301491495e-05,35.1491196860693,484237.787215289,5647010.46939679
0.000136014678026864,35.1491196860693,484737.787215289,5647010.46939679
2.05143191489152e-05,35.1491196860693,485237.787215289,5647010.46939679
2.28144635868396e-05,35.1491196860693,485737.787215289,5647010.46939679
3.17642268707418e-05,35.1491196860693,486237.787215289,5647010.46939679
2.0144396535498e-05,35.1491196860693,486737.787215289,5647010.46939679
0.000131951511045135,35.1491196860693,487237.787215289,5647010.46939679
0.000130756396966069,35.1491196860693,487737.787215289,5647010.46939679
0.000129572107300081,35.1491196860693,488237.787215289,5647010.46939679
2.06091191031243e-05,35.1491196860693,488737.787215289,5647010.46939679
2.42441131183236e-05,35.1491196860693,489237.787215289,5647010.46939679
2.02989570266268e-05,35.1491196860693,489737.787215289,5647010.46939679
0.000467272819463117,35.1491196860693,490237.787215289,5647010.46939679
0.000437749217439902,35.1491196860693,490737.787215289,5647010.46939679
0.000516522675506286,35.1491196860693,491237.787215289,5647010.46939679
0.000485357105291055,35.1491196860693,491737.787215289,5647010.46939679
0.000362096424899342,35.1491196860693,492237.787215289,5647010.46939679
5.63893715971321e-05,35.1491196860693,492737.787215289,5647010.46939679
0.000525243004925781,35.1491196860693,493237.787215289,5647010.46939679
0.00051890960951226,35.1491196860693,493737.787215289,5647010.46939679
0.000571864904701425,35.1491196860693,494237.787215289,5647010.46939679
0.000526072327583362,35.1491196860693,494737.787215289,5647010.46939679
0.000549756802536663,35.1491196860693,495237.787215289,5647010.46939679
0.00053495388150645,35.1491196860693,495737.787215289,5647010.46939679
0.000473780829180268,35.1491196860693,496237.787215289,5647010.46939679
0.000520549548488275,35.1491196860693,496737.787215289,5647010.46939679
0.00046102366061478,35.1491196860693,497237.787215289,5647010.46939679
0.00046102366061478,35.1491196860693,497737.787215289,5647010.46939679
7.71037775250649e-05,35.1491196860693,498237.787215289,5647010.46939679
1.92228778460307e-05,35.1491196860693,498737.787215289,5647010.46939679
0.000356690671784207,35.1491196860693,499237.787215289,5647010.46939679
0.00046523741902636,35.1491196860693,499737.787215289,5647010.46939679
0.0005158348158617,35.1491196860693,500237.787215289,5647010.46939679
0.00038953103089002,35.1491196860693,500737.787215289,5647010.46939679
0.000393235884834005,35.1491196860693,501237.787215289,5647010.46939679
0.00035145174683182,35.1491196860693,501737.787215289,5647010.46939679
0.000489141007734441,35.1491196860693,502237.787215289,5647010.46939679
0.000399097666167579,35.1491196860693,502737.787215289,5647010.46939679
0.00042730843939602,35.1491196860693,503237.787215289,5647010.46939679
0.000267302917220427,35.1491196860693,503737.787215289,5647010.46939679
0.000473033941051459,35.1491196860693,504237.787215289,5647010.46939679
0.000345489745424363,35.1491196860693,504737.787215289,5647010.46939679
2.11923831397897e-05,35.1491196860693,505237.787215289,5647010.46939679
3.93106927356453e-05,35.1491196860693,505737.787215289,5647010.46939679
0.000212559110572886,35.1491196860693,506237.787215289,5647010.46939679
0.00035145174683182,35.1491196860693,506737.787215289,5647010.46939679
0.000160513340551098,35.1491196860693,507237.787215289,5647010.46939679
2.25093501690346e-05,35.1491196860693,507737.787215289,5647010.46939679
1.89037306596122e-05,35.1491196860693,508237.787215289,5647010.46939679
2.74210172020408e-05,35.1491196860693,508737.787215289,5647010.46939679
2.00883173398093e-05,35.1491196860693,509237.787215289,5647010.46939679
2.65310641536277e-05,35.1491196860693,509737.787215289,5647010.46939679
1.35216612478398e-05,35.1491196860693,510237.787215289,5647010.46939679
1.27831043274413e-05,35.1491196860693,510737.787215289,5647010.46939679
4.45939321483884e-06,35.1491196860693,511237.787215289,5647010.46939679
5.58854885246353e-05,35.1491196860693,511737.787215289,5647010.46939679
9.80022921758211e-05,35.1491196860693,512237.787215289,5647010.46939679
1.43028890493244e-05,35.1491196860693,512737.787215289,5647010.46939679
3.51336492012764e-05,35.1491196860693,513237.787215289,5647010.46939679
7.71321283514311e-05,35.1491196860693,513737.787215289,5647010.46939679
0.000224241484984241,35.1491196860693,514237.787215289,5647010.46939679
0.000294689790024779,35.1491196860693,514737.787215289,5647010.46939679
0.000296051598739825,35.1491196860693,515237.787215289,5647010.46939679
0.000355224007582687,35.1491196860693,515737.787215289,5647010.46939679
0.000133761056889374,35.1491196860693,516237.787215289,5647010.46939679
0.000133761056889374,35.1491196860693,516737.787215289,5647010.46939679
6.89457937404937e-05,35.1491196860693,517237.787215289,5647010.46939679
0.000195682079942139,35.1491196860693,517737.787215289,5647010.46939679
0.000317056114048626,35.1491196860693,518237.787215289,5647010.46939679
0.000147768704210537,35.1491196860693,518737.787215289,5647010.46939679
7.29292074555876e-05,35.1491196860693,519237.787215289,5647010.46939679
7.71174688297874e-06,35.1491196860693,519737.787215289,5647010.46939679
0.000218946744598279,35.1491196860693,520237.787215289,5647010.46939679
9.21455427415025e-05,35.1491196860693,520737.787215289,5647010.46939679
0.000156742541572813,35.1491196860693,521237.787215289,5647010.46939679
0.000346709052947623,35.1491196860693,521737.787215289,5647010.46939679
0.00032527598535358,35.1491196860693,522237.787215289,5647010.46939679
0.000222210480157598,35.1491196860693,522737.787215289,5647010.46939679
9.53985171185324e-05,35.1491196860693,523237.787215289,5647010.46939679
0.000106845151418294,35.1491196860693,523737.787215289,5647010.46939679
5.76001903785366e-05,35.1491196860693,524237.787215289,5647010.46939679
3.05105189682886e-05,35.1491196860693,524737.787215289,5647010.46939679
0.000130616717632576,35.1491196860693,525237.787215289,5647010.46939679
0.000242639569332833,35.1491196860693,525737.787215289,5647010.46939679
0.000321314420783341,35.1491196860693,526237.787215289,5647010.46939679
0.000459740234921925,35.1491196860693,526737.787215289,5647010.46939679
0.000192923189083771,35.1491196860693,527237.787215289,5647010.46939679
5.88568327901346e-05,35.1491196860693,527737.787215289,5647010.46939679
7.83547327773844e-05,35.1491196860693,528237.787215289,5647010.46939679
1.72074354951766e-05,35.1491196860693,528737.787215289,5647010.46939679
2.00274851976838e-05,35.1491196860693,529237.787215289,5647010.46939679
2.44331231438616e-05,35.1491196860693,529737.787215289,5647010.46939679
1.68439112116644e-05,35.1491196860693,530237.787215289,5647010.46939679
2.06391301491495e-05,35.1491196860693,480737.787215289,5647510.46939679
2.0701820121764e-05,35.1491196860693,481237.787215289,5647510.46939679
0.000105542252330513,35.1491196860693,481737.787215289,5647510.46939679
2.0701820121764e-05,35.1491196860693,482237.787215289,5647510.46939679
0.000136842203809604,35.1491196860693,482737.787215289,5647510.46939679
0.000137257852819389,35.1491196860693,483237.787215289,5647510.46939679
0.000136842203809604,35.1491196860693,483737.787215289,5647510.46939679
0.000136842203809604,35.1491196860693,484237.787215289,5647510.46939679
3.224957488895e-05,35.1491196860693,484737.787215289,5647510.46939679
4.25770378983368e-05,35.1491196860693,485237.787215289,5647510.46939679
3.03037234514932e-05,35.1491196860693,485737.787215289,5647510.46939679
3.7708267977621e-05,35.1491196860693,486237.787215289,5647510.46939679
4.44939126982741e-05,35.1491196860693,486737.787215289,5647510.46939679
2.00833945723992e-05,35.1491196860693,487237.787215289,5647510.46939679
1.99619442716081e-05,35.1491196860693,487737.787215289,5647510.46939679
3.47941105249153e-05,35.1491196860693,488237.787215289,5647510.46939679
1.97212425676175e-05,35.1491196860693,488737.787215289,5647510.46939679
2.31996347466755e-05,35.1491196860693,489237.787215289,5647510.46939679
2.8868335120959e-05,35.1491196860693,489737.787215289,5647510.46939679
5.0165771665381e-05,35.1491196860693,490237.787215289,5647510.46939679
0.000115792115338498,35.1491196860693,490737.787215289,5647510.46939679
0.000397213176781035,35.1491196860693,491237.787215289,5647510.46939679
0.000467272819463117,35.1491196860693,491737.787215289,5647510.46939679
0.000518091578466258,35.1491196860693,492237.787215289,5647510.46939679
0.000763006571231761,35.1491196860693,492737.787215289,5647510.46939679
0.000636910721569418,35.1491196860693,493237.787215289,5647510.46939679
0.000531653700695142,35.1491196860693,493737.787215289,5647510.46939679
0.000555589456479499,35.1491196860693,494237.787215289,5647510.46939679
0.000410738504607511,35.1491196860693,494737.787215289,5647510.46939679
2.30621655452834e-05,35.1491196860693,495237.787215289,5647510.46939679
5.88424095563006e-05,35.1491196860693,495737.787215289,5647510.46939679
4.16271536851827e-05,35.1491196860693,496237.787215289,5647510.46939679
4.85257398969006e-05,35.1491196860693,496737.787215289,5647510.46939679
5.10189600911797e-05,35.1491196860693,497237.787215289,5647510.46939679
0.00051035696698812,35.1491196860693,497737.787215289,5647510.46939679
0.000574507584011712,35.1491196860693,498237.787215289,5647510.46939679
0.000581519563807255,35.1491196860693,498737.787215289,5647510.46939679
0.000650656490637554,35.1491196860693,499237.787215289,5647510.46939679
0.000513462025609074,35.1491196860693,499737.787215289,5647510.46939679
0.000307843922517457,35.1491196860693,500237.787215289,5647510.46939679
0.000307843922517457,35.1491196860693,500737.787215289,5647510.46939679
0.00035145174683182,35.1491196860693,501237.787215289,5647510.46939679
2.9685345376963e-05,35.1491196860693,501737.787215289,5647510.46939679
0.000508811486247978,35.1491196860693,502237.787215289,5647510.46939679
0.000650656490637554,35.1491196860693,502737.787215289,5647510.46939679
0.000444492362524288,35.1491196860693,503237.787215289,5647510.46939679
0.000184835249931627,35.1491196860693,503737.787215289,5647510.46939679
8.02044543751702e-05,35.1491196860693,504237.787215289,5647510.46939679
4.16928801039983e-05,35.1491196860693,504737.787215289,5647510.46939679
1.27831043274413e-05,35.1491196860693,505237.787215289,5647510.46939679
2.37119479724889e-05,35.1491196860693,505737.787215289,5647510.46939679
0.00014307581066598,35.1491196860693,506237.787215289,5647510.46939679
6.51709663478192e-05,35.1491196860693,506737.787215289,5647510.46939679
0.000417065573207451,35.1491196860693,507237.787215289,5647510.46939679
1.95758781058138e-05,35.1491196860693,507737.787215289,5647510.46939679
2.69265501777001e-05,35.1491196860693,508237.787215289,5647510.46939679
2.50819300067914e-05,35.1491196860693,508737.787215289,5647510.46939679
3.14004465527791e-05,35.1491196860693,509237.787215289,5647510.46939679
1.89405401726049e-05,35.1491196860693,509737.787215289,5647510.46939679
2.81388192323986e-05,35.1491196860693,510237.787215289,5647510.46939679
2.69265501777001e-05,35.1491196860693,510737.787215289,5647510.46939679
2.08328771215503e-05,35.1491196860693,511237.787215289,5647510.46939679
6.2053606257466e-05,35.1491196860693,511737.787215289,5647510.46939679
0.000282746616520608,35.1491196860693,512237.787215289,5647510.46939679
6.7357049040674e-05,35.1491196860693,512737.787215289,5647510.46939679
6.7055429810002e-05,35.1491196860693,513237.787215289,5647510.46939679
0.000119213345765518,35.1491196860693,513737.787215289,5647510.46939679
7.6879709684162e-05,35.1491196860693,514237.787215289,5647510.46939679
0.000377391322079828,35.1491196860693,514737.787215289,5647510.46939679
0.000185464844395802,35.1491196860693,515237.787215289,5647510.46939679
9.53985171185324e-05,35.1491196860693,515737.787215289,5647510.46939679
0.000305205278470215,35.1491196860693,516237.787215289,5647510.46939679
0.000141489238692083,35.1491196860693,516737.787215289,5647510.46939679
6.16198078083119e-05,35.1491196860693,517237.787215289,5647510.46939679
9.12712337603029e-06,35.1491196860693,517737.787215289,5647510.46939679
0.000135507744664366,35.1491196860693,518237.787215289,5647510.46939679
0.00010215598203878,35.1491196860693,518737.787215289,5647510.46939679
0.000231596616591785,35.1491196860693,519237.787215289,5647510.46939679
8.23645093839057e-05,35.1491196860693,519737.787215289,5647510.46939679
0.000241993747404294,35.1491196860693,520237.787215289,5647510.46939679
0.000142660024448879,35.1491196860693,520737.787215289,5647510.46939679
0.000322329888665491,35.1491196860693,521237.787215289,5647510.46939679
0.000257844377690293,35.1491196860693,521737.787215289,5647510.46939679
0.000399825793796152,35.1491196860693,522237.787215289,5647510.46939679
0.000401673452822431,35.1491196860693,522737.787215289,5647510.46939679
0.000382091092337595,35.1491196860693,523237.787215289,5647510.46939679
3.67514241778371e-05,35.1491196860693,523737.787215289,5647510.46939679
5.14797563170703e-05,35.1491196860693,524237.787215289,5647510.46939679
0.000264209247258716,35.1491196860693,524737.787215289,5647510.46939679
0.000382600606303875,35.1491196860693,525237.787215289,5647510.46939679
0.000365540346593658,35.1491196860693,525737.787215289,5647510.46939679
0.000464617856593044,35.1491196860693,526237.787215289,5647510.46939679
0.000420317066642507,35.1491196860693,526737.787215289,5647510.46939679
3.64844407289891e-05,35.1491196860693,527237.787215289,5647510.46939679
1.53566594431025e-05,35.1491196860693,527737.787215289,5647510.46939679
1.69999477380402e-05,35.1491196860693,528237.787215289,5647510.46939679
1.59490348014816e-05,35.1491196860693,528737.787215289,5647510.46939679
0.000109002004790646,35.1491196860693,529237.787215289,5647510.46939679
0.0001123584903913,35.1491196860693,529737.787215289,5647510.46939679
1.74153214230097e-05,35.1491196860693,530237.787215289,5647510.46939679
0.000137257852819389,35.1491196860693,480237.787215289,5648010.46939679
2.19644023102708e-05,35.1491196860693,480737.787215289,5648010.46939679
2.07647005109628e-05,35.1491196860693,481237.787215289,5648010.46939679
4.55866549988898e-05,35.1491196860693,481737.787215289,5648010.46939679
0.000275065870888545,35.1491196860693,482237.787215289,5648010.46939679
0.000137257852819389,35.1491196860693,482737.787215289,5648010.46939679
0.000137257852819389,35.1491196860693,483237.787215289,5648010.46939679
0.000136842203809604,35.1491196860693,483737.787215289,5648010.46939679
3.63032672292033e-05,35.1491196860693,484237.787215289,5648010.46939679
9.94753552647515e-05,35.1491196860693,484737.787215289,5648010.46939679
0.000131330908566768,35.1491196860693,485237.787215289,5648010.46939679
2.4279417450886e-05,35.1491196860693,485737.787215289,5648010.46939679
2.28144635868396e-05,35.1491196860693,486237.787215289,5648010.46939679
0.000134374609087519,35.1491196860693,486737.787215289,5648010.46939679
2.26078279339166e-05,35.1491196860693,487237.787215289,5648010.46939679
2.00833945723992e-05,35.1491196860693,487737.787215289,5648010.46939679
1.99619442716081e-05,35.1491196860693,488237.787215289,5648010.46939679
2.49149815881951e-05,35.1491196860693,488737.787215289,5648010.46939679
1.98412284171531e-05,35.1491196860693,489237.787215289,5648010.46939679
1.96615220141002e-05,35.1491196860693,489737.787215289,5648010.46939679
2.07345068749795e-05,35.1491196860693,490237.787215289,5648010.46939679
2.58008671072078e-05,35.1491196860693,490737.787215289,5648010.46939679
3.22026812713753e-05,35.1491196860693,491237.787215289,5648010.46939679
5.0165771665381e-05,35.1491196860693,491737.787215289,5648010.46939679
8.71752609299608e-05,35.1491196860693,492237.787215289,5648010.46939679
0.000128385211617053,35.1491196860693,492737.787215289,5648010.46939679
0.000149661623099521,35.1491196860693,493237.787215289,5648010.46939679
0.000365405987914368,35.1491196860693,493737.787215289,5648010.46939679
5.07042193276737e-05,35.1491196860693,494237.787215289,5648010.46939679
3.75986856658181e-05,35.1491196860693,494737.787215289,5648010.46939679
3.52230956765074e-05,35.1491196860693,495237.787215289,5648010.46939679
1.87029846523322e-05,35.1491196860693,495737.787215289,5648010.46939679
1.85898821036805e-05,35.1491196860693,496237.787215289,5648010.46939679
1.73100057594861e-05,35.1491196860693,496737.787215289,5648010.46939679
5.93802294545134e-05,35.1491196860693,497237.787215289,5648010.46939679
0.000424054823844744,35.1491196860693,497737.787215289,5648010.46939679
0.00040211051579287,35.1491196860693,498237.787215289,5648010.46939679
0.000530880631114894,35.1491196860693,498737.787215289,5648010.46939679
0.000522891010690315,35.1491196860693,499237.787215289,5648010.46939679
0.000483946630705499,35.1491196860693,499737.787215289,5648010.46939679
0.000636988775387047,35.1491196860693,500237.787215289,5648010.46939679
0.00055903821581446,35.1491196860693,500737.787215289,5648010.46939679
7.29191499211281e-05,35.1491196860693,501237.787215289,5648010.46939679
0.00021199335233693,35.1491196860693,501737.787215289,5648010.46939679
0.000111667428651995,35.1491196860693,502237.787215289,5648010.46939679
2.66406067554557e-05,35.1491196860693,502737.787215289,5648010.46939679
6.54400470441699e-05,35.1491196860693,503237.787215289,5648010.46939679
0.00012840094530712,35.1491196860693,503737.787215289,5648010.46939679
3.77175108888242e-05,35.1491196860693,504237.787215289,5648010.46939679
1.35216612478398e-05,35.1491196860693,504737.787215289,5648010.46939679
4.66497513435874e-05,35.1491196860693,505237.787215289,5648010.46939679
0.000128214239440572,35.1491196860693,505737.787215289,5648010.46939679
8.63023758306126e-05,35.1491196860693,506237.787215289,5648010.46939679
2.80639235072148e-05,35.1491196860693,506737.787215289,5648010.46939679
0.000102141893892954,35.1491196860693,507237.787215289,5648010.46939679
2.80639235072148e-05,35.1491196860693,507737.787215289,5648010.46939679
2.65310641536277e-05,35.1491196860693,508237.787215289,5648010.46939679
5.20570181593895e-05,35.1491196860693,508737.787215289,5648010.46939679
3.51336492012764e-05,35.1491196860693,509237.787215289,5648010.46939679
1.89405401726049e-05,35.1491196860693,509737.787215289,5648010.46939679
6.53448916645804e-05,35.1491196860693,510237.787215289,5648010.46939679
3.70913071759725e-05,35.1491196860693,510737.787215289,5648010.46939679
3.94730004190833e-05,35.1491196860693,511237.787215289,5648010.46939679
4.67176828173993e-05,35.1491196860693,511737.787215289,5648010.46939679
0.000654615144435223,35.1491196860693,512237.787215289,5648010.46939679
0.000465914898812139,35.1491196860693,512737.787215289,5648010.46939679
6.57424559819558e-05,35.1491196860693,513237.787215289,5648010.46939679
0.000258156572873959,35.1491196860693,513737.787215289,5648010.46939679
1.49649215653779e-05,35.1491196860693,514237.787215289,5648010.46939679
2.06793188475109e-05,35.1491196860693,514737.787215289,5648010.46939679
0.000294653680027215,35.1491196860693,515237.787215289,5648010.46939679
2.44421071295244e-05,35.1491196860693,515737.787215289,5648010.46939679
2.74344615262202e-05,35.1491196860693,516237.787215289,5648010.46939679
0.000146181576698259,35.1491196860693,516737.787215289,5648010.46939679
6.15996002553171e-06,35.1491196860693,517237.787215289,5648010.46939679
7.71427669702256e-05,35.1491196860693,517737.787215289,5648010.46939679
6.73085772118963e-05,35.1491196860693,518237.787215289,5648010.46939679
1.79084722941289e-05,35.1491196860693,518737.787215289,5648010.46939679
0.000297492603008205,35.1491196860693,519237.787215289,5648010.46939679
0.000132243327808225,35.1491196860693,519737.787215289,5648010.46939679
0.000293406146503606,35.1491196860693,520237.787215289,5648010.46939679
0.000110871502415338,35.1491196860693,520737.787215289,5648010.46939679
0.00030795711579897,35.1491196860693,521237.787215289,5648010.46939679
0.000232552842689959,35.1491196860693,521737.787215289,5648010.46939679
0.000252030150471331,35.1491196860693,522237.787215289,5648010.46939679
0.000312700926704552,35.1491196860693,522737.787215289,5648010.46939679
0.000177132512376088,35.1491196860693,523237.787215289,5648010.46939679
0.000104981166683557,35.1491196860693,523737.787215289,5648010.46939679
0.000206911731332855,35.1491196860693,524237.787215289,5648010.46939679
7.04154348829698e-05,35.1491196860693,524737.787215289,5648010.46939679
0.000171381016339136,35.1491196860693,525237.787215289,5648010.46939679
0.000451394691810951,35.1491196860693,525737.787215289,5648010.46939679
0.000137294064571033,35.1491196860693,526237.787215289,5648010.46939679
9.86106304299892e-05,35.1491196860693,526737.787215289,5648010.46939679
3.67598673799011e-05,35.1491196860693,527237.787215289,5648010.46939679
1.5332450555934e-05,35.1491196860693,527737.787215289,5648010.46939679
4.37022897413216e-05,35.1491196860693,528237.787215289,5648010.46939679
1.65401748989769e-05,35.1491196860693,528737.787215289,5648010.46939679
1.69463911131871e-05,35.1491196860693,529237.787215289,5648010.46939679
1.18536938056273e-05,35.1491196860693,529737.787215289,5648010.46939679
1.79515893173422e-05,35.1491196860693,530237.787215289,5648010.46939679
2.3233418107462e-05,35.1491196860693,480237.787215289,5648510.46939679
2.45757525896223e-05,35.1491196860693,480737.787215289,5648510.46939679
5.39534078061808e-05,35.1491196860693,481237.787215289,5648510.46939679
0.00014018840350542,35.1491196860693,481737.787215289,5648510.46939679
0.000175503977181957,35.1491196860693,482237.787215289,5648510.46939679
7.99419813705335e-05,35.1491196860693,482737.787215289,5648510.46939679
6.36623834891406e-05,35.1491196860693,483237.787215289,5648510.46939679
2.89981865745197e-05,35.1491196860693,483737.787215289,5648510.46939679
4.80744476853795e-05,35.1491196860693,484237.787215289,5648510.46939679
0.000184521254631328,35.1491196860693,484737.787215289,5648510.46939679
0.000136427813482625,35.1491196860693,485237.787215289,5648510.46939679
0.000135602793642278,35.1491196860693,485737.787215289,5648510.46939679
2.28837609887716e-05,35.1491196860693,486237.787215289,5648510.46939679
2.15683312027784e-05,35.1491196860693,486737.787215289,5648510.46939679
2.1437901045531e-05,35.1491196860693,487237.787215289,5648510.46939679
8.67742631627603e-05,35.1491196860693,487737.787215289,5648510.46939679
2.00833945723992e-05,35.1491196860693,488237.787215289,5648510.46939679
1.99619442716081e-05,35.1491196860693,488737.787215289,5648510.46939679
1.99014948168085e-05,35.1491196860693,489237.787215289,5648510.46939679
3.27940367877323e-05,35.1491196860693,489737.787215289,5648510.46939679
0.000275500181021028,35.1491196860693,490237.787215289,5648510.46939679
5.37118089596397e-05,35.1491196860693,490737.787215289,5648510.46939679
3.8113004674927e-05,35.1491196860693,491237.787215289,5648510.46939679
2.40245288127502e-05,35.1491196860693,491737.787215289,5648510.46939679
2.00541916130448e-05,35.1491196860693,492237.787215289,5648510.46939679
0.00010162222642759,35.1491196860693,492737.787215289,5648510.46939679
7.53559013189692e-05,35.1491196860693,493237.787215289,5648510.46939679
0.000183985025662358,35.1491196860693,493737.787215289,5648510.46939679
3.38080022961075e-05,35.1491196860693,494237.787215289,5648510.46939679
2.35570048955395e-05,35.1491196860693,494737.787215289,5648510.46939679
2.35570048955395e-05,35.1491196860693,495237.787215289,5648510.46939679
2.22703146974515e-05,35.1491196860693,495737.787215289,5648510.46939679
3.29976020987434e-05,35.1491196860693,496237.787215289,5648510.46939679
0.000604904984175203,35.1491196860693,496737.787215289,5648510.46939679
0.00056668539752095,35.1491196860693,497237.787215289,5648510.46939679
0.000341820856557983,35.1491196860693,497737.787215289,5648510.46939679
0.000554781582279904,35.1491196860693,498237.787215289,5648510.46939679
0.000549756802536663,35.1491196860693,498737.787215289,5648510.46939679
0.000602196270260992,35.1491196860693,499237.787215289,5648510.46939679
0.000661641369339598,35.1491196860693,499737.787215289,5648510.46939679
0.00065366327848513,35.1491196860693,500237.787215289,5648510.46939679
0.000441161963056283,35.1491196860693,500737.787215289,5648510.46939679
2.00348492435661e-05,35.1491196860693,501237.787215289,5648510.46939679
2.80639235072148e-05,35.1491196860693,501737.787215289,5648510.46939679
0.000384227385729613,35.1491196860693,502237.787215289,5648510.46939679
0.000508811486247978,35.1491196860693,502737.787215289,5648510.46939679
0.00029014809597412,35.1491196860693,503237.787215289,5648510.46939679
0.000602196270260992,35.1491196860693,503737.787215289,5648510.46939679
1.60460701928049e-05,35.1491196860693,504237.787215289,5648510.46939679
1.27831043274413e-05,35.1491196860693,504737.787215289,5648510.46939679
1.35216612478398e-05,35.1491196860693,505237.787215289,5648510.46939679
1.60033611489919e-05,35.1491196860693,505737.787215289,5648510.46939679
1.89405401726049e-05,35.1491196860693,506237.787215289,5648510.46939679
4.39843454490964e-05,35.1491196860693,506737.787215289,5648510.46939679
8.63023758306126e-05,35.1491196860693,507237.787215289,5648510.46939679
0.000371757230786259,35.1491196860693,507737.787215289,5648510.46939679
1.51292530856715e-05,35.1491196860693,508237.787215289,5648510.46939679
1.60460701928049e-05,35.1491196860693,508737.787215289,5648510.46939679
1.51292530856715e-05,35.1491196860693,509237.787215289,5648510.46939679
0.000296950835601231,35.1491196860693,509737.787215289,5648510.46939679
0.000297743324512148,35.1491196860693,510237.787215289,5648510.46939679
1.65401748989769e-05,35.1491196860693,510737.787215289,5648510.46939679
0.000384227385729613,35.1491196860693,511237.787215289,5648510.46939679
0.000602196270260992,35.1491196860693,511737.787215289,5648510.46939679
0.000569304141499043,35.1491196860693,512237.787215289,5648510.46939679
0.000274300125795429,35.1491196860693,512737.787215289,5648510.46939679
0.00030413193155581,35.1491196860693,513237.787215289,5648510.46939679
0.000412036584408518,35.1491196860693,513737.787215289,5648510.46939679
0.00066067928666247,35.1491196860693,514237.787215289,5648510.46939679
4.18246444380008e-05,35.1491196860693,514737.787215289,5648510.46939679
0.00022183299238688,35.1491196860693,515237.787215289,5648510.46939679
0.00035899276260101,35.1491196860693,515737.787215289,5648510.46939679
0.000285921556409744,35.1491196860693,516237.787215289,5648510.46939679
0.000370722310407423,35.1491196860693,516737.787215289,5648510.46939679
5.20641982383476e-05,35.1491196860693,517237.787215289,5648510.46939679
5.82541166660551e-05,35.1491196860693,517737.787215289,5648510.46939679
1.14263834430627e-05,35.1491196860693,518237.787215289,5648510.46939679
1.08022711825704e-05,35.1491196860693,518737.787215289,5648510.46939679
0.000182740813525481,35.1491196860693,519237.787215289,5648510.46939679
0.000133646365594743,35.1491196860693,519737.787215289,5648510.46939679
0.000366740522914553,35.1491196860693,520237.787215289,5648510.46939679
0.000376294602030199,35.1491196860693,520737.787215289,5648510.46939679
0.000410939886692218,35.1491196860693,521237.787215289,5648510.46939679
0.000347213931457633,35.1491196860693,521737.787215289,5648510.46939679
0.000385536159002725,35.1491196860693,522237.787215289,5648510.46939679
0.000257875976684236,35.1491196860693,522737.787215289,5648510.46939679
3.28463213150305e-05,35.1491196860693,523237.787215289,5648510.46939679
0.00021788620329297,35.1491196860693,523737.787215289,5648510.46939679
0.00027357003450518,35.1491196860693,524237.787215289,5648510.46939679
0.000170096928481247,35.1491196860693,524737.787215289,5648510.46939679
0.000166503460757884,35.1491196860693,525237.787215289,5648510.46939679
0.000434575837118327,35.1491196860693,525737.787215289,5648510.46939679
0.000515084748281894,35.1491196860693,526237.787215289,5648510.46939679
0.000518218571158093,35.1491196860693,526737.787215289,5648510.46939679
2.40304176164112e-05,35.1491196860693,527237.787215289,5648510.46939679
6.06617700121655e-05,35.1491196860693,527737.787215289,5648510.46939679
3.37097543720384e-05,35.1491196860693,528237.787215289,5648510.46939679
1.87894141397426e-05,35.1491196860693,528737.787215289,5648510.46939679
1.72053269713157e-05,35.1491196860693,529237.787215289,5648510.46939679
1.76278788989238e-05,35.1491196860693,529737.787215289,5648510.46939679
1.9220522358682e-05,35.1491196860693,530237.787215289,5648510.46939679
2.0701820121764e-05,35.1491196860693,479737.787215289,5649010.46939679
2.59169209108982e-05,35.1491196860693,480237.787215289,5649010.46939679
2.0701820121764e-05,35.1491196860693,480737.787215289,5649010.46939679
3.07667554082086e-05,35.1491196860693,481237.787215289,5649010.46939679
6.38557537062314e-05,35.1491196860693,481737.787215289,5649010.46939679
0.000105862829838405,35.1491196860693,482237.787215289,5649010.46939679
4.80744476853795e-05,35.1491196860693,482737.787215289,5649010.46939679
5.36271353932604e-05,35.1491196860693,483237.787215289,5649010.46939679
0.000105222645606595,35.1491196860693,483737.787215289,5649010.46939679
0.000598407929553061,35.1491196860693,484237.787215289,5649010.46939679
0.000708236808741832,35.1491196860693,484737.787215289,5649010.46939679
0.000124157577597565,35.1491196860693,485237.787215289,5649010.46939679
0.000136014678026864,35.1491196860693,485737.787215289,5649010.46939679
2.05143191489152e-05,35.1491196860693,486237.787215289,5649010.46939679
2.04521969732763e-05,35.1491196860693,486737.787215289,5649010.46939679
3.02119566608382e-05,35.1491196860693,487237.787215289,5649010.46939679
0.000133967691216809,35.1491196860693,487737.787215289,5649010.46939679
0.000133562005588965,35.1491196860693,488237.787215289,5649010.46939679
2.00833945723992e-05,35.1491196860693,488737.787215289,5649010.46939679
1.99619442716081e-05,35.1491196860693,489237.787215289,5649010.46939679
1.96615220141002e-05,35.1491196860693,489737.787215289,5649010.46939679
2.29198928768705e-05,35.1491196860693,490237.787215289,5649010.46939679
0.000558088530229495,35.1491196860693,490737.787215289,5649010.46939679
3.54890002397428e-05,35.1491196860693,491237.787215289,5649010.46939679
2.63960820191024e-05,35.1491196860693,491737.787215289,5649010.46939679
3.05844473097589e-05,35.1491196860693,492237.787215289,5649010.46939679
4.76448649515735e-05,35.1491196860693,492737.787215289,5649010.46939679
2.37003278750737e-05,35.1491196860693,493237.787215289,5649010.46939679
2.35570048955395e-05,35.1491196860693,493737.787215289,5649010.46939679
0.000431841975392938,35.1491196860693,494237.787215289,5649010.46939679
3.52787105272351e-05,35.1491196860693,494737.787215289,5649010.46939679
2.51854893610601e-05,35.1491196860693,495237.787215289,5649010.46939679
0.000467330084046988,35.1491196860693,495737.787215289,5649010.46939679
0.000494330557393855,35.1491196860693,496237.787215289,5649010.46939679
0.000549756802536663,35.1491196860693,496737.787215289,5649010.46939679
0.000538208590012513,35.1491196860693,497237.787215289,5649010.46939679
0.000481020060515676,35.1491196860693,497737.787215289,5649010.46939679
0.000528503392060985,35.1491196860693,498237.787215289,5649010.46939679
0.000584206858843488,35.1491196860693,498737.787215289,5649010.46939679
0.000393235884834005,35.1491196860693,499237.787215289,5649010.46939679
0.000415955490076506,35.1491196860693,499737.787215289,5649010.46939679
3.93106927356453e-05,35.1491196860693,500237.787215289,5649010.46939679
1.69279716992517e-05,35.1491196860693,500737.787215289,5649010.46939679
0.000189467535565831,35.1491196860693,501237.787215289,5649010.46939679
0.000552297316766175,35.1491196860693,501737.787215289,5649010.46939679
0.000127872977841694,35.1491196860693,502237.787215289,5649010.46939679
0.000439987743737634,35.1491196860693,502737.787215289,5649010.46939679
0.000371757230786259,35.1491196860693,503237.787215289,5649010.46939679
0.000393235884834005,35.1491196860693,503737.787215289,5649010.46939679
0.000314107473694264,35.1491196860693,504237.787215289,5649010.46939679
2.24167947401885e-05,35.1491196860693,504737.787215289,5649010.46939679
1.51292530856715e-05,35.1491196860693,505237.787215289,5649010.46939679
1.69279716992517e-05,35.1491196860693,505737.787215289,5649010.46939679
2.9685345376963e-05,35.1491196860693,506237.787215289,5649010.46939679
2.37752293429097e-05,35.1491196860693,506737.787215289,5649010.46939679
1.79060025692614e-05,35.1491196860693,507237.787215289,5649010.46939679
2.51488675230794e-05,35.1491196860693,507737.787215289,5649010.46939679
1.89910878264722e-05,35.1491196860693,508237.787215289,5649010.46939679
2.08328771215503e-05,35.1491196860693,508737.787215289,5649010.46939679
3.4328785099168e-05,35.1491196860693,509237.787215289,5649010.46939679
0.000224241484984241,35.1491196860693,509737.787215289,5649010.46939679
0.000189467535565831,35.1491196860693,510237.787215289,5649010.46939679
0.00035145174683182,35.1491196860693,510737.787215289,5649010.46939679
0.000200414216121554,35.1491196860693,511237.787215289,5649010.46939679
0.00035145174683182,35.1491196860693,511737.787215289,5649010.46939679
0.000393235884834005,35.1491196860693,512237.787215289,5649010.46939679
0.000439987743737634,35.1491196860693,512737.787215289,5649010.46939679
0.000439987743737634,35.1491196860693,513237.787215289,5649010.46939679
0.00035145174683182,35.1491196860693,513737.787215289,5649010.46939679
0.000393235884834005,35.1491196860693,514237.787215289,5649010.46939679
0.000419654461049211,35.1491196860693,514737.787215289,5649010.46939679
0.000389012287591479,35.1491196860693,515237.787215289,5649010.46939679
9.32473410492776e-05,35.1491196860693,515737.787215289,5649010.46939679
0.000378630408634,35.1491196860693,516237.787215289,5649010.46939679
0.000211403192355248,35.1491196860693,516737.787215289,5649010.46939679
6.89457937404937e-05,35.1491196860693,517237.787215289,5649010.46939679
6.51799551969832e-05,35.1491196860693,517737.787215289,5649010.46939679
1.60055684478483e-05,35.1491196860693,518237.787215289,5649010.46939679
0.000231596616591785,35.1491196860693,518737.787215289,5649010.46939679
0.000299265900076743,35.1491196860693,519237.787215289,5649010.46939679
0.000149299862906,35.1491196860693,519737.787215289,5649010.46939679
0.000341449323775183,35.1491196860693,520237.787215289,5649010.46939679
0.000330767542412045,35.1491196860693,520737.787215289,5649010.46939679
0.000427517945598563,35.1491196860693,521237.787215289,5649010.46939679
0.000341491168608918,35.1491196860693,521737.787215289,5649010.46939679
2.49696152225162e-05,35.1491196860693,522237.787215289,5649010.46939679
1.67402569112107e-05,35.1491196860693,522737.787215289,5649010.46939679
0.000177132512376088,35.1491196860693,523237.787215289,5649010.46939679
0.000339384477470046,35.1491196860693,523737.787215289,5649010.46939679
0.000176937262707989,35.1491196860693,524237.787215289,5649010.46939679
0.000428711418507521,35.1491196860693,524737.787215289,5649010.46939679
0.000232862949163585,35.1491196860693,525237.787215289,5649010.46939679
8.89380743197267e-05,35.1491196860693,525737.787215289,5649010.46939679
5.15665653383777e-05,35.1491196860693,526237.787215289,5649010.46939679
0.000413288117879457,35.1491196860693,526737.787215289,5649010.46939679
4.42356849152292e-05,35.1491196860693,527237.787215289,5649010.46939679
2.05816736839515e-05,35.1491196860693,527737.787215289,5649010.46939679
1.78712036021668e-05,35.1491196860693,528237.787215289,5649010.46939679
2.04869999760157e-05,35.1491196860693,528737.787215289,5649010.46939679
2.086321400451e-05,35.1491196860693,529237.787215289,5649010.46939679
1.40292630797365e-05,35.1491196860693,529737.787215289,5649010.46939679
4.53165317350856e-05,35.1491196860693,530237.787215289,5649010.46939679
0.000136842203809604,35.1491196860693,479737.787215289,5649510.46939679
0.000136842203809604,35.1491196860693,480237.787215289,5649510.46939679
2.74142975108117e-05,35.1491196860693,480737.787215289,5649510.46939679
3.25443361540811e-05,35.1491196860693,481237.787215289,5649510.46939679
2.07647005109628e-05,35.1491196860693,481737.787215289,5649510.46939679
2.31630618616667e-05,35.1491196860693,482237.787215289,5649510.46939679
2.0701820121764e-05,35.1491196860693,482737.787215289,5649510.46939679
2.06391301491495e-05,35.1491196860693,483237.787215289,5649510.46939679
0.000381810259755335,35.1491196860693,483737.787215289,5649510.46939679
0.000598407929553061,35.1491196860693,484237.787215289,5649510.46939679
0.000746887294352888,35.1491196860693,484737.787215289,5649510.46939679
0.000667525153248973,35.1491196860693,485237.787215289,5649510.46939679
0.000135602793642278,35.1491196860693,485737.787215289,5649510.46939679
0.000135602793642278,35.1491196860693,486237.787215289,5649510.46939679
3.03037234514932e-05,35.1491196860693,486737.787215289,5649510.46939679
7.01591995979849e-05,35.1491196860693,487237.787215289,5649510.46939679
2.26764976939214e-05,35.1491196860693,487737.787215289,5649510.46939679
2.13082596385007e-05,35.1491196860693,488237.787215289,5649510.46939679
2.00225773375694e-05,35.1491196860693,488737.787215289,5649510.46939679
1.18536938056273e-05,35.1491196860693,489237.787215289,5649510.46939679
1.18536938056273e-05,35.1491196860693,489737.787215289,5649510.46939679
3.55967956960952e-05,35.1491196860693,490237.787215289,5649510.46939679
2.00541916130448e-05,35.1491196860693,490737.787215289,5649510.46939679
2.00541916130448e-05,35.1491196860693,491237.787215289,5649510.46939679
3.26471878344687e-05,35.1491196860693,491737.787215289,5649510.46939679
0.000226867165778774,35.1491196860693,492237.787215289,5649510.46939679
0.000469432161996821,35.1491196860693,492737.787215289,5649510.46939679
2.91357620076198e-05,35.1491196860693,493237.787215289,5649510.46939679
0.000634058688640681,35.1491196860693,493737.787215289,5649510.46939679
0.000561552802284907,35.1491196860693,494237.787215289,5649510.46939679
0.000454746610232258,35.1491196860693,494737.787215289,5649510.46939679
0.000363240778423314,35.1491196860693,495237.787215289,5649510.46939679
0.000569304141499043,35.1491196860693,495737.787215289,5649510.46939679
0.000569304141499043,35.1491196860693,496237.787215289,5649510.46939679
0.000636988775387047,35.1491196860693,496737.787215289,5649510.46939679
0.000522130682804661,35.1491196860693,497237.787215289,5649510.46939679
0.000584206858843488,35.1491196860693,497737.787215289,5649510.46939679
0.000584206858843488,35.1491196860693,498237.787215289,5649510.46939679
4.39843454490964e-05,35.1491196860693,498737.787215289,5649510.46939679
2.24167947401885e-05,35.1491196860693,499237.787215289,5649510.46939679
0.00035145174683182,35.1491196860693,499737.787215289,5649510.46939679
0.000237197266016241,35.1491196860693,500237.787215289,5649510.46939679
8.15885159173781e-05,35.1491196860693,500737.787215289,5649510.46939679
0.000332255354091968,35.1491196860693,501237.787215289,5649510.46939679
0.000393235884834005,35.1491196860693,501737.787215289,5649510.46939679
5.20570181593895e-05,35.1491196860693,502237.787215289,5649510.46939679
0.000224241484984241,35.1491196860693,502737.787215289,5649510.46939679
0.000332255354091968,35.1491196860693,503237.787215289,5649510.46939679
2.9685345376963e-05,35.1491196860693,503737.787215289,5649510.46939679
6.16113099326042e-05,35.1491196860693,504237.787215289,5649510.46939679
7.29191499211281e-05,35.1491196860693,504737.787215289,5649510.46939679
3.32146394523374e-05,35.1491196860693,505237.787215289,5649510.46939679
1.69279716992517e-05,35.1491196860693,505737.787215289,5649510.46939679
1.79537892961324e-05,35.1491196860693,506237.787215289,5649510.46939679
1.81729188799733e-05,35.1491196860693,506737.787215289,5649510.46939679
2.12489404099526e-05,35.1491196860693,507237.787215289,5649510.46939679
2.15082879711995e-05,35.1491196860693,507737.787215289,5649510.46939679
1.65401748989769e-05,35.1491196860693,508237.787215289,5649510.46939679
1.68950734614758e-05,35.1491196860693,508737.787215289,5649510.46939679
2.12798831652174e-05,35.1491196860693,509237.787215289,5649510.46939679
4.16928801039983e-05,35.1491196860693,509737.787215289,5649510.46939679
0.000151342161890396,35.1491196860693,510237.787215289,5649510.46939679
0.000189467535565831,35.1491196860693,510737.787215289,5649510.46939679
0.000224241484984241,35.1491196860693,511237.787215289,5649510.46939679
0.000393235884834005,35.1491196860693,511737.787215289,5649510.46939679
0.000296950835601231,35.1491196860693,512237.787215289,5649510.46939679
4.15819081948857e-05,35.1491196860693,512737.787215289,5649510.46939679
0.000127872977841694,35.1491196860693,513237.787215289,5649510.46939679
0.00035145174683182,35.1491196860693,513737.787215289,5649510.46939679
0.000393235884834005,35.1491196860693,514237.787215289,5649510.46939679
0.000557413619847563,35.1491196860693,514737.787215289,5649510.46939679
0.000349792235531874,35.1491196860693,515237.787215289,5649510.46939679
4.05211821607927e-05,35.1491196860693,515737.787215289,5649510.46939679
0.000363418872720266,35.1491196860693,516237.787215289,5649510.46939679
0.000173011031880793,35.1491196860693,516737.787215289,5649510.46939679
4.92204371642361e-05,35.1491196860693,517237.787215289,5649510.46939679
2.96894397936477e-05,35.1491196860693,517737.787215289,5649510.46939679
5.50722605156291e-05,35.1491196860693,518237.787215289,5649510.46939679
0.000195682079942139,35.1491196860693,518737.787215289,5649510.46939679
0.000296087880053225,35.1491196860693,519237.787215289,5649510.46939679
0.000243406396694629,35.1491196860693,519737.787215289,5649510.46939679
0.000407810904714067,35.1491196860693,520237.787215289,5649510.46939679
0.000288534880770943,35.1491196860693,520737.787215289,5649510.46939679
9.54920864415029e-05,35.1491196860693,521237.787215289,5649510.46939679
0.00014966392409879,35.1491196860693,521737.787215289,5649510.46939679
0.000427517945598563,35.1491196860693,522237.787215289,5649510.46939679
0.000119547983576538,35.1491196860693,522737.787215289,5649510.46939679
0.000167457484992613,35.1491196860693,523237.787215289,5649510.46939679
0.000231146526014124,35.1491196860693,523737.787215289,5649510.46939679
0.000376248492536002,35.1491196860693,524237.787215289,5649510.46939679
0.000526201276486908,35.1491196860693,524737.787215289,5649510.46939679
0.000525371750548824,35.1491196860693,525237.787215289,5649510.46939679
0.000463154124784626,35.1491196860693,525737.787215289,5649510.46939679
2.27509512961754e-05,35.1491196860693,526237.787215289,5649510.46939679
4.2329935015305e-05,35.1491196860693,526737.787215289,5649510.46939679
5.65675820727524e-05,35.1491196860693,527237.787215289,5649510.46939679
3.29496207861516e-05,35.1491196860693,527737.787215289,5649510.46939679
2.40274730341726e-05,35.1491196860693,528237.787215289,5649510.46939679
1.75744975421675e-05,35.1491196860693,528737.787215289,5649510.46939679
1.32629808052648e-05,35.1491196860693,529237.787215289,5649510.46939679
2.40624618949527e-05,35.1491196860693,529737.787215289,5649510.46939679
1.18536938056273e-05,35.1491196860693,530237.787215289,5649510.46939679
0.000135602793642278,35.1491196860693,479237.787215289,5650010.46939679
0.000135602793642278,35.1491196860693,479737.787215289,5650010.46939679
2.05766300164933e-05,35.1491196860693,480237.787215289,5650010.46939679
3.224957488895e-05,35.1491196860693,480737.787215289,5650010.46939679
0.000136427813482625,35.1491196860693,481237.787215289,5650010.46939679
0.000136842203809604,35.1491196860693,481737.787215289,5650010.46939679
0.000136427813482625,35.1491196860693,482237.787215289,5650010.46939679
7.83547327773844e-05,35.1491196860693,482737.787215289,5650010.46939679
2.04521969732763e-05,35.1491196860693,483237.787215289,5650010.46939679
2.0390262918173e-05,35.1491196860693,483737.787215289,5650010.46939679
6.27042805756213e-05,35.1491196860693,484237.787215289,5650010.46939679
0.000356603262511203,35.1491196860693,484737.787215289,5650010.46939679
0.000782883908727416,35.1491196860693,485237.787215289,5650010.46939679
0.000145172989833904,35.1491196860693,485737.787215289,5650010.46939679
2.03285164139321e-05,35.1491196860693,486237.787215289,5650010.46939679
2.1437901045531e-05,35.1491196860693,486737.787215289,5650010.46939679
3.54330538794221e-05,35.1491196860693,487237.787215289,5650010.46939679
3.14765312282802e-05,35.1491196860693,487737.787215289,5650010.46939679
1.99014948168085e-05,35.1491196860693,488237.787215289,5650010.46939679
2.0924020364673e-05,35.1491196860693,488737.787215289,5650010.46939679
9.96324200237646e-05,35.1491196860693,489237.787215289,5650010.46939679
3.35505811176639e-05,35.1491196860693,489737.787215289,5650010.46939679
1.8616952732203e-05,35.1491196860693,490237.787215289,5650010.46939679
1.82258843075623e-05,35.1491196860693,490737.787215289,5650010.46939679
2.14405282740606e-05,35.1491196860693,491237.787215289,5650010.46939679
1.80061160650567e-05,35.1491196860693,491737.787215289,5650010.46939679
2.2577720809438e-05,35.1491196860693,492237.787215289,5650010.46939679
0.000522891010690315,35.1491196860693,492737.787215289,5650010.46939679
0.000429908223154011,35.1491196860693,493237.787215289,5650010.46939679
0.000691429342624902,35.1491196860693,493737.787215289,5650010.46939679
0.000490626740716301,35.1491196860693,494237.787215289,5650010.46939679
0.000260320401171455,35.1491196860693,494737.787215289,5650010.46939679
1.18536938056273e-05,35.1491196860693,495237.787215289,5650010.46939679
0.000371757230786259,35.1491196860693,495737.787215289,5650010.46939679
0.000393235884834005,35.1491196860693,496237.787215289,5650010.46939679
5.8246082946696e-05,35.1491196860693,496737.787215289,5650010.46939679
6.89362855513801e-05,35.1491196860693,497237.787215289,5650010.46939679
6.89362855513801e-05,35.1491196860693,497737.787215289,5650010.46939679
2.24167947401885e-05,35.1491196860693,498237.787215289,5650010.46939679
0.00035145174683182,35.1491196860693,498737.787215289,5650010.46939679
6.16113099326042e-05,35.1491196860693,499237.787215289,5650010.46939679
0.000552297316766175,35.1491196860693,499737.787215289,5650010.46939679
2.00348492435661e-05,35.1491196860693,500237.787215289,5650010.46939679
0.000372749359609049,35.1491196860693,500737.787215289,5650010.46939679
0.000390857869687074,35.1491196860693,501237.787215289,5650010.46939679
0.000143457644895016,35.1491196860693,501737.787215289,5650010.46939679
0.000472346109574365,35.1491196860693,502237.787215289,5650010.46939679
0.000602196270260992,35.1491196860693,502737.787215289,5650010.46939679
0.000636988775387047,35.1491196860693,503237.787215289,5650010.46939679
2.07068944753579e-05,35.1491196860693,503737.787215289,5650010.46939679
4.93449884164566e-05,35.1491196860693,504237.787215289,5650010.46939679
4.16928801039983e-05,35.1491196860693,504737.787215289,5650010.46939679
3.32146394523374e-05,35.1491196860693,505237.787215289,5650010.46939679
2.12489404099526e-05,35.1491196860693,505737.787215289,5650010.46939679
1.70494945118349e-05,35.1491196860693,506237.787215289,5650010.46939679
0.000258908976676424,35.1491196860693,506737.787215289,5650010.46939679
2.30621655452834e-05,35.1491196860693,507237.787215289,5650010.46939679
2.5882407026316e-05,35.1491196860693,507737.787215289,5650010.46939679
2.49180349351765e-05,35.1491196860693,508237.787215289,5650010.46939679
2.24058093357452e-05,35.1491196860693,508737.787215289,5650010.46939679
1.88167753272691e-05,35.1491196860693,509237.787215289,5650010.46939679
2.52619885946478e-05,35.1491196860693,509737.787215289,5650010.46939679
2.31687395057343e-05,35.1491196860693,510237.787215289,5650010.46939679
6.01998786473273e-05,35.1491196860693,510737.787215289,5650010.46939679
0.000245153766695748,35.1491196860693,511237.787215289,5650010.46939679
7.12486714065979e-05,35.1491196860693,511737.787215289,5650010.46939679
6.7357049040674e-05,35.1491196860693,512237.787215289,5650010.46939679
2.31687395057343e-05,35.1491196860693,512737.787215289,5650010.46939679
0.000156418755032227,35.1491196860693,513237.787215289,5650010.46939679
0.000156418755032227,35.1491196860693,513737.787215289,5650010.46939679
0.00066768877454606,35.1491196860693,514237.787215289,5650010.46939679
0.000332255354091968,35.1491196860693,514737.787215289,5650010.46939679
0.000371757230786259,35.1491196860693,515237.787215289,5650010.46939679
0.000280731297880861,35.1491196860693,515737.787215289,5650010.46939679
0.000332255354091968,35.1491196860693,516237.787215289,5650010.46939679
0.000161569095770689,35.1491196860693,516737.787215289,5650010.46939679
0.000289939298097305,35.1491196860693,517237.787215289,5650010.46939679
5.50722605156291e-05,35.1491196860693,517737.787215289,5650010.46939679
0.000362979381211476,35.1491196860693,518237.787215289,5650010.46939679
0.000286408102120407,35.1491196860693,518737.787215289,5650010.46939679
0.000290713074935198,35.1491196860693,519237.787215289,5650010.46939679
0.000203772789155952,35.1491196860693,519737.787215289,5650010.46939679
0.000266591450059576,35.1491196860693,520237.787215289,5650010.46939679
0.000249778064253938,35.1491196860693,520737.787215289,5650010.46939679
0.000101009239355077,35.1491196860693,521237.787215289,5650010.46939679
1.98126821968575e-05,35.1491196860693,521737.787215289,5650010.46939679
8.53453661856121e-05,35.1491196860693,522237.787215289,5650010.46939679
0.000141489238692083,35.1491196860693,522737.787215289,5650010.46939679
0.000236135116502385,35.1491196860693,523237.787215289,5650010.46939679
0.000307471639182345,35.1491196860693,523737.787215289,5650010.46939679
0.000453480658973851,35.1491196860693,524237.787215289,5650010.46939679
0.00043589583205663,35.1491196860693,524737.787215289,5650010.46939679
0.000251968388911608,35.1491196860693,525237.787215289,5650010.46939679
0.000290606219904927,35.1491196860693,525737.787215289,5650010.46939679
0.000367674204665377,35.1491196860693,526237.787215289,5650010.46939679
2.37377490662453e-05,35.1491196860693,526737.787215289,5650010.46939679
1.10367575486034e-05,35.1491196860693,527237.787215289,5650010.46939679
2.06116447638951e-05,35.1491196860693,527737.787215289,5650010.46939679
2.09265846167955e-05,35.1491196860693,528237.787215289,5650010.46939679
2.99419892340478e-05,35.1491196860693,528737.787215289,5650010.46939679
1.18536938056273e-05,35.1491196860693,529237.787215289,5650010.46939679
3.63077162178978e-05,35.1491196860693,529737.787215289,5650010.46939679
2.50301177083137e-05,35.1491196860693,530237.787215289,5650010.46939679
2.70837351149462e-05,35.1491196860693,479237.787215289,5650510.46939679
2.4205893673453e-05,35.1491196860693,479737.787215289,5650510.46939679
2.71660001426088e-05,35.1491196860693,480237.787215289,5650510.46939679
2.05143191489152e-05,35.1491196860693,480737.787215289,5650510.46939679
3.81685049188597e-05,35.1491196860693,481237.787215289,5650510.46939679
0.000136427813482625,35.1491196860693,481737.787215289,5650510.46939679
0.000136014678026864,35.1491196860693,482237.787215289,5650510.46939679
2.16995549090717e-05,35.1491196860693,482737.787215289,5650510.46939679
0.000135192156540328,35.1491196860693,483237.787215289,5650510.46939679
2.03285164139321e-05,35.1491196860693,483737.787215289,5650510.46939679
2.84752793854417e-05,35.1491196860693,484237.787215289,5650510.46939679
0.0007805131524118,35.1491196860693,484737.787215289,5650510.46939679
0.000136827994662747,35.1491196860693,485237.787215289,5650510.46939679
0.000470800333799513,35.1491196860693,485737.787215289,5650510.46939679
4.20636427383485e-05,35.1491196860693,486237.787215289,5650510.46939679
8.70378341631855e-05,35.1491196860693,486737.787215289,5650510.46939679
4.40909214700775e-05,35.1491196860693,487237.787215289,5650510.46939679
2.23352220878539e-05,35.1491196860693,487737.787215289,5650510.46939679
2.34116795166317e-05,35.1491196860693,488237.787215289,5650510.46939679
1.96019823084428e-05,35.1491196860693,488737.787215289,5650510.46939679
2.05467098509627e-05,35.1491196860693,489237.787215289,5650510.46939679
2.00541916130448e-05,35.1491196860693,489737.787215289,5650510.46939679
2.06416594877933e-05,35.1491196860693,490237.787215289,5650510.46939679
8.62600831427458e-05,35.1491196860693,490737.787215289,5650510.46939679
0.000437112692944094,35.1491196860693,491237.787215289,5650510.46939679
2.49180349351765e-05,35.1491196860693,491737.787215289,5650510.46939679
0.000157370421091883,35.1491196860693,492237.787215289,5650510.46939679
0.000636988775387047,35.1491196860693,492737.787215289,5650510.46939679
0.000352389685300735,35.1491196860693,493237.787215289,5650510.46939679
0.000169335248665416,35.1491196860693,493737.787215289,5650510.46939679
0.000438655357529882,35.1491196860693,494237.787215289,5650510.46939679
3.66042298637648e-05,35.1491196860693,494737.787215289,5650510.46939679
0.000222885429577222,35.1491196860693,495237.787215289,5650510.46939679
0.000200414216121554,35.1491196860693,495737.787215289,5650510.46939679
0.00014307581066598,35.1491196860693,496237.787215289,5650510.46939679
0.000189467535565831,35.1491196860693,496737.787215289,5650510.46939679
5.50646656002691e-05,35.1491196860693,497237.787215289,5650510.46939679
0.000108331587141245,35.1491196860693,497737.787215289,5650510.46939679
3.14842466392162e-05,35.1491196860693,498237.787215289,5650510.46939679
1.89910878264722e-05,35.1491196860693,498737.787215289,5650510.46939679
0.000281480500825745,35.1491196860693,499237.787215289,5650510.46939679
0.00055903821581446,35.1491196860693,499737.787215289,5650510.46939679
0.00021199335233693,35.1491196860693,500237.787215289,5650510.46939679
0.000314107473694264,35.1491196860693,500737.787215289,5650510.46939679
1.18536938056273e-05,35.1491196860693,501237.787215289,5650510.46939679
0.00035145174683182,35.1491196860693,501737.787215289,5650510.46939679
0.000356690671784207,35.1491196860693,502237.787215289,5650510.46939679
0.000494330557393855,35.1491196860693,502737.787215289,5650510.46939679
0.000135819441183643,35.1491196860693,503237.787215289,5650510.46939679
2.80093833859959e-05,35.1491196860693,503737.787215289,5650510.46939679
8.43253058190464e-05,35.1491196860693,504237.787215289,5650510.46939679
0.000207136873062486,35.1491196860693,504737.787215289,5650510.46939679
2.51488675230794e-05,35.1491196860693,505237.787215289,5650510.46939679
2.54558144735814e-05,35.1491196860693,505737.787215289,5650510.46939679
2.41736583850355e-05,35.1491196860693,506237.787215289,5650510.46939679
5.17168573855981e-05,35.1491196860693,506737.787215289,5650510.46939679
0.000390666328843339,35.1491196860693,507237.787215289,5650510.46939679
0.000810819748295011,35.1491196860693,507737.787215289,5650510.46939679
3.75986856658181e-05,35.1491196860693,508237.787215289,5650510.46939679
1.82258843075623e-05,35.1491196860693,508737.787215289,5650510.46939679
1.90464378279636e-05,35.1491196860693,509237.787215289,5650510.46939679
2.73777895512649e-05,35.1491196860693,509737.787215289,5650510.46939679
2.66406067554557e-05,35.1491196860693,510237.787215289,5650510.46939679
1.79799336448646e-05,35.1491196860693,510737.787215289,5650510.46939679
2.38098508858539e-05,35.1491196860693,511237.787215289,5650510.46939679
1.69978646388213e-05,35.1491196860693,511737.787215289,5650510.46939679
2.01175699931245e-05,35.1491196860693,512237.787215289,5650510.46939679
2.38098508858539e-05,35.1491196860693,512737.787215289,5650510.46939679
0.000114757422360102,35.1491196860693,513237.787215289,5650510.46939679
5.52920189662597e-05,35.1491196860693,513737.787215289,5650510.46939679
0.000636988775387047,35.1491196860693,514237.787215289,5650510.46939679
0.000294617574454411,35.1491196860693,514737.787215289,5650510.46939679
0.000393235884834005,35.1491196860693,515237.787215289,5650510.46939679
0.000465408485421668,35.1491196860693,515737.787215289,5650510.46939679
0.000188321768643726,35.1491196860693,516237.787215289,5650510.46939679
0.000209462796990028,35.1491196860693,516737.787215289,5650510.46939679
0.000324410214099756,35.1491196860693,517237.787215289,5650510.46939679
1.35235262527678e-05,35.1491196860693,517737.787215289,5650510.46939679
0.000132067217730626,35.1491196860693,518237.787215289,5650510.46939679
0.000170924859831805,35.1491196860693,518737.787215289,5650510.46939679
0.000334276826156257,35.1491196860693,519237.787215289,5650510.46939679
0.000365008819921437,35.1491196860693,519737.787215289,5650510.46939679
1.60753451999719e-05,35.1491196860693,520237.787215289,5650510.46939679
3.2814136364821e-05,35.1491196860693,520737.787215289,5650510.46939679
2.43710770146919e-05,35.1491196860693,521237.787215289,5650510.46939679
9.02762819636376e-05,35.1491196860693,521737.787215289,5650510.46939679
0.000124248899117176,35.1491196860693,522237.787215289,5650510.46939679
0.000230474801428395,35.1491196860693,522737.787215289,5650510.46939679
0.00032824900937916,35.1491196860693,523237.787215289,5650510.46939679
0.000284122859996443,35.1491196860693,523737.787215289,5650510.46939679
0.000471717080409799,35.1491196860693,524237.787215289,5650510.46939679
0.000318828793116325,35.1491196860693,524737.787215289,5650510.46939679
0.00040954487580154,35.1491196860693,525237.787215289,5650510.46939679
1.92812660473275e-05,35.1491196860693,525737.787215289,5650510.46939679
4.47050041502879e-05,35.1491196860693,526237.787215289,5650510.46939679
3.44831979749166e-05,35.1491196860693,526737.787215289,5650510.46939679
2.09265846167955e-05,35.1491196860693,527237.787215289,5650510.46939679
3.72581460369975e-05,35.1491196860693,527737.787215289,5650510.46939679
4.219657881418e-05,35.1491196860693,528237.787215289,5650510.46939679
2.73346300463853e-05,35.1491196860693,528737.787215289,5650510.46939679
2.75844686926965e-05,35.1491196860693,529237.787215289,5650510.46939679
1.18536938056273e-05,35.1491196860693,529737.787215289,5650510.46939679
1.91321098151686e-05,35.1491196860693,530237.787215289,5650510.46939679
2.40595133861484e-05,35.1491196860693,479237.787215289,5651010.46939679
2.03285164139321e-05,35.1491196860693,479737.787215289,5651010.46939679
3.02119566608382e-05,35.1491196860693,480237.787215289,5651010.46939679
3.02119566608382e-05,35.1491196860693,480737.787215289,5651010.46939679
4.50369697884631e-05,35.1491196860693,481237.787215289,5651010.46939679
2.05143191489152e-05,35.1491196860693,481737.787215289,5651010.46939679
0.000135602793642278,35.1491196860693,482237.787215289,5651010.46939679
0.000134782762943951,35.1491196860693,482737.787215289,5651010.46939679
7.83547327773844e-05,35.1491196860693,483237.787215289,5651010.46939679
2.02055837879655e-05,35.1491196860693,483737.787215289,5651010.46939679
2.0144396535498e-05,35.1491196860693,484237.787215289,5651010.46939679
0.00011456247420325,35.1491196860693,484737.787215289,5651010.46939679
9.67968512032428e-05,35.1491196860693,485237.787215289,5651010.46939679
0.000552161972865256,35.1491196860693,485737.787215289,5651010.46939679
0.000466536190835961,35.1491196860693,486237.787215289,5651010.46939679
0.000548822884074854,35.1491196860693,486737.787215289,5651010.46939679
0.000578773700979777,35.1491196860693,487237.787215289,5651010.46939679
1.97811445183079e-05,35.1491196860693,487737.787215289,5651010.46939679
2.30593396084173e-05,35.1491196860693,488237.787215289,5651010.46939679
0.000127622079564531,35.1491196860693,488737.787215289,5651010.46939679
7.36566735270624e-05,35.1491196860693,489237.787215289,5651010.46939679
0.000233144897103789,35.1491196860693,489737.787215289,5651010.46939679
0.000128587923055176,35.1491196860693,490237.787215289,5651010.46939679
5.01719195128897e-05,35.1491196860693,490737.787215289,5651010.46939679
0.000522891010690315,35.1491196860693,491237.787215289,5651010.46939679
0.000553101573372688,35.1491196860693,491737.787215289,5651010.46939679
0.000552297316766175,35.1491196860693,492237.787215289,5651010.46939679
0.000393235884834005,35.1491196860693,492737.787215289,5651010.46939679
6.89362855513801e-05,35.1491196860693,493237.787215289,5651010.46939679
0.000169335248665416,35.1491196860693,493737.787215289,5651010.46939679
3.71635317002209e-05,35.1491196860693,494237.787215289,5651010.46939679
5.52116196803385e-05,35.1491196860693,494737.787215289,5651010.46939679
2.1903256471865e-05,35.1491196860693,495237.787215289,5651010.46939679
4.29767239377669e-05,35.1491196860693,495737.787215289,5651010.46939679
0.000147875118870093,35.1491196860693,496237.787215289,5651010.46939679
7.12486714065979e-05,35.1491196860693,496737.787215289,5651010.46939679
6.01998786473273e-05,35.1491196860693,497237.787215289,5651010.46939679
1.69978646388213e-05,35.1491196860693,497737.787215289,5651010.46939679
6.54400470441699e-05,35.1491196860693,498237.787215289,5651010.46939679
4.41659499114087e-05,35.1491196860693,498737.787215289,5651010.46939679
0.000148774804663317,35.1491196860693,499237.787215289,5651010.46939679
0.000372749359609049,35.1491196860693,499737.787215289,5651010.46939679
4.16928801039983e-05,35.1491196860693,500237.787215289,5651010.46939679
2.00348492435661e-05,35.1491196860693,500737.787215289,5651010.46939679
0.000604524598993942,35.1491196860693,501237.787215289,5651010.46939679
0.000364645210803833,35.1491196860693,501737.787215289,5651010.46939679
0.000437327006100443,35.1491196860693,502237.787215289,5651010.46939679
0.000572767840139112,35.1491196860693,502737.787215289,5651010.46939679
0.000501883782515537,35.1491196860693,503237.787215289,5651010.46939679
2.75443585352655e-05,35.1491196860693,503737.787215289,5651010.46939679
0.000535732882563165,35.1491196860693,504237.787215289,5651010.46939679
0.000750430734655043,35.1491196860693,504737.787215289,5651010.46939679
8.66587048017265e-05,35.1491196860693,505237.787215289,5651010.46939679
0.000396058853325604,35.1491196860693,505737.787215289,5651010.46939679
5.78654804199665e-05,35.1491196860693,506237.787215289,5651010.46939679
7.42218138932776e-05,35.1491196860693,506737.787215289,5651010.46939679
0.000792536277108092,35.1491196860693,507237.787215289,5651010.46939679
0.000273435970848558,35.1491196860693,507737.787215289,5651010.46939679
3.09577365970757e-05,35.1491196860693,508237.787215289,5651010.46939679
2.48034143849718e-05,35.1491196860693,508737.787215289,5651010.46939679
2.18342524662056e-05,35.1491196860693,509237.787215289,5651010.46939679
8.70485007056137e-05,35.1491196860693,509737.787215289,5651010.46939679
2.6357699876704e-05,35.1491196860693,510237.787215289,5651010.46939679
1.77889977944043e-05,35.1491196860693,510737.787215289,5651010.46939679
6.12087177058115e-05,35.1491196860693,511237.787215289,5651010.46939679
2.49180349351765e-05,35.1491196860693,511737.787215289,5651010.46939679
3.11952638401603e-05,35.1491196860693,512237.787215289,5651010.46939679
2.94913698015127e-05,35.1491196860693,512737.787215289,5651010.46939679
2.09265846167955e-05,35.1491196860693,513237.787215289,5651010.46939679
6.22420899216902e-05,35.1491196860693,513737.787215289,5651010.46939679
0.000257749603938581,35.1491196860693,514237.787215289,5651010.46939679
4.31125456750309e-05,35.1491196860693,514737.787215289,5651010.46939679
0.000381395261590107,35.1491196860693,515237.787215289,5651010.46939679
0.000422926137765656,35.1491196860693,515737.787215289,5651010.46939679
0.000407217913064587,35.1491196860693,516237.787215289,5651010.46939679
0.000325315848134312,35.1491196860693,516737.787215289,5651010.46939679
7.29292074555876e-05,35.1491196860693,517237.787215289,5651010.46939679
1.89431525883513e-05,35.1491196860693,517737.787215289,5651010.46939679
0.000108240364076892,35.1491196860693,518237.787215289,5651010.46939679
0.000213646078041663,35.1491196860693,518737.787215289,5651010.46939679
0.000350897703440043,35.1491196860693,519237.787215289,5651010.46939679
0.000475336390796859,35.1491196860693,519737.787215289,5651010.46939679
0.000336269387012928,35.1491196860693,520237.787215289,5651010.46939679
0.000298286537763386,35.1491196860693,520737.787215289,5651010.46939679
0.000383204706403517,35.1491196860693,521237.787215289,5651010.46939679
3.6272697241538e-05,35.1491196860693,521737.787215289,5651010.46939679
0.000193532894996623,35.1491196860693,522237.787215289,5651010.46939679
0.000383204706403517,35.1491196860693,522737.787215289,5651010.46939679
3.33640408360442e-05,35.1491196860693,523237.787215289,5651010.46939679
0.000336759063257703,35.1491196860693,523737.787215289,5651010.46939679
0.000326184036303139,35.1491196860693,524237.787215289,5651010.46939679
0.000429960908682627,35.1491196860693,524737.787215289,5651010.46939679
4.62272342069961e-05,35.1491196860693,525237.787215289,5651010.46939679
4.31072628523068e-05,35.1491196860693,525737.787215289,5651010.46939679
2.72948831755396e-05,35.1491196860693,526237.787215289,5651010.46939679
2.22703146974515e-05,35.1491196860693,526737.787215289,5651010.46939679
1.89887607416584e-05,35.1491196860693,527237.787215289,5651010.46939679
2.03310076866633e-05,35.1491196860693,527737.787215289,5651010.46939679
2.17681332225298e-05,35.1491196860693,528237.787215289,5651010.46939679
1.8616952732203e-05,35.1491196860693,528737.787215289,5651010.46939679
1.25385530830125e-05,35.1491196860693,529237.787215289,5651010.46939679
8.46513407716844e-05,35.1491196860693,529737.787215289,5651010.46939679
1.18536938056273e-05,35.1491196860693,530237.787215289,5651010.46939679
2.53725090741194e-05,35.1491196860693,479237.787215289,5651510.46939679
5.89208752156152e-05,35.1491196860693,479737.787215289,5651510.46939679
6.25143972895635e-05,35.1491196860693,480237.787215289,5651510.46939679
5.90998434195557e-05,35.1491196860693,480737.787215289,5651510.46939679
4.49005872681789e-05,35.1491196860693,481237.787215289,5651510.46939679
2.05143191489152e-05,35.1491196860693,481737.787215289,5651510.46939679
2.16338435612291e-05,35.1491196860693,482237.787215289,5651510.46939679
2.0390262918173e-05,35.1491196860693,482737.787215289,5651510.46939679
2.02055837879655e-05,35.1491196860693,483237.787215289,5651510.46939679
6.53288784914677e-05,35.1491196860693,483737.787215289,5651510.46939679
7.28744849005776e-05,35.1491196860693,484237.787215289,5651510.46939679
0.000134768767641193,35.1491196860693,484737.787215289,5651510.46939679
0.000726776376969493,35.1491196860693,485237.787215289,5651510.46939679
0.000391804935650999,35.1491196860693,485737.787215289,5651510.46939679
8.59883294300955e-05,35.1491196860693,486237.787215289,5651510.46939679
0.000210582298446101,35.1491196860693,486737.787215289,5651510.46939679
0.000606667994913827,35.1491196860693,487237.787215289,5651510.46939679
0.000713670847373951,35.1491196860693,487737.787215289,5651510.46939679
9.84310494084516e-05,35.1491196860693,488237.787215289,5651510.46939679
3.17180389903569e-05,35.1491196860693,488737.787215289,5651510.46939679
2.96240237013714e-05,35.1491196860693,489237.787215289,5651510.46939679
8.40596474276818e-05,35.1491196860693,489737.787215289,5651510.46939679
7.66281170693429e-05,35.1491196860693,490237.787215289,5651510.46939679
0.000519728932173141,35.1491196860693,490737.787215289,5651510.46939679
0.000569304141499043,35.1491196860693,491237.787215289,5651510.46939679
0.000454746610232258,35.1491196860693,491737.787215289,5651510.46939679
0.000279033631659834,35.1491196860693,492237.787215289,5651510.46939679
0.000296950835601231,35.1491196860693,492737.787215289,5651510.46939679
0.000224241484984241,35.1491196860693,493237.787215289,5651510.46939679
3.14004465527791e-05,35.1491196860693,493737.787215289,5651510.46939679
0.000266105957119046,35.1491196860693,494237.787215289,5651510.46939679
2.1903256471865e-05,35.1491196860693,494737.787215289,5651510.46939679
0.000491341192489964,35.1491196860693,495237.787215289,5651510.46939679
2.01175699931245e-05,35.1491196860693,495737.787215289,5651510.46939679
3.94730004190833e-05,35.1491196860693,496237.787215289,5651510.46939679
0.000298176899017247,35.1491196860693,496737.787215289,5651510.46939679
0.000373292158072736,35.1491196860693,497237.787215289,5651510.46939679
0.000194922232251269,35.1491196860693,497737.787215289,5651510.46939679
2.43946057355962e-05,35.1491196860693,498237.787215289,5651510.46939679
1.74153214230097e-05,35.1491196860693,498737.787215289,5651510.46939679
1.62419156840065e-05,35.1491196860693,499237.787215289,5651510.46939679
2.9685345376963e-05,35.1491196860693,499737.787215289,5651510.46939679
0.000169787162890621,35.1491196860693,500237.787215289,5651510.46939679
0.00021199335233693,35.1491196860693,500737.787215289,5651510.46939679
0.000545838329010388,35.1491196860693,501237.787215289,5651510.46939679
1.18536938056273e-05,35.1491196860693,501737.787215289,5651510.46939679
0.000413440082673469,35.1491196860693,502237.787215289,5651510.46939679
0.000508811486247978,35.1491196860693,502737.787215289,5651510.46939679
0.000650656490637554,35.1491196860693,503237.787215289,5651510.46939679
0.000651603978096357,35.1491196860693,503737.787215289,5651510.46939679
0.000578844630068227,35.1491196860693,504237.787215289,5651510.46939679
0.000369328024662703,35.1491196860693,504737.787215289,5651510.46939679
0.000478807414769765,35.1491196860693,505237.787215289,5651510.46939679
0.000429230497656112,35.1491196860693,505737.787215289,5651510.46939679
2.98513178595472e-05,35.1491196860693,506237.787215289,5651510.46939679
3.05844473097589e-05,35.1491196860693,506737.787215289,5651510.46939679
0.000804645997675755,35.1491196860693,507237.787215289,5651510.46939679
0.000387691713961682,35.1491196860693,507737.787215289,5651510.46939679
2.36629656762498e-05,35.1491196860693,508237.787215289,5651510.46939679
1.89588260564511e-05,35.1491196860693,508737.787215289,5651510.46939679
2.21007438779895e-05,35.1491196860693,509237.787215289,5651510.46939679
1.83367722602196e-05,35.1491196860693,509737.787215289,5651510.46939679
4.70703617857393e-05,35.1491196860693,510237.787215289,5651510.46939679
3.0032936016763e-05,35.1491196860693,510737.787215289,5651510.46939679
1.91623181035385e-05,35.1491196860693,511237.787215289,5651510.46939679
0.000923877945935434,35.1491196860693,511737.787215289,5651510.46939679
0.000103337890294471,35.1491196860693,512237.787215289,5651510.46939679
1.80608084341078e-05,35.1491196860693,512737.787215289,5651510.46939679
2.4617572545973e-05,35.1491196860693,513237.787215289,5651510.46939679
4.67176828173993e-05,35.1491196860693,513737.787215289,5651510.46939679
0.000502676222564066,35.1491196860693,514237.787215289,5651510.46939679
0.000535019440447905,35.1491196860693,514737.787215289,5651510.46939679
0.000500486607931376,35.1491196860693,515237.787215289,5651510.46939679
0.000466086214314721,35.1491196860693,515737.787215289,5651510.46939679
0.000181041313300522,35.1491196860693,516237.787215289,5651510.46939679
6.94737211353909e-05,35.1491196860693,516737.787215289,5651510.46939679
9.65761937189911e-05,35.1491196860693,517237.787215289,5651510.46939679
8.1599769193249e-05,35.1491196860693,517737.787215289,5651510.46939679
0.000352092947592114,35.1491196860693,518237.787215289,5651510.46939679
5.70295516413589e-05,35.1491196860693,518737.787215289,5651510.46939679
0.000182120466284206,35.1491196860693,519237.787215289,5651510.46939679
0.000197661260354578,35.1491196860693,519737.787215289,5651510.46939679
0.000326699058510595,35.1491196860693,520237.787215289,5651510.46939679
0.000221510428398168,35.1491196860693,520737.787215289,5651510.46939679
0.000287172455062765,35.1491196860693,521237.787215289,5651510.46939679
6.35084995762574e-05,35.1491196860693,521737.787215289,5651510.46939679
0.000281994043617222,35.1491196860693,522237.787215289,5651510.46939679
9.87784337249346e-05,35.1491196860693,522737.787215289,5651510.46939679
0.000347171385381577,35.1491196860693,523237.787215289,5651510.46939679
1.75788053380153e-05,35.1491196860693,523737.787215289,5651510.46939679
0.000139391877384878,35.1491196860693,524237.787215289,5651510.46939679
0.000447251499089421,35.1491196860693,524737.787215289,5651510.46939679
1.92812660473275e-05,35.1491196860693,525237.787215289,5651510.46939679
2.36658655878778e-05,35.1491196860693,525737.787215289,5651510.46939679
3.12900173603769e-05,35.1491196860693,526237.787215289,5651510.46939679
1.40292630797365e-05,35.1491196860693,526737.787215289,5651510.46939679
2.17681332225298e-05,35.1491196860693,527237.787215289,5651510.46939679
1.40292630797365e-05,35.1491196860693,527737.787215289,5651510.46939679
2.34486449518552e-05,35.1491196860693,528237.787215289,5651510.46939679
6.90028391395511e-05,35.1491196860693,528737.787215289,5651510.46939679
1.91321098151686e-05,35.1491196860693,529237.787215289,5651510.46939679
2.16023861175225e-05,35.1491196860693,529737.787215289,5651510.46939679
2.72915385799739e-05,35.1491196860693,530237.787215289,5651510.46939679
2.00833945723992e-05,35.1491196860693,478737.787215289,5652010.46939679
2.2471111628667e-05,35.1491196860693,479237.787215289,5652010.46939679
4.40909214700775e-05,35.1491196860693,479737.787215289,5652010.46939679
0.000334072072242833,35.1491196860693,480237.787215289,5652010.46939679
5.55339199719626e-05,35.1491196860693,480737.787215289,5652010.46939679
0.000134374609087519,35.1491196860693,481237.787215289,5652010.46939679
0.000134782762943951,35.1491196860693,481737.787215289,5652010.46939679
0.000134374609087519,35.1491196860693,482237.787215289,5652010.46939679
2.02669568926057e-05,35.1491196860693,482737.787215289,5652010.46939679
4.40909214700775e-05,35.1491196860693,483237.787215289,5652010.46939679
3.29935587169509e-05,35.1491196860693,483737.787215289,5652010.46939679
2.93094347673298e-05,35.1491196860693,484237.787215289,5652010.46939679
3.26947287435097e-05,35.1491196860693,484737.787215289,5652010.46939679
0.000196679719138789,35.1491196860693,485237.787215289,5652010.46939679
0.000571794830877985,35.1491196860693,485737.787215289,5652010.46939679
0.000326064143501342,35.1491196860693,486237.787215289,5652010.46939679
0.00013233856197017,35.1491196860693,486737.787215289,5652010.46939679
0.000243257303462985,35.1491196860693,487237.787215289,5652010.46939679
0.000702930280013959,35.1491196860693,487737.787215289,5652010.46939679
0.000652552845288548,35.1491196860693,488237.787215289,5652010.46939679
0.000458846764408603,35.1491196860693,488737.787215289,5652010.46939679
0.000567510606083323,35.1491196860693,489237.787215289,5652010.46939679
3.95304810919062e-05,35.1491196860693,489737.787215289,5652010.46939679
0.000474470749899309,35.1491196860693,490237.787215289,5652010.46939679
0.000399097666167579,35.1491196860693,490737.787215289,5652010.46939679
0.000393235884834005,35.1491196860693,491237.787215289,5652010.46939679
0.000188321768643726,35.1491196860693,491737.787215289,5652010.46939679
0.000364645210803833,35.1491196860693,492237.787215289,5652010.46939679
0.000189973177924475,35.1491196860693,492737.787215289,5652010.46939679
5.84015274489692e-05,35.1491196860693,493237.787215289,5652010.46939679
0.000363240778423314,35.1491196860693,493737.787215289,5652010.46939679
1.89037306596122e-05,35.1491196860693,494237.787215289,5652010.46939679
3.0263367607633e-05,35.1491196860693,494737.787215289,5652010.46939679
3.8582909289284e-05,35.1491196860693,495237.787215289,5652010.46939679
0.000222776204033749,35.1491196860693,495737.787215289,5652010.46939679
0.000390666328843339,35.1491196860693,496237.787215289,5652010.46939679
0.000177948334185669,35.1491196860693,496737.787215289,5652010.46939679
2.22703146974515e-05,35.1491196860693,497237.787215289,5652010.46939679
2.39169489825622e-05,35.1491196860693,497737.787215289,5652010.46939679
3.17681195971277e-05,35.1491196860693,498237.787215289,5652010.46939679
1.88167753272691e-05,35.1491196860693,498737.787215289,5652010.46939679
1.62419156840065e-05,35.1491196860693,499237.787215289,5652010.46939679
0.000371757230786259,35.1491196860693,499737.787215289,5652010.46939679
0.000151342161890396,35.1491196860693,500237.787215289,5652010.46939679
7.71321283514311e-05,35.1491196860693,500737.787215289,5652010.46939679
3.93106927356453e-05,35.1491196860693,501237.787215289,5652010.46939679
0.000294261286071962,35.1491196860693,501737.787215289,5652010.46939679
0.000280731297880861,35.1491196860693,502237.787215289,5652010.46939679
0.000371757230786259,35.1491196860693,502737.787215289,5652010.46939679
0.00055903821581446,35.1491196860693,503237.787215289,5652010.46939679
0.00064766353372321,35.1491196860693,503737.787215289,5652010.46939679
0.000560667546707024,35.1491196860693,504237.787215289,5652010.46939679
0.000746978825870084,35.1491196860693,504737.787215289,5652010.46939679
0.000122304023776778,35.1491196860693,505237.787215289,5652010.46939679
0.000737971733485423,35.1491196860693,505737.787215289,5652010.46939679
5.67324497085982e-05,35.1491196860693,506237.787215289,5652010.46939679
0.00113396969029133,35.1491196860693,506737.787215289,5652010.46939679
0.000526007864981973,35.1491196860693,507237.787215289,5652010.46939679
0.000739046369599086,35.1491196860693,507737.787215289,5652010.46939679
0.000116496605194083,35.1491196860693,508237.787215289,5652010.46939679
1.93069773882503e-05,35.1491196860693,508737.787215289,5652010.46939679
0.000470115750176837,35.1491196860693,509237.787215289,5652010.46939679
0.00068608057583247,35.1491196860693,509737.787215289,5652010.46939679
0.00036651588407811,35.1491196860693,510237.787215289,5652010.46939679
0.00057443718636591,35.1491196860693,510737.787215289,5652010.46939679
0.000679866592005705,35.1491196860693,511237.787215289,5652010.46939679
0.000640785744846671,35.1491196860693,511737.787215289,5652010.46939679
9.26380267088328e-05,35.1491196860693,512237.787215289,5652010.46939679
1.97236594185491e-05,35.1491196860693,512737.787215289,5652010.46939679
3.18182792777395e-05,35.1491196860693,513237.787215289,5652010.46939679
7.18998845960752e-05,35.1491196860693,513737.787215289,5652010.46939679
0.000621719732727529,35.1491196860693,514237.787215289,5652010.46939679
0.000557413619847563,35.1491196860693,514737.787215289,5652010.46939679
0.000466029102149205,35.1491196860693,515237.787215289,5652010.46939679
0.000309830755151714,35.1491196860693,515737.787215289,5652010.46939679
0.000366740522914553,35.1491196860693,516237.787215289,5652010.46939679
0.000286825170248925,35.1491196860693,516737.787215289,5652010.46939679
5.50722605156291e-05,35.1491196860693,517237.787215289,5652010.46939679
2.24198866260075e-05,35.1491196860693,517737.787215289,5652010.46939679
0.000237630016937755,35.1491196860693,518237.787215289,5652010.46939679
0.00034411130382336,35.1491196860693,518737.787215289,5652010.46939679
0.000455576265725083,35.1491196860693,519237.787215289,5652010.46939679
0.000374517785867505,35.1491196860693,519737.787215289,5652010.46939679
0.000514335771363977,35.1491196860693,520237.787215289,5652010.46939679
0.000497460015546504,35.1491196860693,520737.787215289,5652010.46939679
0.000390193886306132,35.1491196860693,521237.787215289,5652010.46939679
0.000300538348685158,35.1491196860693,521737.787215289,5652010.46939679
0.000383157750175364,35.1491196860693,522237.787215289,5652010.46939679
0.000415248871241267,35.1491196860693,522737.787215289,5652010.46939679
2.02449282809844e-05,35.1491196860693,523237.787215289,5652010.46939679
2.73413302098201e-05,35.1491196860693,523737.787215289,5652010.46939679
3.99596727556688e-05,35.1491196860693,524237.787215289,5652010.46939679
0.000414543452799316,35.1491196860693,524737.787215289,5652010.46939679
0.000106856602474303,35.1491196860693,525237.787215289,5652010.46939679
1.82546617280495e-05,35.1491196860693,525737.787215289,5652010.46939679
2.27481634941419e-05,35.1491196860693,526237.787215289,5652010.46939679
2.07043571431042e-05,35.1491196860693,526737.787215289,5652010.46939679
1.9812377587931e-05,35.1491196860693,527237.787215289,5652010.46939679
1.18536938056273e-05,35.1491196860693,527737.787215289,5652010.46939679
1.90741732939683e-05,35.1491196860693,528237.787215289,5652010.46939679
1.18536938056273e-05,35.1491196860693,528737.787215289,5652010.46939679
1.40292630797365e-05,35.1491196860693,529237.787215289,5652010.46939679
2.58792355093978e-05,35.1491196860693,529737.787215289,5652010.46939679
2.46145560163383e-05,35.1491196860693,530237.787215289,5652010.46939679
1.99014948168085e-05,35.1491196860693,478737.787215289,5652510.46939679
3.68043758297303e-05,35.1491196860693,479237.787215289,5652510.46939679
0.000222074370018169,35.1491196860693,479737.787215289,5652510.46939679
0.00029497429422698,35.1491196860693,480237.787215289,5652510.46939679
6.13871120477922e-05,35.1491196860693,480737.787215289,5652510.46939679
2.26078279339166e-05,35.1491196860693,481237.787215289,5652510.46939679
2.02055837879655e-05,35.1491196860693,481737.787215289,5652510.46939679
0.000133157548472468,35.1491196860693,482237.787215289,5652510.46939679
2.00833945723992e-05,35.1491196860693,482737.787215289,5652510.46939679
2.2200154311785e-05,35.1491196860693,483237.787215289,5652510.46939679
1.96019823084428e-05,35.1491196860693,483737.787215289,5652510.46939679
4.27737932092891e-05,35.1491196860693,484237.787215289,5652510.46939679
3.21051639905207e-05,35.1491196860693,484737.787215289,5652510.46939679
3.21051639905207e-05,35.1491196860693,485237.787215289,5652510.46939679
7.04834164955065e-05,35.1491196860693,485737.787215289,5652510.46939679
0.000788890686901014,35.1491196860693,486237.787215289,5652510.46939679
6.62306392797783e-05,35.1491196860693,486737.787215289,5652510.46939679
0.000417621725231575,35.1491196860693,487237.787215289,5652510.46939679
0.000223778264380884,35.1491196860693,487737.787215289,5652510.46939679
0.000307806200670047,35.1491196860693,488237.787215289,5652510.46939679
0.000423386325892976,35.1491196860693,488737.787215289,5652510.46939679
5.50376810278016e-05,35.1491196860693,489237.787215289,5652510.46939679
0.000139577754809758,35.1491196860693,489737.787215289,5652510.46939679
0.000148774804663317,35.1491196860693,490237.787215289,5652510.46939679
0.000237197266016241,35.1491196860693,490737.787215289,5652510.46939679
0.000102141893892954,35.1491196860693,491237.787215289,5652510.46939679
3.14004465527791e-05,35.1491196860693,491737.787215289,5652510.46939679
0.000333142062099298,35.1491196860693,492237.787215289,5652510.46939679
5.72580007088426e-05,35.1491196860693,492737.787215289,5652510.46939679
0.000441804384108422,35.1491196860693,493237.787215289,5652510.46939679
3.0263367607633e-05,35.1491196860693,493737.787215289,5652510.46939679
2.08000352933194e-05,35.1491196860693,494237.787215289,5652510.46939679
2.24058093357452e-05,35.1491196860693,494737.787215289,5652510.46939679
2.41355500079851e-05,35.1491196860693,495237.787215289,5652510.46939679
3.04918304213404e-05,35.1491196860693,495737.787215289,5652510.46939679
1.83924689752713e-05,35.1491196860693,496237.787215289,5652510.46939679
1.83924689752713e-05,35.1491196860693,496737.787215289,5652510.46939679
1.83924689752713e-05,35.1491196860693,497237.787215289,5652510.46939679
2.5998827601314e-05,35.1491196860693,497737.787215289,5652510.46939679
3.85220855599386e-05,35.1491196860693,498237.787215289,5652510.46939679
0.000695550821996087,35.1491196860693,498737.787215289,5652510.46939679
0.000415147111916389,35.1491196860693,499237.787215289,5652510.46939679
0.000528503392060985,35.1491196860693,499737.787215289,5652510.46939679
0.000584206858843488,35.1491196860693,500237.787215289,5652510.46939679
0.000472346109574365,35.1491196860693,500737.787215289,5652510.46939679
0.000493611758830038,35.1491196860693,501237.787215289,5652510.46939679
4.4101728873702e-05,35.1491196860693,501737.787215289,5652510.46939679
0.00065366327848513,35.1491196860693,502237.787215289,5652510.46939679
0.000179118765764683,35.1491196860693,502737.787215289,5652510.46939679
0.000493611758830038,35.1491196860693,503237.787215289,5652510.46939679
0.000664617470773389,35.1491196860693,503737.787215289,5652510.46939679
0.000651603978096357,35.1491196860693,504237.787215289,5652510.46939679
0.000634982006342535,35.1491196860693,504737.787215289,5652510.46939679
0.000119184131791871,35.1491196860693,505237.787215289,5652510.46939679
0.000719146579371186,35.1491196860693,505737.787215289,5652510.46939679
0.000650576762037896,35.1491196860693,506237.787215289,5652510.46939679
0.000690254753015216,35.1491196860693,506737.787215289,5652510.46939679
0.000730134927002606,35.1491196860693,507237.787215289,5652510.46939679
0.000200607703268369,35.1491196860693,507737.787215289,5652510.46939679
0.000114395890647584,35.1491196860693,508237.787215289,5652510.46939679
2.24384367261661e-05,35.1491196860693,508737.787215289,5652510.46939679
0.00102274045051411,35.1491196860693,509237.787215289,5652510.46939679
0.000696563684682134,35.1491196860693,509737.787215289,5652510.46939679
0.000470115750176837,35.1491196860693,510237.787215289,5652510.46939679
0.000518091578466258,35.1491196860693,510737.787215289,5652510.46939679
0.000541416749493726,35.1491196860693,511237.787215289,5652510.46939679
0.000564078699511826,35.1491196860693,511737.787215289,5652510.46939679
7.66281170693429e-05,35.1491196860693,512237.787215289,5652510.46939679
3.37588425928836e-05,35.1491196860693,512737.787215289,5652510.46939679
3.25523133014117e-05,35.1491196860693,513237.787215289,5652510.46939679
0.000623608164688416,35.1491196860693,513737.787215289,5652510.46939679
0.000452710292954668,35.1491196860693,514237.787215289,5652510.46939679
0.000519036802716839,35.1491196860693,514737.787215289,5652510.46939679
6.36935966901447e-05,35.1491196860693,515237.787215289,5652510.46939679
0.000418486201449013,35.1491196860693,515737.787215289,5652510.46939679
0.000375201069109676,35.1491196860693,516237.787215289,5652510.46939679
0.000191246135783903,35.1491196860693,516737.787215289,5652510.46939679
9.65761937189911e-05,35.1491196860693,517237.787215289,5652510.46939679
7.71427669702256e-05,35.1491196860693,517737.787215289,5652510.46939679
2.39345405961214e-05,35.1491196860693,518237.787215289,5652510.46939679
0.000299701691759836,35.1491196860693,518737.787215289,5652510.46939679
0.000545771444369662,35.1491196860693,519237.787215289,5652510.46939679
0.000285400861176829,35.1491196860693,519737.787215289,5652510.46939679
0.00048695067522219,35.1491196860693,520237.787215289,5652510.46939679
0.000303248107345885,35.1491196860693,520737.787215289,5652510.46939679
7.31227133758817e-05,35.1491196860693,521237.787215289,5652510.46939679
0.000125156195330538,35.1491196860693,521737.787215289,5652510.46939679
0.000368299866855551,35.1491196860693,522237.787215289,5652510.46939679
0.000446601157470028,35.1491196860693,522737.787215289,5652510.46939679
2.0459717184397e-05,35.1491196860693,523237.787215289,5652510.46939679
1.72597019256009e-05,35.1491196860693,523737.787215289,5652510.46939679
2.67360979163998e-06,35.1491196860693,524237.787215289,5652510.46939679
0.000428606360101499,35.1491196860693,524737.787215289,5652510.46939679
3.77724352138078e-05,35.1491196860693,525237.787215289,5652510.46939679
2.46923467703512e-05,35.1491196860693,525737.787215289,5652510.46939679
2.30258093725353e-05,35.1491196860693,526237.787215289,5652510.46939679
1.87302199810429e-05,35.1491196860693,526737.787215289,5652510.46939679
1.90164122181591e-05,35.1491196860693,527237.787215289,5652510.46939679
2.15369690195983e-05,35.1491196860693,527737.787215289,5652510.46939679
1.93656210362622e-05,35.1491196860693,528237.787215289,5652510.46939679
2.43916165273388e-05,35.1491196860693,528737.787215289,5652510.46939679
2.19324642061023e-05,35.1491196860693,529237.787215289,5652510.46939679
4.09310241353121e-05,35.1491196860693,529737.787215289,5652510.46939679
2.74575828051501e-05,35.1491196860693,530237.787215289,5652510.46939679
1.97811445183079e-05,35.1491196860693,478737.787215289,5653010.46939679
5.73343535776413e-05,35.1491196860693,479237.787215289,5653010.46939679
7.17777421699763e-05,35.1491196860693,479737.787215289,5653010.46939679
0.000310129876990323,35.1491196860693,480237.787215289,5653010.46939679
4.13051338871082e-05,35.1491196860693,480737.787215289,5653010.46939679
2.52190739141533e-05,35.1491196860693,481237.787215289,5653010.46939679
2.13082596385007e-05,35.1491196860693,481737.787215289,5653010.46939679
2.00833945723992e-05,35.1491196860693,482237.787215289,5653010.46939679
1.99619442716081e-05,35.1491196860693,482737.787215289,5653010.46939679
1.97811445183079e-05,35.1491196860693,483237.787215289,5653010.46939679
1.94834432517668e-05,35.1491196860693,483737.787215289,5653010.46939679
2.41706962506999e-05,35.1491196860693,484237.787215289,5653010.46939679
1.91902223146636e-05,35.1491196860693,484737.787215289,5653010.46939679
2.02374870180663e-05,35.1491196860693,485237.787215289,5653010.46939679
2.02374870180663e-05,35.1491196860693,485737.787215289,5653010.46939679
3.54890002397428e-05,35.1491196860693,486237.787215289,5653010.46939679
2.51824032413835e-05,35.1491196860693,486737.787215289,5653010.46939679
2.7921142641878e-05,35.1491196860693,487237.787215289,5653010.46939679
0.000157829081128724,35.1491196860693,487737.787215289,5653010.46939679
0.00042855384055334,35.1491196860693,488237.787215289,5653010.46939679
0.000160981160705481,35.1491196860693,488737.787215289,5653010.46939679
0.00040825464587779,35.1491196860693,489237.787215289,5653010.46939679
0.000299082591335604,35.1491196860693,489737.787215289,5653010.46939679
0.000227584146734067,35.1491196860693,490237.787215289,5653010.46939679
0.00014307581066598,35.1491196860693,490737.787215289,5653010.46939679
0.000314107473694264,35.1491196860693,491237.787215289,5653010.46939679
6.89362855513801e-05,35.1491196860693,491737.787215289,5653010.46939679
0.000337208127497728,35.1491196860693,492237.787215289,5653010.46939679
2.96276541444856e-05,35.1491196860693,492737.787215289,5653010.46939679
6.7047213131009e-05,35.1491196860693,493237.787215289,5653010.46939679
3.64754999893165e-05,35.1491196860693,493737.787215289,5653010.46939679
2.11819977612105e-05,35.1491196860693,494237.787215289,5653010.46939679
2.03927617579779e-05,35.1491196860693,494737.787215289,5653010.46939679
3.05844473097589e-05,35.1491196860693,495237.787215289,5653010.46939679
2.47283038217753e-05,35.1491196860693,495737.787215289,5653010.46939679
1.86735004766338e-05,35.1491196860693,496237.787215289,5653010.46939679
2.61570068542682e-05,35.1491196860693,496737.787215289,5653010.46939679
2.61570068542682e-05,35.1491196860693,497237.787215289,5653010.46939679
2.7921142641878e-05,35.1491196860693,497737.787215289,5653010.46939679
2.08935950641075e-05,35.1491196860693,498237.787215289,5653010.46939679
3.19613997520136e-05,35.1491196860693,498737.787215289,5653010.46939679
0.000561552802284907,35.1491196860693,499237.787215289,5653010.46939679
0.000483946630705499,35.1491196860693,499737.787215289,5653010.46939679
0.000508811486247978,35.1491196860693,500237.787215289,5653010.46939679
0.000408899251945295,35.1491196860693,500737.787215289,5653010.46939679
0.000472346109574365,35.1491196860693,501237.787215289,5653010.46939679
0.000538208590012513,35.1491196860693,501737.787215289,5653010.46939679
0.000569304141499043,35.1491196860693,502237.787215289,5653010.46939679
0.000160086110007308,35.1491196860693,502737.787215289,5653010.46939679
0.00035145174683182,35.1491196860693,503237.787215289,5653010.46939679
0.000468749567812007,35.1491196860693,503737.787215289,5653010.46939679
8.57384425900898e-05,35.1491196860693,504237.787215289,5653010.46939679
7.89877174458911e-05,35.1491196860693,504737.787215289,5653010.46939679
0.000598481264828822,35.1491196860693,505237.787215289,5653010.46939679
1.85605762276212e-05,35.1491196860693,505737.787215289,5653010.46939679
0.000233853059081014,35.1491196860693,506237.787215289,5653010.46939679
0.000642732088539738,35.1491196860693,506737.787215289,5653010.46939679
0.000719146579371186,35.1491196860693,507237.787215289,5653010.46939679
0.000760696008161758,35.1491196860693,507737.787215289,5653010.46939679
0.000106519961499873,35.1491196860693,508237.787215289,5653010.46939679
0.000126070116845408,35.1491196860693,508737.787215289,5653010.46939679
0.00057443718636591,35.1491196860693,509237.787215289,5653010.46939679
0.000650576762037896,35.1491196860693,509737.787215289,5653010.46939679
0.000521243695173225,35.1491196860693,510237.787215289,5653010.46939679
0.000543061266532647,35.1491196860693,510737.787215289,5653010.46939679
0.000751523513594494,35.1491196860693,511237.787215289,5653010.46939679
0.000627325374861633,35.1491196860693,511737.787215289,5653010.46939679
0.000718100879240586,35.1491196860693,512237.787215289,5653010.46939679
2.24411865709855e-05,35.1491196860693,512737.787215289,5653010.46939679
6.6343342336731e-05,35.1491196860693,513237.787215289,5653010.46939679
0.000235676205692043,35.1491196860693,513737.787215289,5653010.46939679
0.000470230983211054,35.1491196860693,514237.787215289,5653010.46939679
0.000231454757181045,35.1491196860693,514737.787215289,5653010.46939679
0.000502799436700867,35.1491196860693,515237.787215289,5653010.46939679
0.000330246106474566,35.1491196860693,515737.787215289,5653010.46939679
0.00019802188041569,35.1491196860693,516237.787215289,5653010.46939679
5.25521357077894e-05,35.1491196860693,516737.787215289,5653010.46939679
3.14047775285734e-05,35.1491196860693,517237.787215289,5653010.46939679
0.00010215598203878,35.1491196860693,517737.787215289,5653010.46939679
0.000163561120915064,35.1491196860693,518237.787215289,5653010.46939679
4.58977427071234e-05,35.1491196860693,518737.787215289,5653010.46939679
0.000417167802778466,35.1491196860693,519237.787215289,5653010.46939679
0.000534241476796546,35.1491196860693,519737.787215289,5653010.46939679
0.000396107390592227,35.1491196860693,520237.787215289,5653010.46939679
4.37712926575543e-05,35.1491196860693,520737.787215289,5653010.46939679
0.00045480233972115,35.1491196860693,521237.787215289,5653010.46939679
0.000377345078198355,35.1491196860693,521737.787215289,5653010.46939679
0.000216488977833397,35.1491196860693,522237.787215289,5653010.46939679
1.98172339246601e-05,35.1491196860693,522737.787215289,5653010.46939679
2.64025521291154e-05,35.1491196860693,523237.787215289,5653010.46939679
1.66670815328508e-05,35.1491196860693,523737.787215289,5653010.46939679
1.81729188799733e-05,35.1491196860693,524237.787215289,5653010.46939679
1.79128619526329e-05,35.1491196860693,524737.787215289,5653010.46939679
7.50184638969601e-05,35.1491196860693,525237.787215289,5653010.46939679
2.78805429319654e-05,35.1491196860693,525737.787215289,5653010.46939679
1.85043704443338e-05,35.1491196860693,526237.787215289,5653010.46939679
1.18536938056273e-05,35.1491196860693,526737.787215289,5653010.46939679
2.53356152936113e-05,35.1491196860693,527237.787215289,5653010.46939679
2.42441131183236e-05,35.1491196860693,527737.787215289,5653010.46939679
2.30593396084173e-05,35.1491196860693,528237.787215289,5653010.46939679
3.84613577156916e-05,35.1491196860693,528737.787215289,5653010.46939679
2.76246372586297e-05,35.1491196860693,529237.787215289,5653010.46939679
2.07345068749795e-05,35.1491196860693,529737.787215289,5653010.46939679
3.82287703686388e-05,35.1491196860693,478737.787215289,5653510.46939679
0.000216751100346215,35.1491196860693,479237.787215289,5653510.46939679
0.000402061242929549,35.1491196860693,479737.787215289,5653510.46939679
0.000361525600787042,35.1491196860693,480237.787215289,5653510.46939679
3.43745621293166e-05,35.1491196860693,480737.787215289,5653510.46939679
1.99619442716081e-05,35.1491196860693,481237.787215289,5653510.46939679
3.69161666511547e-05,35.1491196860693,481737.787215289,5653510.46939679
7.83547327773844e-05,35.1491196860693,482237.787215289,5653510.46939679
0.000130360435891305,35.1491196860693,482737.787215289,5653510.46939679
2.06717179192006e-05,35.1491196860693,483237.787215289,5653510.46939679
6.76174780077617e-05,35.1491196860693,483737.787215289,5653510.46939679
7.83547327773844e-05,35.1491196860693,484237.787215289,5653510.46939679
0.000177129789062611,35.1491196860693,484737.787215289,5653510.46939679
1.86735004766338e-05,35.1491196860693,485237.787215289,5653510.46939679
2.21007438779895e-05,35.1491196860693,485737.787215289,5653510.46939679
2.21007438779895e-05,35.1491196860693,486237.787215289,5653510.46939679
2.0767245238335e-05,35.1491196860693,486737.787215289,5653510.46939679
2.17022142034502e-05,35.1491196860693,487237.787215289,5653510.46939679
7.37729723595366e-05,35.1491196860693,487737.787215289,5653510.46939679
4.65027859957701e-05,35.1491196860693,488237.787215289,5653510.46939679
6.01049770136009e-05,35.1491196860693,488737.787215289,5653510.46939679
0.000120653582284289,35.1491196860693,489237.787215289,5653510.46939679
0.000227584146734067,35.1491196860693,489737.787215289,5653510.46939679
9.65628750716317e-05,35.1491196860693,490237.787215289,5653510.46939679
0.000332255354091968,35.1491196860693,490737.787215289,5653510.46939679
0.000280731297880861,35.1491196860693,491237.787215289,5653510.46939679
0.000332255354091968,35.1491196860693,491737.787215289,5653510.46939679
2.2577720809438e-05,35.1491196860693,492237.787215289,5653510.46939679
2.06742512514965e-05,35.1491196860693,492737.787215289,5653510.46939679
1.81156669275592e-05,35.1491196860693,493237.787215289,5653510.46939679
2.15709744156075e-05,35.1491196860693,493737.787215289,5653510.46939679
1.84483348653567e-05,35.1491196860693,494237.787215289,5653510.46939679
1.9812377587931e-05,35.1491196860693,494737.787215289,5653510.46939679
2.23704878706741e-05,35.1491196860693,495237.787215289,5653510.46939679
2.14067285188637e-05,35.1491196860693,495737.787215289,5653510.46939679
1.91321098151686e-05,35.1491196860693,496237.787215289,5653510.46939679
0.000121372775439379,35.1491196860693,496737.787215289,5653510.46939679
1.88441763582189e-05,35.1491196860693,497237.787215289,5653510.46939679
8.89162794901063e-05,35.1491196860693,497737.787215289,5653510.46939679
0.000228247446434234,35.1491196860693,498237.787215289,5653510.46939679
0.000152650586490948,35.1491196860693,498737.787215289,5653510.46939679
0.00064766353372321,35.1491196860693,499237.787215289,5653510.46939679
0.000537360135237762,35.1491196860693,499737.787215289,5653510.46939679
0.000452654819816034,35.1491196860693,500237.787215289,5653510.46939679
0.00059399708949974,35.1491196860693,500737.787215289,5653510.46939679
0.000443146335273057,35.1491196860693,501237.787215289,5653510.46939679
0.000396058853325604,35.1491196860693,501737.787215289,5653510.46939679
0.000499636388923847,35.1491196860693,502237.787215289,5653510.46939679
0.000371757230786259,35.1491196860693,502737.787215289,5653510.46939679
0.000314107473694264,35.1491196860693,503237.787215289,5653510.46939679
0.000572767840139112,35.1491196860693,503737.787215289,5653510.46939679
0.000601246942601937,35.1491196860693,504237.787215289,5653510.46939679
0.000612287970310288,35.1491196860693,504737.787215289,5653510.46939679
0.000724664324631281,35.1491196860693,505237.787215289,5653510.46939679
0.000525243004925781,35.1491196860693,505737.787215289,5653510.46939679
0.000445139633311694,35.1491196860693,506237.787215289,5653510.46939679
0.000697663510935388,35.1491196860693,506737.787215289,5653510.46939679
0.000589474271812027,35.1491196860693,507237.787215289,5653510.46939679
0.000397840349126606,35.1491196860693,507737.787215289,5653510.46939679
0.000557277022164675,35.1491196860693,508237.787215289,5653510.46939679
0.000557277022164675,35.1491196860693,508737.787215289,5653510.46939679
0.000623531750472279,35.1491196860693,509237.787215289,5653510.46939679
0.000669634770215427,35.1491196860693,509737.787215289,5653510.46939679
0.000105875803396133,35.1491196860693,510237.787215289,5653510.46939679
0.000596668923021111,35.1491196860693,510737.787215289,5653510.46939679
0.000621643549911583,35.1491196860693,511237.787215289,5653510.46939679
0.000390666328843339,35.1491196860693,511737.787215289,5653510.46939679
5.61368647085221e-05,35.1491196860693,512237.787215289,5653510.46939679
7.94780248567173e-05,35.1491196860693,512737.787215289,5653510.46939679
9.44997243429287e-05,35.1491196860693,513237.787215289,5653510.46939679
0.000618935723775984,35.1491196860693,513737.787215289,5653510.46939679
0.000479622189622053,35.1491196860693,514237.787215289,5653510.46939679
0.000324723411476362,35.1491196860693,514737.787215289,5653510.46939679
0.000403480203419138,35.1491196860693,515237.787215289,5653510.46939679
0.000317478904638204,35.1491196860693,515737.787215289,5653510.46939679
0.000443417941174613,35.1491196860693,516237.787215289,5653510.46939679
0.000289939298097305,35.1491196860693,516737.787215289,5653510.46939679
8.1599769193249e-05,35.1491196860693,517237.787215289,5653510.46939679
0.000317094969478855,35.1491196860693,517737.787215289,5653510.46939679
9.73156908745543e-05,35.1491196860693,518237.787215289,5653510.46939679
0.000300138118043766,35.1491196860693,518737.787215289,5653510.46939679
0.000245213857880473,35.1491196860693,519237.787215289,5653510.46939679
0.000391949001143724,35.1491196860693,519737.787215289,5653510.46939679
0.000534176013183353,35.1491196860693,520237.787215289,5653510.46939679
0.000150371659313802,35.1491196860693,520737.787215289,5653510.46939679
0.00048032061654343,35.1491196860693,521237.787215289,5653510.46939679
0.000474528896594174,35.1491196860693,521737.787215289,5653510.46939679
0.000565038578421167,35.1491196860693,522237.787215289,5653510.46939679
3.11046086785142e-05,35.1491196860693,522737.787215289,5653510.46939679
1.881908133516e-05,35.1491196860693,523237.787215289,5653510.46939679
2.30286312002494e-05,35.1491196860693,523737.787215289,5653510.46939679
1.67929038931596e-05,35.1491196860693,524237.787215289,5653510.46939679
2.85237350710461e-05,35.1491196860693,524737.787215289,5653510.46939679
2.6357699876704e-05,35.1491196860693,525237.787215289,5653510.46939679
1.18536938056273e-05,35.1491196860693,525737.787215289,5653510.46939679
1.878711176714e-05,35.1491196860693,526237.787215289,5653510.46939679
2.66373423320599e-05,35.1491196860693,526737.787215289,5653510.46939679
2.41706962506999e-05,35.1491196860693,527237.787215289,5653510.46939679
2.59578419503496e-05,35.1491196860693,527737.787215289,5653510.46939679
3.86953601455074e-05,35.1491196860693,528237.787215289,5653510.46939679
2.468932107821e-05,35.1491196860693,528737.787215289,5653510.46939679
2.31996347466755e-05,35.1491196860693,529237.787215289,5653510.46939679
2.16680019154911e-05,35.1491196860693,529737.787215289,5653510.46939679
0.000255755701688099,35.1491196860693,478737.787215289,5654010.46939679
0.000122482123173859,35.1491196860693,479237.787215289,5654010.46939679
0.000398419685146191,35.1491196860693,479737.787215289,5654010.46939679
7.02699761591551e-05,35.1491196860693,480237.787215289,5654010.46939679
3.23004947544255e-05,35.1491196860693,480737.787215289,5654010.46939679
1.98412284171531e-05,35.1491196860693,481237.787215289,5654010.46939679
2.34116795166317e-05,35.1491196860693,481737.787215289,5654010.46939679
0.000129965673879658,35.1491196860693,482237.787215289,5654010.46939679
0.000129179732532526,35.1491196860693,482737.787215289,5654010.46939679
2.72088933924434e-05,35.1491196860693,483237.787215289,5654010.46939679
2.12128430344383e-05,35.1491196860693,483737.787215289,5654010.46939679
1.86735004766338e-05,35.1491196860693,484237.787215289,5654010.46939679
2.59200970461865e-05,35.1491196860693,484737.787215289,5654010.46939679
2.88263581128328e-05,35.1491196860693,485237.787215289,5654010.46939679
1.83924689752713e-05,35.1491196860693,485737.787215289,5654010.46939679
2.88263581128328e-05,35.1491196860693,486237.787215289,5654010.46939679
3.21558558410985e-05,35.1491196860693,486737.787215289,5654010.46939679
6.57344001890313e-05,35.1491196860693,487237.787215289,5654010.46939679
2.22703146974515e-05,35.1491196860693,487737.787215289,5654010.46939679
2.20017785958e-05,35.1491196860693,488237.787215289,5654010.46939679
2.2577720809438e-05,35.1491196860693,488737.787215289,5654010.46939679
3.45376445779523e-05,35.1491196860693,489237.787215289,5654010.46939679
0.000394285334913763,35.1491196860693,489737.787215289,5654010.46939679
3.71635317002209e-05,35.1491196860693,490237.787215289,5654010.46939679
3.5227412289485e-05,35.1491196860693,490737.787215289,5654010.46939679
0.000265397675848622,35.1491196860693,491237.787215289,5654010.46939679
0.000160086110007308,35.1491196860693,491737.787215289,5654010.46939679
2.66406067554557e-05,35.1491196860693,492237.787215289,5654010.46939679
1.9903933757769e-05,35.1491196860693,492737.787215289,5654010.46939679
2.88263581128328e-05,35.1491196860693,493237.787215289,5654010.46939679
2.59200970461865e-05,35.1491196860693,493737.787215289,5654010.46939679
1.18536938056273e-05,35.1491196860693,494237.787215289,5654010.46939679
2.5106145010934e-05,35.1491196860693,494737.787215289,5654010.46939679
1.91321098151686e-05,35.1491196860693,495237.787215289,5654010.46939679
2.42441131183236e-05,35.1491196860693,495737.787215289,5654010.46939679
1.93656210362622e-05,35.1491196860693,496237.787215289,5654010.46939679
2.35913086595481e-05,35.1491196860693,496737.787215289,5654010.46939679
5.39600198309289e-05,35.1491196860693,497237.787215289,5654010.46939679
0.000631142080009899,35.1491196860693,497737.787215289,5654010.46939679
0.000582366373916251,35.1491196860693,498237.787215289,5654010.46939679
0.00064766353372321,35.1491196860693,498737.787215289,5654010.46939679
0.000599426225672481,35.1491196860693,499237.787215289,5654010.46939679
0.000305499934706019,35.1491196860693,499737.787215289,5654010.46939679
0.000522891010690315,35.1491196860693,500237.787215289,5654010.46939679
0.000522891010690315,35.1491196860693,500737.787215289,5654010.46939679
0.000522891010690315,35.1491196860693,501237.787215289,5654010.46939679
0.000386565060403689,35.1491196860693,501737.787215289,5654010.46939679
0.000394285334913763,35.1491196860693,502237.787215289,5654010.46939679
0.000179118765764683,35.1491196860693,502737.787215289,5654010.46939679
0.000127872977841694,35.1491196860693,503237.787215289,5654010.46939679
0.000429908223154011,35.1491196860693,503737.787215289,5654010.46939679
0.000418941558458564,35.1491196860693,504237.787215289,5654010.46939679
0.000506471002632157,35.1491196860693,504737.787215289,5654010.46939679
0.000670692077560858,35.1491196860693,505237.787215289,5654010.46939679
0.000413237475361679,35.1491196860693,505737.787215289,5654010.46939679
0.000578844630068227,35.1491196860693,506237.787215289,5654010.46939679
0.000295010443516021,35.1491196860693,506737.787215289,5654010.46939679
0.000263663464363387,35.1491196860693,507237.787215289,5654010.46939679
0.000612287970310288,35.1491196860693,507737.787215289,5654010.46939679
0.000685082956475958,35.1491196860693,508237.787215289,5654010.46939679
0.000612287970310288,35.1491196860693,508737.787215289,5654010.46939679
0.000612287970310288,35.1491196860693,509237.787215289,5654010.46939679
0.000557277022164675,35.1491196860693,509737.787215289,5654010.46939679
0.000450572651433371,35.1491196860693,510237.787215289,5654010.46939679
0.00042210421267687,35.1491196860693,510737.787215289,5654010.46939679
0.000614147753925854,35.1491196860693,511237.787215289,5654010.46939679
0.000757289675075247,35.1491196860693,511737.787215289,5654010.46939679
9.72560822897381e-05,35.1491196860693,512237.787215289,5654010.46939679
0.000129779119838112,35.1491196860693,512737.787215289,5654010.46939679
0.000357253861875431,35.1491196860693,513237.787215289,5654010.46939679
0.000195846997338006,35.1491196860693,513737.787215289,5654010.46939679
0.00049367225126783,35.1491196860693,514237.787215289,5654010.46939679
0.000351408681472409,35.1491196860693,514737.787215289,5654010.46939679
0.000411538298288144,35.1491196860693,515237.787215289,5654010.46939679
0.00048565458231764,35.1491196860693,515737.787215289,5654010.46939679
0.000324842811295038,35.1491196860693,516237.787215289,5654010.46939679
3.83824973464549e-05,35.1491196860693,516737.787215289,5654010.46939679
3.14047775285734e-05,35.1491196860693,517237.787215289,5654010.46939679
0.000189813206711161,35.1491196860693,517737.787215289,5654010.46939679
0.000313194660007292,35.1491196860693,518237.787215289,5654010.46939679
0.000118349131118296,35.1491196860693,518737.787215289,5654010.46939679
0.00023393904614528,35.1491196860693,519237.787215289,5654010.46939679
0.000522194670254887,35.1491196860693,519737.787215289,5654010.46939679
0.000637994536947125,35.1491196860693,520237.787215289,5654010.46939679
0.00055903821581446,35.1491196860693,520737.787215289,5654010.46939679
0.000371620587017629,35.1491196860693,521237.787215289,5654010.46939679
0.000545637699674461,35.1491196860693,521737.787215289,5654010.46939679
0.000413288117879457,35.1491196860693,522237.787215289,5654010.46939679
8.75888445258603e-05,35.1491196860693,522737.787215289,5654010.46939679
4.0017862121853e-05,35.1491196860693,523237.787215289,5654010.46939679
1.98148056075179e-05,35.1491196860693,523737.787215289,5654010.46939679
0.000128790954560747,35.1491196860693,524237.787215289,5654010.46939679
4.27790351650945e-05,35.1491196860693,524737.787215289,5654010.46939679
3.73713151549713e-05,35.1491196860693,525237.787215289,5654010.46939679
2.71693293533585e-05,35.1491196860693,525737.787215289,5654010.46939679
2.36629656762498e-05,35.1491196860693,526237.787215289,5654010.46939679
6.96335254116167e-05,35.1491196860693,526737.787215289,5654010.46939679
3.79975895469203e-05,35.1491196860693,527237.787215289,5654010.46939679
2.46145560163383e-05,35.1491196860693,527737.787215289,5654010.46939679
6.82700713754693e-05,35.1491196860693,528237.787215289,5654010.46939679
1.56972037568764e-05,35.1491196860693,528737.787215289,5654010.46939679
2.30593396084173e-05,35.1491196860693,529237.787215289,5654010.46939679
1.40292630797365e-05,35.1491196860693,529737.787215289,5654010.46939679
0.00036651588407811,35.1491196860693,478737.787215289,5654510.46939679
0.000147409253186947,35.1491196860693,479237.787215289,5654510.46939679
0.000383016916010947,35.1491196860693,479737.787215289,5654510.46939679
2.76682546649944e-05,35.1491196860693,480237.787215289,5654510.46939679
2.00541916130448e-05,35.1491196860693,480737.787215289,5654510.46939679
2.05467098509627e-05,35.1491196860693,481237.787215289,5654510.46939679
1.93069773882503e-05,35.1491196860693,481737.787215289,5654510.46939679
1.91902223146636e-05,35.1491196860693,482237.787215289,5654510.46939679
1.89588260564511e-05,35.1491196860693,482737.787215289,5654510.46939679
1.99329179112934e-05,35.1491196860693,483237.787215289,5654510.46939679
2.73346300463853e-05,35.1491196860693,483737.787215289,5654510.46939679
2.13108709793927e-05,35.1491196860693,484237.787215289,5654510.46939679
1.75744975421675e-05,35.1491196860693,484737.787215289,5654510.46939679
2.06116447638951e-05,35.1491196860693,485237.787215289,5654510.46939679
1.94858309602397e-05,35.1491196860693,485737.787215289,5654510.46939679
1.84215094215161e-05,35.1491196860693,486237.787215289,5654510.46939679
2.43946057355962e-05,35.1491196860693,486737.787215289,5654510.46939679
1.69978646388213e-05,35.1491196860693,487237.787215289,5654510.46939679
1.65401748989769e-05,35.1491196860693,487737.787215289,5654510.46939679
1.65401748989769e-05,35.1491196860693,488237.787215289,5654510.46939679
2.33465046599563e-05,35.1491196860693,488737.787215289,5654510.46939679
1.66041257508289e-05,35.1491196860693,489237.787215289,5654510.46939679
0.000102141893892954,35.1491196860693,489737.787215289,5654510.46939679
0.000143457644895016,35.1491196860693,490237.787215289,5654510.46939679
0.00029014809597412,35.1491196860693,490737.787215289,5654510.46939679
8.15885159173781e-05,35.1491196860693,491237.787215289,5654510.46939679
4.92136492631995e-05,35.1491196860693,491737.787215289,5654510.46939679
2.52619885946478e-05,35.1491196860693,492237.787215289,5654510.46939679
2.78805429319654e-05,35.1491196860693,492737.787215289,5654510.46939679
3.65286156952085e-05,35.1491196860693,493237.787215289,5654510.46939679
2.36629656762498e-05,35.1491196860693,493737.787215289,5654510.46939679
2.53356152936113e-05,35.1491196860693,494237.787215289,5654510.46939679
3.23986053393656e-05,35.1491196860693,494737.787215289,5654510.46939679
2.72915385799739e-05,35.1491196860693,495237.787215289,5654510.46939679
1.91321098151686e-05,35.1491196860693,495737.787215289,5654510.46939679
2.36629656762498e-05,35.1491196860693,496237.787215289,5654510.46939679
0.000357730255687752,35.1491196860693,496737.787215289,5654510.46939679
0.000437112692944094,35.1491196860693,497237.787215289,5654510.46939679
0.000890858869512744,35.1491196860693,497737.787215289,5654510.46939679
0.000581519563807255,35.1491196860693,498237.787215289,5654510.46939679
0.000673791453064358,35.1491196860693,498737.787215289,5654510.46939679
0.000466650546461829,35.1491196860693,499237.787215289,5654510.46939679
0.000352389685300735,35.1491196860693,499737.787215289,5654510.46939679
0.00035145174683182,35.1491196860693,500237.787215289,5654510.46939679
0.000314107473694264,35.1491196860693,500737.787215289,5654510.46939679
0.000439987743737634,35.1491196860693,501237.787215289,5654510.46939679
0.000371757230786259,35.1491196860693,501737.787215289,5654510.46939679
0.000393235884834005,35.1491196860693,502237.787215289,5654510.46939679
0.000332255354091968,35.1491196860693,502737.787215289,5654510.46939679
3.71635317002209e-05,35.1491196860693,503237.787215289,5654510.46939679
0.000393235884834005,35.1491196860693,503737.787215289,5654510.46939679
0.000584206858843488,35.1491196860693,504237.787215289,5654510.46939679
0.000333142062099298,35.1491196860693,504737.787215289,5654510.46939679
0.000493611758830038,35.1491196860693,505237.787215289,5654510.46939679
0.000602196270260992,35.1491196860693,505737.787215289,5654510.46939679
0.000538208590012513,35.1491196860693,506237.787215289,5654510.46939679
0.000508811486247978,35.1491196860693,506737.787215289,5654510.46939679
0.000406426515727172,35.1491196860693,507237.787215289,5654510.46939679
8.02044543751702e-05,35.1491196860693,507737.787215289,5654510.46939679
0.000245153766695748,35.1491196860693,508237.787215289,5654510.46939679
0.000569304141499043,35.1491196860693,508737.787215289,5654510.46939679
0.000572767840139112,35.1491196860693,509237.787215289,5654510.46939679
0.000618859882100314,35.1491196860693,509737.787215289,5654510.46939679
0.000323150505739383,35.1491196860693,510237.787215289,5654510.46939679
0.00056668539752095,35.1491196860693,510737.787215289,5654510.46939679
0.000227225373463745,35.1491196860693,511237.787215289,5654510.46939679
0.000684086787742616,35.1491196860693,511737.787215289,5654510.46939679
0.000472346109574365,35.1491196860693,512237.787215289,5654510.46939679
0.000452710292954668,35.1491196860693,512737.787215289,5654510.46939679
0.000443900426539663,35.1491196860693,513237.787215289,5654510.46939679
0.000445951761502518,35.1491196860693,513737.787215289,5654510.46939679
0.000336269387012928,35.1491196860693,514237.787215289,5654510.46939679
0.000427465559419953,35.1491196860693,514737.787215289,5654510.46939679
0.000434050293717377,35.1491196860693,515237.787215289,5654510.46939679
0.000354750951372009,35.1491196860693,515737.787215289,5654510.46939679
0.000299775153530237,35.1491196860693,516237.787215289,5654510.46939679
6.89457937404937e-05,35.1491196860693,516737.787215289,5654510.46939679
0.000253287921132141,35.1491196860693,517237.787215289,5654510.46939679
0.000335374355157132,35.1491196860693,517737.787215289,5654510.46939679
0.000152966572929456,35.1491196860693,518237.787215289,5654510.46939679
0.000189743438621255,35.1491196860693,518737.787215289,5654510.46939679
0.000640010826660101,35.1491196860693,519237.787215289,5654510.46939679
0.00027600281310957,35.1491196860693,519737.787215289,5654510.46939679
0.000617960007334726,35.1491196860693,520237.787215289,5654510.46939679
0.000642810855769625,35.1491196860693,520737.787215289,5654510.46939679
0.000213515213838274,35.1491196860693,521237.787215289,5654510.46939679
0.000332616882868599,35.1491196860693,521737.787215289,5654510.46939679
0.000492833608385351,35.1491196860693,522237.787215289,5654510.46939679
0.000319253947552538,35.1491196860693,522737.787215289,5654510.46939679
7.86340170550948e-05,35.1491196860693,523237.787215289,5654510.46939679
0.000385955662899937,35.1491196860693,523737.787215289,5654510.46939679
0.000612287970310288,35.1491196860693,524237.787215289,5654510.46939679
0.000621643549911583,35.1491196860693,524737.787215289,5654510.46939679
0.000205235636737818,35.1491196860693,525237.787215289,5654510.46939679
2.08303243519343e-05,35.1491196860693,525737.787215289,5654510.46939679
8.24137237883873e-05,35.1491196860693,526237.787215289,5654510.46939679
0.000666554515050927,35.1491196860693,526737.787215289,5654510.46939679
0.00012549020650357,35.1491196860693,527237.787215289,5654510.46939679
3.09089335123263e-05,35.1491196860693,527737.787215289,5654510.46939679
3.26947287435097e-05,35.1491196860693,528237.787215289,5654510.46939679
2.2989510513195e-05,35.1491196860693,528737.787215289,5654510.46939679
2.15369690195983e-05,35.1491196860693,529237.787215289,5654510.46939679
8.16672844272333e-05,35.1491196860693,529737.787215289,5654510.46939679
0.000105235540709334,35.1491196860693,478737.787215289,5655010.46939679
0.000153114252402135,35.1491196860693,479237.787215289,5655010.46939679
0.000526838395301092,35.1491196860693,479737.787215289,5655010.46939679
1.84483348653567e-05,35.1491196860693,480237.787215289,5655010.46939679
1.878711176714e-05,35.1491196860693,480737.787215289,5655010.46939679
2.03606137462126e-05,35.1491196860693,481237.787215289,5655010.46939679
2.02374870180663e-05,35.1491196860693,481737.787215289,5655010.46939679
3.32467060688903e-05,35.1491196860693,482237.787215289,5655010.46939679
7.83547327773844e-05,35.1491196860693,482737.787215289,5655010.46939679
2.19670940618683e-05,35.1491196860693,483237.787215289,5655010.46939679
2.15709744156075e-05,35.1491196860693,483737.787215289,5655010.46939679
0.000101474459089894,35.1491196860693,484237.787215289,5655010.46939679
2.86103740019286e-05,35.1491196860693,484737.787215289,5655010.46939679
2.51854893610601e-05,35.1491196860693,485237.787215289,5655010.46939679
3.73169740925798e-05,35.1491196860693,485737.787215289,5655010.46939679
1.79799336448646e-05,35.1491196860693,486237.787215289,5655010.46939679
4.67176828173993e-05,35.1491196860693,486737.787215289,5655010.46939679
3.06811050441383e-05,35.1491196860693,487237.787215289,5655010.46939679
1.59974789242575e-05,35.1491196860693,487737.787215289,5655010.46939679
2.04274636212669e-05,35.1491196860693,488237.787215289,5655010.46939679
1.18536938056273e-05,35.1491196860693,488737.787215289,5655010.46939679
0.000232659488251659,35.1491196860693,489237.787215289,5655010.46939679
0.000143457644895016,35.1491196860693,489737.787215289,5655010.46939679
0.000712720443067026,35.1491196860693,490237.787215289,5655010.46939679
0.000591337220225357,35.1491196860693,490737.787215289,5655010.46939679
2.37119479724889e-05,35.1491196860693,491237.787215289,5655010.46939679
1.14248076512883e-05,35.1491196860693,491737.787215289,5655010.46939679
2.16050335038033e-05,35.1491196860693,492237.787215289,5655010.46939679
2.94913698015127e-05,35.1491196860693,492737.787215289,5655010.46939679
2.06416594877933e-05,35.1491196860693,493237.787215289,5655010.46939679
2.33776369486346e-05,35.1491196860693,493737.787215289,5655010.46939679
1.89588260564511e-05,35.1491196860693,494237.787215289,5655010.46939679
2.30593396084173e-05,35.1491196860693,494737.787215289,5655010.46939679
2.28504860590967e-05,35.1491196860693,495237.787215289,5655010.46939679
8.16672844272333e-05,35.1491196860693,495737.787215289,5655010.46939679
0.000607625882042439,35.1491196860693,496237.787215289,5655010.46939679
0.000868133669140359,35.1491196860693,496737.787215289,5655010.46939679
0.000383621673435046,35.1491196860693,497237.787215289,5655010.46939679
0.000586834655336882,35.1491196860693,497737.787215289,5655010.46939679
0.000508811486247978,35.1491196860693,498237.787215289,5655010.46939679
0.000552297316766175,35.1491196860693,498737.787215289,5655010.46939679
0.000371757230786259,35.1491196860693,499237.787215289,5655010.46939679
0.000332255354091968,35.1491196860693,499737.787215289,5655010.46939679
0.000280731297880861,35.1491196860693,500237.787215289,5655010.46939679
0.000393235884834005,35.1491196860693,500737.787215289,5655010.46939679
0.000371757230786259,35.1491196860693,501237.787215289,5655010.46939679
0.000200414216121554,35.1491196860693,501737.787215289,5655010.46939679
0.000237197266016241,35.1491196860693,502237.787215289,5655010.46939679
0.000189467535565831,35.1491196860693,502737.787215289,5655010.46939679
0.000393235884834005,35.1491196860693,503237.787215289,5655010.46939679
0.000237197266016241,35.1491196860693,503737.787215289,5655010.46939679
7.71321283514311e-05,35.1491196860693,504237.787215289,5655010.46939679
0.000332255354091968,35.1491196860693,504737.787215289,5655010.46939679
0.000415955490076506,35.1491196860693,505237.787215289,5655010.46939679
0.000522130682804661,35.1491196860693,505737.787215289,5655010.46939679
0.00065366327848513,35.1491196860693,506237.787215289,5655010.46939679
0.00065366327848513,35.1491196860693,506737.787215289,5655010.46939679
0.000493611758830038,35.1491196860693,507237.787215289,5655010.46939679
0.000528503392060985,35.1491196860693,507737.787215289,5655010.46939679
0.000522130682804661,35.1491196860693,508237.787215289,5655010.46939679
0.000522130682804661,35.1491196860693,508737.787215289,5655010.46939679
0.000499636388923847,35.1491196860693,509237.787215289,5655010.46939679
0.000429908223154011,35.1491196860693,509737.787215289,5655010.46939679
0.000494330557393855,35.1491196860693,510237.787215289,5655010.46939679
0.000468749567812007,35.1491196860693,510737.787215289,5655010.46939679
0.000415147111916389,35.1491196860693,511237.787215289,5655010.46939679
0.000124943581896944,35.1491196860693,511737.787215289,5655010.46939679
0.000517401629494168,35.1491196860693,512237.787215289,5655010.46939679
0.000421542091268694,35.1491196860693,512737.787215289,5655010.46939679
0.000459683900364959,35.1491196860693,513237.787215289,5655010.46939679
0.000512032618807928,35.1491196860693,513737.787215289,5655010.46939679
0.00040716801436315,35.1491196860693,514237.787215289,5655010.46939679
0.000136083910011248,35.1491196860693,514737.787215289,5655010.46939679
8.71018530288337e-05,35.1491196860693,515237.787215289,5655010.46939679
0.000270764411452368,35.1491196860693,515737.787215289,5655010.46939679
0.000119547983576538,35.1491196860693,516237.787215289,5655010.46939679
1.60055684478483e-05,35.1491196860693,516737.787215289,5655010.46939679
0.000255975183545352,35.1491196860693,517237.787215289,5655010.46939679
0.000225989698606109,35.1491196860693,517737.787215289,5655010.46939679
9.45344716064544e-05,35.1491196860693,518237.787215289,5655010.46939679
0.000377987197077192,35.1491196860693,518737.787215289,5655010.46939679
0.000522194670254887,35.1491196860693,519237.787215289,5655010.46939679
0.000350811713770049,35.1491196860693,519737.787215289,5655010.46939679
0.000738062172394914,35.1491196860693,520237.787215289,5655010.46939679
0.000463097371904533,35.1491196860693,520737.787215289,5655010.46939679
0.000630224345886669,35.1491196860693,521237.787215289,5655010.46939679
0.000182606501117848,35.1491196860693,521737.787215289,5655010.46939679
0.000530880631114894,35.1491196860693,522237.787215289,5655010.46939679
0.000508009374310401,35.1491196860693,522737.787215289,5655010.46939679
0.000639853988016709,35.1491196860693,523237.787215289,5655010.46939679
0.000580602831782387,35.1491196860693,523737.787215289,5655010.46939679
0.000587689205294229,35.1491196860693,524237.787215289,5655010.46939679
0.00021643592585962,35.1491196860693,524737.787215289,5655010.46939679
2.60777972952185e-05,35.1491196860693,525237.787215289,5655010.46939679
4.14960115259258e-05,35.1491196860693,525737.787215289,5655010.46939679
0.00070506538356171,35.1491196860693,526237.787215289,5655010.46939679
0.000566615958371658,35.1491196860693,526737.787215289,5655010.46939679
4.27737932092891e-05,35.1491196860693,527237.787215289,5655010.46939679
2.30593396084173e-05,35.1491196860693,527737.787215289,5655010.46939679
2.06717179192006e-05,35.1491196860693,528237.787215289,5655010.46939679
2.40975017065913e-05,35.1491196860693,528737.787215289,5655010.46939679
2.25065919717462e-05,35.1491196860693,529237.787215289,5655010.46939679
0.000442447740655556,35.1491196860693,478737.787215289,5655510.46939679
0.000508009374310401,35.1491196860693,479237.787215289,5655510.46939679
0.000218759012188135,35.1491196860693,479737.787215289,5655510.46939679
1.90464378279636e-05,35.1491196860693,480237.787215289,5655510.46939679
1.95142062715212e-05,35.1491196860693,480737.787215289,5655510.46939679
1.88441763582189e-05,35.1491196860693,481237.787215289,5655510.46939679
2.08935950641075e-05,35.1491196860693,481737.787215289,5655510.46939679
3.43245786000348e-05,35.1491196860693,482237.787215289,5655510.46939679
2.15709744156075e-05,35.1491196860693,482737.787215289,5655510.46939679
2.02080599952244e-05,35.1491196860693,483237.787215289,5655510.46939679
2.10539038779687e-05,35.1491196860693,483737.787215289,5655510.46939679
5.93802294545134e-05,35.1491196860693,484237.787215289,5655510.46939679
0.000345489745424363,35.1491196860693,484737.787215289,5655510.46939679
0.000108331587141245,35.1491196860693,485237.787215289,5655510.46939679
0.000212559110572886,35.1491196860693,485737.787215289,5655510.46939679
0.000179596789796232,35.1491196860693,486237.787215289,5655510.46939679
0.000441161963056283,35.1491196860693,486737.787215289,5655510.46939679
0.000250901580541769,35.1491196860693,487237.787215289,5655510.46939679
3.93106927356453e-05,35.1491196860693,487737.787215289,5655510.46939679
1.18536938056273e-05,35.1491196860693,488237.787215289,5655510.46939679
0.000208802905523776,35.1491196860693,488737.787215289,5655510.46939679
0.000493611758830038,35.1491196860693,489237.787215289,5655510.46939679
0.000457513330339528,35.1491196860693,489737.787215289,5655510.46939679
2.86103740019286e-05,35.1491196860693,490237.787215289,5655510.46939679
2.81388192323986e-05,35.1491196860693,490737.787215289,5655510.46939679
1.79060025692614e-05,35.1491196860693,491237.787215289,5655510.46939679
2.51488675230794e-05,35.1491196860693,491737.787215289,5655510.46939679
1.66408068409003e-05,35.1491196860693,492237.787215289,5655510.46939679
1.93093434707184e-05,35.1491196860693,492737.787215289,5655510.46939679
2.65180625415142e-05,35.1491196860693,493237.787215289,5655510.46939679
1.9278903405344e-05,35.1491196860693,493737.787215289,5655510.46939679
1.8616952732203e-05,35.1491196860693,494237.787215289,5655510.46939679
3.54890002397428e-05,35.1491196860693,494737.787215289,5655510.46939679
6.14840380847452e-05,35.1491196860693,495237.787215289,5655510.46939679
3.86390938093829e-05,35.1491196860693,495737.787215289,5655510.46939679
2.03927617579779e-05,35.1491196860693,496237.787215289,5655510.46939679
0.000454029728450894,35.1491196860693,496737.787215289,5655510.46939679
0.000549756802536663,35.1491196860693,497237.787215289,5655510.46939679
0.000446546432918128,35.1491196860693,497737.787215289,5655510.46939679
0.000250901580541769,35.1491196860693,498237.787215289,5655510.46939679
0.000439987743737634,35.1491196860693,498737.787215289,5655510.46939679
0.000160086110007308,35.1491196860693,499237.787215289,5655510.46939679
0.000151342161890396,35.1491196860693,499737.787215289,5655510.46939679
0.000314945749462153,35.1491196860693,500237.787215289,5655510.46939679
0.000151746056982355,35.1491196860693,500737.787215289,5655510.46939679
0.000160086110007308,35.1491196860693,501237.787215289,5655510.46939679
0.000394285334913763,35.1491196860693,501737.787215289,5655510.46939679
0.000237830287312972,35.1491196860693,502237.787215289,5655510.46939679
0.000493611758830038,35.1491196860693,502737.787215289,5655510.46939679
2.00348492435661e-05,35.1491196860693,503237.787215289,5655510.46939679
0.000352389685300735,35.1491196860693,503737.787215289,5655510.46939679
0.000200414216121554,35.1491196860693,504237.787215289,5655510.46939679
0.000332255354091968,35.1491196860693,504737.787215289,5655510.46939679
0.000371757230786259,35.1491196860693,505237.787215289,5655510.46939679
0.000160086110007308,35.1491196860693,505737.787215289,5655510.46939679
1.89405401726049e-05,35.1491196860693,506237.787215289,5655510.46939679
1.51292530856715e-05,35.1491196860693,506737.787215289,5655510.46939679
0.00021199335233693,35.1491196860693,507237.787215289,5655510.46939679
2.00348492435661e-05,35.1491196860693,507737.787215289,5655510.46939679
4.39843454490964e-05,35.1491196860693,508237.787215289,5655510.46939679
7.29191499211281e-05,35.1491196860693,508737.787215289,5655510.46939679
6.89362855513801e-05,35.1491196860693,509237.787215289,5655510.46939679
0.000314107473694264,35.1491196860693,509737.787215289,5655510.46939679
0.000617960007334726,35.1491196860693,510237.787215289,5655510.46939679
0.00055903821581446,35.1491196860693,510737.787215289,5655510.46939679
0.000254641651725772,35.1491196860693,511237.787215289,5655510.46939679
0.000188252548749528,35.1491196860693,511737.787215289,5655510.46939679
0.000467387355648671,35.1491196860693,512237.787215289,5655510.46939679
0.000129795024352527,35.1491196860693,512737.787215289,5655510.46939679
0.000239684440874266,35.1491196860693,513237.787215289,5655510.46939679
0.000486302196976659,35.1491196860693,513737.787215289,5655510.46939679
0.000339384477470046,35.1491196860693,514237.787215289,5655510.46939679
0.000257875976684236,35.1491196860693,514737.787215289,5655510.46939679
0.00022175486440313,35.1491196860693,515237.787215289,5655510.46939679
0.000158310910311667,35.1491196860693,515737.787215289,5655510.46939679
1.6930306527056e-05,35.1491196860693,516237.787215289,5655510.46939679
0.000289939298097305,35.1491196860693,516737.787215289,5655510.46939679
7.97682943362138e-05,35.1491196860693,517237.787215289,5655510.46939679
0.000360651725650619,35.1491196860693,517737.787215289,5655510.46939679
0.000367809397361122,35.1491196860693,518237.787215289,5655510.46939679
0.000442610427354885,35.1491196860693,518737.787215289,5655510.46939679
0.000505796528924838,35.1491196860693,519237.787215289,5655510.46939679
7.0714834253579e-05,35.1491196860693,519737.787215289,5655510.46939679
0.000324643835979804,35.1491196860693,520237.787215289,5655510.46939679
0.000115455617048656,35.1491196860693,520737.787215289,5655510.46939679
0.000542271609383984,35.1491196860693,521237.787215289,5655510.46939679
0.000578844630068227,35.1491196860693,521737.787215289,5655510.46939679
0.000580602831782387,35.1491196860693,522237.787215289,5655510.46939679
0.000136017221762235,35.1491196860693,522737.787215289,5655510.46939679
0.000557277022164675,35.1491196860693,523237.787215289,5655510.46939679
0.000123421883125411,35.1491196860693,523737.787215289,5655510.46939679
0.000405146109883073,35.1491196860693,524237.787215289,5655510.46939679
6.40575606055951e-05,35.1491196860693,524737.787215289,5655510.46939679
2.78365908654019e-05,35.1491196860693,525237.787215289,5655510.46939679
0.000467272819463117,35.1491196860693,525737.787215289,5655510.46939679
0.000563189462002768,35.1491196860693,526237.787215289,5655510.46939679
9.87300271147423e-05,35.1491196860693,526737.787215289,5655510.46939679
2.42441131183236e-05,35.1491196860693,527237.787215289,5655510.46939679
2.71264984739478e-05,35.1491196860693,527737.787215289,5655510.46939679
2.57227360229424e-05,35.1491196860693,528237.787215289,5655510.46939679
2.02374870180663e-05,35.1491196860693,528737.787215289,5655510.46939679
1.99934628116335e-05,35.1491196860693,529237.787215289,5655510.46939679
0.000586834655336882,35.1491196860693,479237.787215289,5656010.46939679
0.000694539432098305,35.1491196860693,479737.787215289,5656010.46939679
1.88167753272691e-05,35.1491196860693,480237.787215289,5656010.46939679
1.82258843075623e-05,35.1491196860693,480737.787215289,5656010.46939679
2.0767245238335e-05,35.1491196860693,481237.787215289,5656010.46939679
0.000147409253186947,35.1491196860693,481737.787215289,5656010.46939679
5.29869906306419e-05,35.1491196860693,482237.787215289,5656010.46939679
3.13850586880518e-05,35.1491196860693,482737.787215289,5656010.46939679
5.17168573855981e-05,35.1491196860693,483237.787215289,5656010.46939679
0.00038245997692428,35.1491196860693,483737.787215289,5656010.46939679
1.68950734614758e-05,35.1491196860693,484237.787215289,5656010.46939679
1.71803089663957e-05,35.1491196860693,484737.787215289,5656010.46939679
9.65628750716317e-05,35.1491196860693,485237.787215289,5656010.46939679
0.000108043246229985,35.1491196860693,485737.787215289,5656010.46939679
0.000520740952986703,35.1491196860693,486237.787215289,5656010.46939679
0.000520740952986703,35.1491196860693,486737.787215289,5656010.46939679
9.65628750716317e-05,35.1491196860693,487237.787215289,5656010.46939679
0.000169335248665416,35.1491196860693,487737.787215289,5656010.46939679
0.000371757230786259,35.1491196860693,488237.787215289,5656010.46939679
5.21959455664912e-05,35.1491196860693,488737.787215289,5656010.46939679
3.84101382492418e-05,35.1491196860693,489237.787215289,5656010.46939679
2.98984510417646e-05,35.1491196860693,489737.787215289,5656010.46939679
2.5804029020028e-05,35.1491196860693,490237.787215289,5656010.46939679
3.33032811744354e-05,35.1491196860693,490737.787215289,5656010.46939679
2.11923831397897e-05,35.1491196860693,491237.787215289,5656010.46939679
1.20848875926658e-05,35.1491196860693,491737.787215289,5656010.46939679
1.71803089663957e-05,35.1491196860693,492237.787215289,5656010.46939679
1.78712036021668e-05,35.1491196860693,492737.787215289,5656010.46939679
0.000364874656611064,35.1491196860693,493237.787215289,5656010.46939679
2.52221645278444e-05,35.1491196860693,493737.787215289,5656010.46939679
2.18342524662056e-05,35.1491196860693,494237.787215289,5656010.46939679
2.37348403463304e-05,35.1491196860693,494737.787215289,5656010.46939679
3.87564574635317e-05,35.1491196860693,495237.787215289,5656010.46939679
0.0001317459609608,35.1491196860693,495737.787215289,5656010.46939679
9.71027636899916e-05,35.1491196860693,496237.787215289,5656010.46939679
0.000424054823844744,35.1491196860693,496737.787215289,5656010.46939679
0.000345489745424363,35.1491196860693,497237.787215289,5656010.46939679
0.000522130682804661,35.1491196860693,497737.787215289,5656010.46939679
9.12885838192074e-05,35.1491196860693,498237.787215289,5656010.46939679
0.000189467535565831,35.1491196860693,498737.787215289,5656010.46939679
0.000493611758830038,35.1491196860693,499237.787215289,5656010.46939679
0.000466650546461829,35.1491196860693,499737.787215289,5656010.46939679
0.000499636388923847,35.1491196860693,500237.787215289,5656010.46939679
0.000399097666167579,35.1491196860693,500737.787215289,5656010.46939679
0.000212559110572886,35.1491196860693,501237.787215289,5656010.46939679
8.43253058190464e-05,35.1491196860693,501737.787215289,5656010.46939679
0.000472346109574365,35.1491196860693,502237.787215289,5656010.46939679
0.000195822999103808,35.1491196860693,502737.787215289,5656010.46939679
0.000394285334913763,35.1491196860693,503237.787215289,5656010.46939679
0.000472346109574365,35.1491196860693,503737.787215289,5656010.46939679
0.000314945749462153,35.1491196860693,504237.787215289,5656010.46939679
0.000297743324512148,35.1491196860693,504737.787215289,5656010.46939679
8.15885159173781e-05,35.1491196860693,505237.787215289,5656010.46939679
0.000179118765764683,35.1491196860693,505737.787215289,5656010.46939679
0.00014307581066598,35.1491196860693,506237.787215289,5656010.46939679
0.000224241484984241,35.1491196860693,506737.787215289,5656010.46939679
7.29191499211281e-05,35.1491196860693,507237.787215289,5656010.46939679
0.000371757230786259,35.1491196860693,507737.787215289,5656010.46939679
2.65310641536277e-05,35.1491196860693,508237.787215289,5656010.46939679
0.000102141893892954,35.1491196860693,508737.787215289,5656010.46939679
2.37119479724889e-05,35.1491196860693,509237.787215289,5656010.46939679
2.24167947401885e-05,35.1491196860693,509737.787215289,5656010.46939679
2.24167947401885e-05,35.1491196860693,510237.787215289,5656010.46939679
7.73379750744088e-05,35.1491196860693,510737.787215289,5656010.46939679
0.000107350403947702,35.1491196860693,511237.787215289,5656010.46939679
0.000258156572873959,35.1491196860693,511737.787215289,5656010.46939679
0.00045480233972115,35.1491196860693,512237.787215289,5656010.46939679
0.000486242607633075,35.1491196860693,512737.787215289,5656010.46939679
0.000457625474315197,35.1491196860693,513237.787215289,5656010.46939679
0.000305612266110286,35.1491196860693,513737.787215289,5656010.46939679
0.00043468235874048,35.1491196860693,514237.787215289,5656010.46939679
0.000167457484992613,35.1491196860693,514737.787215289,5656010.46939679
7.62768078569338e-05,35.1491196860693,515237.787215289,5656010.46939679
0.000158310910311667,35.1491196860693,515737.787215289,5656010.46939679
9.65761937189911e-05,35.1491196860693,516237.787215289,5656010.46939679
0.000244977347871397,35.1491196860693,516737.787215289,5656010.46939679
0.000282919912887021,35.1491196860693,517237.787215289,5656010.46939679
0.000170365499857641,35.1491196860693,517737.787215289,5656010.46939679
0.00045145001052009,35.1491196860693,518237.787215289,5656010.46939679
0.000454858076039726,35.1491196860693,518737.787215289,5656010.46939679
0.000484005938675638,35.1491196860693,519237.787215289,5656010.46939679
0.000148108603534185,35.1491196860693,519737.787215289,5656010.46939679
0.000327611082157155,35.1491196860693,520237.787215289,5656010.46939679
0.000154289041332068,35.1491196860693,520737.787215289,5656010.46939679
0.000312054973472712,35.1491196860693,521237.787215289,5656010.46939679
0.000239247948616269,35.1491196860693,521737.787215289,5656010.46939679
0.000300427882259272,35.1491196860693,522237.787215289,5656010.46939679
0.000423386325892976,35.1491196860693,522737.787215289,5656010.46939679
0.000194025608839114,35.1491196860693,523237.787215289,5656010.46939679
9.97897327772529e-05,35.1491196860693,523737.787215289,5656010.46939679
3.45334124860923e-05,35.1491196860693,524237.787215289,5656010.46939679
2.35198686371197e-05,35.1491196860693,524737.787215289,5656010.46939679
0.000102862545995719,35.1491196860693,525237.787215289,5656010.46939679
6.96335254116167e-05,35.1491196860693,525737.787215289,5656010.46939679
2.67182514716046e-05,35.1491196860693,526237.787215289,5656010.46939679
2.82619257638451e-05,35.1491196860693,526737.787215289,5656010.46939679
2.01762031551264e-05,35.1491196860693,527237.787215289,5656010.46939679
2.13419039180934e-05,35.1491196860693,527737.787215289,5656010.46939679
1.91321098151686e-05,35.1491196860693,528237.787215289,5656010.46939679
1.89014142791634e-05,35.1491196860693,528737.787215289,5656010.46939679
0.000528503392060985,35.1491196860693,479237.787215289,5656510.46939679
0.000337208127497728,35.1491196860693,479737.787215289,5656510.46939679
3.58177588191708e-05,35.1491196860693,480237.787215289,5656510.46939679
1.89312583151144e-05,35.1491196860693,480737.787215289,5656510.46939679
2.13756013196946e-05,35.1491196860693,481237.787215289,5656510.46939679
1.88167753272691e-05,35.1491196860693,481737.787215289,5656510.46939679
3.08191104424454e-05,35.1491196860693,482237.787215289,5656510.46939679
2.41736583850355e-05,35.1491196860693,482737.787215289,5656510.46939679
0.000225167342897843,35.1491196860693,483237.787215289,5656510.46939679
6.7357049040674e-05,35.1491196860693,483737.787215289,5656510.46939679
0.000107361551941638,35.1491196860693,484237.787215289,5656510.46939679
1.14248076512883e-05,35.1491196860693,484737.787215289,5656510.46939679
2.00348492435661e-05,35.1491196860693,485237.787215289,5656510.46939679
1.14248076512883e-05,35.1491196860693,485737.787215289,5656510.46939679
1.20848875926658e-05,35.1491196860693,486237.787215289,5656510.46939679
1.27831043274413e-05,35.1491196860693,486737.787215289,5656510.46939679
2.00348492435661e-05,35.1491196860693,487237.787215289,5656510.46939679
1.62419156840065e-05,35.1491196860693,487737.787215289,5656510.46939679
2.45073371155603e-05,35.1491196860693,488237.787215289,5656510.46939679
1.78712036021668e-05,35.1491196860693,488737.787215289,5656510.46939679
1.72575869972402e-05,35.1491196860693,489237.787215289,5656510.46939679
1.9903933757769e-05,35.1491196860693,489737.787215289,5656510.46939679
2.32729538460966e-05,35.1491196860693,490237.787215289,5656510.46939679
1.66408068409003e-05,35.1491196860693,490737.787215289,5656510.46939679
2.6601869053348e-05,35.1491196860693,491237.787215289,5656510.46939679
1.51292530856715e-05,35.1491196860693,491737.787215289,5656510.46939679
1.43028890493244e-05,35.1491196860693,492237.787215289,5656510.46939679
2.03334992647016e-05,35.1491196860693,492737.787215289,5656510.46939679
3.70913071759725e-05,35.1491196860693,493237.787215289,5656510.46939679
2.44687027132524e-05,35.1491196860693,493737.787215289,5656510.46939679
0.000102712975128156,35.1491196860693,494237.787215289,5656510.46939679
0.00051184441516076,35.1491196860693,494737.787215289,5656510.46939679
4.23247480902671e-05,35.1491196860693,495237.787215289,5656510.46939679
0.00023564732696091,35.1491196860693,495737.787215289,5656510.46939679
0.000601246942601937,35.1491196860693,496237.787215289,5656510.46939679
0.000538208590012513,35.1491196860693,496737.787215289,5656510.46939679
0.000189973177924475,35.1491196860693,497237.787215289,5656510.46939679
0.000120888520016141,35.1491196860693,497737.787215289,5656510.46939679
8.15885159173781e-05,35.1491196860693,498237.787215289,5656510.46939679
0.000441161963056283,35.1491196860693,498737.787215289,5656510.46939679
0.000483946630705499,35.1491196860693,499237.787215289,5656510.46939679
0.000266493461217923,35.1491196860693,499737.787215289,5656510.46939679
0.000316362393795437,35.1491196860693,500237.787215289,5656510.46939679
0.000554781582279904,35.1491196860693,500737.787215289,5656510.46939679
0.000467330084046988,35.1491196860693,501237.787215289,5656510.46939679
0.000193156778394458,35.1491196860693,501737.787215289,5656510.46939679
0.000468749567812007,35.1491196860693,502237.787215289,5656510.46939679
0.000530880631114894,35.1491196860693,502737.787215289,5656510.46939679
0.000121387649750894,35.1491196860693,503237.787215289,5656510.46939679
0.000128790954560747,35.1491196860693,503737.787215289,5656510.46939679
0.000298176899017247,35.1491196860693,504237.787215289,5656510.46939679
0.000441804384108422,35.1491196860693,504737.787215289,5656510.46939679
0.000165456008507595,35.1491196860693,505237.787215289,5656510.46939679
0.000481020060515676,35.1491196860693,505737.787215289,5656510.46939679
0.000406426515727172,35.1491196860693,506237.787215289,5656510.46939679
0.000324643835979804,35.1491196860693,506737.787215289,5656510.46939679
0.000625502332634641,35.1491196860693,507237.787215289,5656510.46939679
0.000296950835601231,35.1491196860693,507737.787215289,5656510.46939679
0.00014307581066598,35.1491196860693,508237.787215289,5656510.46939679
0.000394285334913763,35.1491196860693,508737.787215289,5656510.46939679
0.000169787162890621,35.1491196860693,509237.787215289,5656510.46939679
3.14004465527791e-05,35.1491196860693,509737.787215289,5656510.46939679
0.00014307581066598,35.1491196860693,510237.787215289,5656510.46939679
0.00014307581066598,35.1491196860693,510737.787215289,5656510.46939679
0.000250901580541769,35.1491196860693,511237.787215289,5656510.46939679
0.000108043246229985,35.1491196860693,511737.787215289,5656510.46939679
2.37119479724889e-05,35.1491196860693,512237.787215289,5656510.46939679
8.63023758306126e-05,35.1491196860693,512737.787215289,5656510.46939679
0.000147249030751726,35.1491196860693,513237.787215289,5656510.46939679
8.15885159173781e-05,35.1491196860693,513737.787215289,5656510.46939679
0.000142435129155203,35.1491196860693,514237.787215289,5656510.46939679
5.44540518648881e-05,35.1491196860693,514737.787215289,5656510.46939679
0.000141489238692083,35.1491196860693,515237.787215289,5656510.46939679
0.000101009239355077,35.1491196860693,515737.787215289,5656510.46939679
9.13011749983217e-05,35.1491196860693,516237.787215289,5656510.46939679
0.000244977347871397,35.1491196860693,516737.787215289,5656510.46939679
0.000363463409936321,35.1491196860693,517237.787215289,5656510.46939679
6.74882072875014e-05,35.1491196860693,517737.787215289,5656510.46939679
0.000500547942886337,35.1491196860693,518237.787215289,5656510.46939679
0.000642968419189507,35.1491196860693,518737.787215289,5656510.46939679
0.000136248678937607,35.1491196860693,519237.787215289,5656510.46939679
0.000493611758830038,35.1491196860693,519737.787215289,5656510.46939679
0.000238176616317286,35.1491196860693,520237.787215289,5656510.46939679
0.000259695395316172,35.1491196860693,520737.787215289,5656510.46939679
0.000619761067265579,35.1491196860693,521237.787215289,5656510.46939679
0.000569234381460322,35.1491196860693,521737.787215289,5656510.46939679
0.000510294430078261,35.1491196860693,522237.787215289,5656510.46939679
0.000365405987914368,35.1491196860693,522737.787215289,5656510.46939679
0.000514958523552894,35.1491196860693,523237.787215289,5656510.46939679
0.000223100611247815,35.1491196860693,523737.787215289,5656510.46939679
4.16220528758941e-05,35.1491196860693,524237.787215289,5656510.46939679
5.24243013393895e-05,35.1491196860693,524737.787215289,5656510.46939679
0.000199394568416333,35.1491196860693,525237.787215289,5656510.46939679
3.44615137470539e-05,35.1491196860693,525737.787215289,5656510.46939679
6.09271635255154e-05,35.1491196860693,526237.787215289,5656510.46939679
2.77522951315597e-05,35.1491196860693,526737.787215289,5656510.46939679
2.34486449518552e-05,35.1491196860693,527237.787215289,5656510.46939679
1.32629808052648e-05,35.1491196860693,527737.787215289,5656510.46939679
0.000134165284374133,35.1491196860693,528237.787215289,5656510.46939679
2.20338176357402e-05,35.1491196860693,528737.787215289,5656510.46939679
0.000371757230786259,35.1491196860693,479237.787215289,5657010.46939679
0.000550827293887295,35.1491196860693,479737.787215289,5657010.46939679
2.01175699931245e-05,35.1491196860693,480237.787215289,5657010.46939679
1.77889977944043e-05,35.1491196860693,480737.787215289,5657010.46939679
1.74153214230097e-05,35.1491196860693,481237.787215289,5657010.46939679
1.80345464865716e-05,35.1491196860693,481737.787215289,5657010.46939679
4.38988651871541e-05,35.1491196860693,482237.787215289,5657010.46939679
4.54597480974113e-05,35.1491196860693,482737.787215289,5657010.46939679
2.00883173398093e-05,35.1491196860693,483237.787215289,5657010.46939679
7.55197295652038e-05,35.1491196860693,483737.787215289,5657010.46939679
7.83547327773844e-05,35.1491196860693,484237.787215289,5657010.46939679
1.14248076512883e-05,35.1491196860693,484737.787215289,5657010.46939679
1.92228778460307e-05,35.1491196860693,485237.787215289,5657010.46939679
1.65401748989769e-05,35.1491196860693,485737.787215289,5657010.46939679
1.85066381668059e-05,35.1491196860693,486237.787215289,5657010.46939679
1.65401748989769e-05,35.1491196860693,486737.787215289,5657010.46939679
1.65401748989769e-05,35.1491196860693,487237.787215289,5657010.46939679
2.2577720809438e-05,35.1491196860693,487737.787215289,5657010.46939679
1.74153214230097e-05,35.1491196860693,488237.787215289,5657010.46939679
2.08000352933194e-05,35.1491196860693,488737.787215289,5657010.46939679
1.78972276894239e-05,35.1491196860693,489237.787215289,5657010.46939679
2.05168331918908e-05,35.1491196860693,489737.787215289,5657010.46939679
2.25421283358521e-05,35.1491196860693,490237.787215289,5657010.46939679
1.82546617280495e-05,35.1491196860693,490737.787215289,5657010.46939679
1.99959130233307e-05,35.1491196860693,491237.787215289,5657010.46939679
1.65401748989769e-05,35.1491196860693,491737.787215289,5657010.46939679
1.35216612478398e-05,35.1491196860693,492237.787215289,5657010.46939679
3.51336492012764e-05,35.1491196860693,492737.787215289,5657010.46939679
3.0127850779248e-05,35.1491196860693,493237.787215289,5657010.46939679
2.64795030290888e-05,35.1491196860693,493737.787215289,5657010.46939679
3.24025758092399e-05,35.1491196860693,494237.787215289,5657010.46939679
0.000172360337793444,35.1491196860693,494737.787215289,5657010.46939679
0.000462367325629431,35.1491196860693,495237.787215289,5657010.46939679
0.000620739627456862,35.1491196860693,495737.787215289,5657010.46939679
0.000549756802536663,35.1491196860693,496237.787215289,5657010.46939679
0.000314107473694264,35.1491196860693,496737.787215289,5657010.46939679
0.000371757230786259,35.1491196860693,497237.787215289,5657010.46939679
2.11923831397897e-05,35.1491196860693,497737.787215289,5657010.46939679
0.000528503392060985,35.1491196860693,498237.787215289,5657010.46939679
9.63752123982249e-05,35.1491196860693,498737.787215289,5657010.46939679
0.000480261760156542,35.1491196860693,499237.787215289,5657010.46939679
0.000263663464363387,35.1491196860693,499737.787215289,5657010.46939679
0.000150353233428564,35.1491196860693,500237.787215289,5657010.46939679
0.000547227974426844,35.1491196860693,500737.787215289,5657010.46939679
0.000578844630068227,35.1491196860693,501237.787215289,5657010.46939679
0.000520485762624073,35.1491196860693,501737.787215289,5657010.46939679
0.000390666328843339,35.1491196860693,502237.787215289,5657010.46939679
0.000550557359640588,35.1491196860693,502737.787215289,5657010.46939679
0.000413237475361679,35.1491196860693,503237.787215289,5657010.46939679
0.000672729259732353,35.1491196860693,503737.787215289,5657010.46939679
0.000170550875442971,35.1491196860693,504237.787215289,5657010.46939679
0.000250413972220956,35.1491196860693,504737.787215289,5657010.46939679
0.000343400465479642,35.1491196860693,505237.787215289,5657010.46939679
0.000481020060515676,35.1491196860693,505737.787215289,5657010.46939679
0.000259317776181786,35.1491196860693,506237.787215289,5657010.46939679
0.000318789725230932,35.1491196860693,506737.787215289,5657010.46939679
0.000281480500825745,35.1491196860693,507237.787215289,5657010.46939679
0.000296950835601231,35.1491196860693,507737.787215289,5657010.46939679
0.000352389685300735,35.1491196860693,508237.787215289,5657010.46939679
0.000366560800834895,35.1491196860693,508737.787215289,5657010.46939679
1.64401515085397e-05,35.1491196860693,509237.787215289,5657010.46939679
0.000282335478955189,35.1491196860693,509737.787215289,5657010.46939679
0.000288848837073454,35.1491196860693,510237.787215289,5657010.46939679
0.000111681113567033,35.1491196860693,510737.787215289,5657010.46939679
0.000584278453768921,35.1491196860693,511237.787215289,5657010.46939679
0.00021199335233693,35.1491196860693,511737.787215289,5657010.46939679
2.73446809073821e-05,35.1491196860693,512237.787215289,5657010.46939679
5.8246082946696e-05,35.1491196860693,512737.787215289,5657010.46939679
0.000141350598384122,35.1491196860693,513237.787215289,5657010.46939679
0.000330767542412045,35.1491196860693,513737.787215289,5657010.46939679
0.000141489238692083,35.1491196860693,514237.787215289,5657010.46939679
4.8667917624212e-05,35.1491196860693,514737.787215289,5657010.46939679
9.02762819636376e-05,35.1491196860693,515237.787215289,5657010.46939679
5.76001903785366e-05,35.1491196860693,515737.787215289,5657010.46939679
0.000139697536244364,35.1491196860693,516237.787215289,5657010.46939679
5.82541166660551e-05,35.1491196860693,516737.787215289,5657010.46939679
0.000320459193833062,35.1491196860693,517237.787215289,5657010.46939679
0.000113429260310355,35.1491196860693,517737.787215289,5657010.46939679
0.000101057209724298,35.1491196860693,518237.787215289,5657010.46939679
0.000531849188156835,35.1491196860693,518737.787215289,5657010.46939679
0.000541549459565228,35.1491196860693,519237.787215289,5657010.46939679
0.000509614864665254,35.1491196860693,519737.787215289,5657010.46939679
0.000166968277198242,35.1491196860693,520237.787215289,5657010.46939679
0.000664617470773389,35.1491196860693,520737.787215289,5657010.46939679
0.000578844630068227,35.1491196860693,521237.787215289,5657010.46939679
8.48279529978352e-05,35.1491196860693,521737.787215289,5657010.46939679
0.000650576762037896,35.1491196860693,522237.787215289,5657010.46939679
0.000584985891801194,35.1491196860693,522737.787215289,5657010.46939679
0.000656523036681935,35.1491196860693,523237.787215289,5657010.46939679
0.000772319218810725,35.1491196860693,523737.787215289,5657010.46939679
3.49548996820188e-05,35.1491196860693,524237.787215289,5657010.46939679
0.000367629151476958,35.1491196860693,524737.787215289,5657010.46939679
0.00020711149141631,35.1491196860693,525237.787215289,5657010.46939679
0.000205859026209837,35.1491196860693,525737.787215289,5657010.46939679
9.32016449644195e-05,35.1491196860693,526237.787215289,5657010.46939679
4.4906089863961e-05,35.1491196860693,526737.787215289,5657010.46939679
2.28865654083652e-05,35.1491196860693,527237.787215289,5657010.46939679
3.39106918340278e-05,35.1491196860693,527737.787215289,5657010.46939679
1.83924689752713e-05,35.1491196860693,528237.787215289,5657010.46939679
0.000393235884834005,35.1491196860693,479237.787215289,5657510.46939679
0.000415955490076506,35.1491196860693,479737.787215289,5657510.46939679
1.79799336448646e-05,35.1491196860693,480237.787215289,5657510.46939679
1.8477463520008e-05,35.1491196860693,480737.787215289,5657510.46939679
1.90187426916791e-05,35.1491196860693,481237.787215289,5657510.46939679
3.45376445779523e-05,35.1491196860693,481737.787215289,5657510.46939679
0.00029014809597412,35.1491196860693,482237.787215289,5657510.46939679
1.60460701928049e-05,35.1491196860693,482737.787215289,5657510.46939679
1.43028890493244e-05,35.1491196860693,483237.787215289,5657510.46939679
1.14248076512883e-05,35.1491196860693,483737.787215289,5657510.46939679
1.35216612478398e-05,35.1491196860693,484237.787215289,5657510.46939679
1.14248076512883e-05,35.1491196860693,484737.787215289,5657510.46939679
0.000109333091064431,35.1491196860693,485237.787215289,5657510.46939679
1.69978646388213e-05,35.1491196860693,485737.787215289,5657510.46939679
2.01175699931245e-05,35.1491196860693,486237.787215289,5657510.46939679
1.90187426916791e-05,35.1491196860693,486737.787215289,5657510.46939679
1.69978646388213e-05,35.1491196860693,487237.787215289,5657510.46939679
2.06742512514965e-05,35.1491196860693,487737.787215289,5657510.46939679
0.000127037406143052,35.1491196860693,488237.787215289,5657510.46939679
1.18536938056273e-05,35.1491196860693,488737.787215289,5657510.46939679
1.40292630797365e-05,35.1491196860693,489237.787215289,5657510.46939679
1.32629808052648e-05,35.1491196860693,489737.787215289,5657510.46939679
1.9278903405344e-05,35.1491196860693,490237.787215289,5657510.46939679
0.00011865043522037,35.1491196860693,490737.787215289,5657510.46939679
7.02785877898252e-05,35.1491196860693,491237.787215289,5657510.46939679
2.11511973396266e-05,35.1491196860693,491737.787215289,5657510.46939679
1.60033611489919e-05,35.1491196860693,492237.787215289,5657510.46939679
1.79060025692614e-05,35.1491196860693,492737.787215289,5657510.46939679
4.16928801039983e-05,35.1491196860693,493237.787215289,5657510.46939679
1.86192342517067e-05,35.1491196860693,493737.787215289,5657510.46939679
7.86340170550948e-05,35.1491196860693,494237.787215289,5657510.46939679
0.000693444530775005,35.1491196860693,494737.787215289,5657510.46939679
0.000117932920509669,35.1491196860693,495237.787215289,5657510.46939679
0.00064086427355089,35.1491196860693,495737.787215289,5657510.46939679
0.000673791453064358,35.1491196860693,496237.787215289,5657510.46939679
0.000415955490076506,35.1491196860693,496737.787215289,5657510.46939679
0.000314107473694264,35.1491196860693,497237.787215289,5657510.46939679
0.000417065573207451,35.1491196860693,497737.787215289,5657510.46939679
0.000457513330339528,35.1491196860693,498237.787215289,5657510.46939679
0.000530880631114894,35.1491196860693,498737.787215289,5657510.46939679
0.000159040045192635,35.1491196860693,499237.787215289,5657510.46939679
0.00016147013017673,35.1491196860693,499737.787215289,5657510.46939679
0.000355566953712145,35.1491196860693,500237.787215289,5657510.46939679
0.000526838395301092,35.1491196860693,500737.787215289,5657510.46939679
0.000226867165778774,35.1491196860693,501237.787215289,5657510.46939679
7.42218138932776e-05,35.1491196860693,501737.787215289,5657510.46939679
5.50376810278016e-05,35.1491196860693,502237.787215289,5657510.46939679
0.000489081070535407,35.1491196860693,502737.787215289,5657510.46939679
0.00064766353372321,35.1491196860693,503237.787215289,5657510.46939679
0.000144102925741174,35.1491196860693,503737.787215289,5657510.46939679
0.000605860087630853,35.1491196860693,504237.787215289,5657510.46939679
0.000429908223154011,35.1491196860693,504737.787215289,5657510.46939679
0.000143457644895016,35.1491196860693,505237.787215289,5657510.46939679
0.000143457644895016,35.1491196860693,505737.787215289,5657510.46939679
0.000552297316766175,35.1491196860693,506237.787215289,5657510.46939679
0.000466650546461829,35.1491196860693,506737.787215289,5657510.46939679
0.000296950835601231,35.1491196860693,507237.787215289,5657510.46939679
1.89405401726049e-05,35.1491196860693,507737.787215289,5657510.46939679
5.50646656002691e-05,35.1491196860693,508237.787215289,5657510.46939679
0.000401525812992437,35.1491196860693,508737.787215289,5657510.46939679
5.53793212695405e-05,35.1491196860693,509237.787215289,5657510.46939679
0.000346035250021579,35.1491196860693,509737.787215289,5657510.46939679
0.000553169356325427,35.1491196860693,510237.787215289,5657510.46939679
0.00069572131284146,35.1491196860693,510737.787215289,5657510.46939679
0.000451394691810951,35.1491196860693,511237.787215289,5657510.46939679
0.000348732982503046,35.1491196860693,511737.787215289,5657510.46939679
0.000277312246940986,35.1491196860693,512237.787215289,5657510.46939679
0.000439987743737634,35.1491196860693,512737.787215289,5657510.46939679
0.000438017515429516,35.1491196860693,513237.787215289,5657510.46939679
0.000361221169974052,35.1491196860693,513737.787215289,5657510.46939679
9.02762819636376e-05,35.1491196860693,514237.787215289,5657510.46939679
5.98651690255486e-05,35.1491196860693,514737.787215289,5657510.46939679
0.000272775024857989,35.1491196860693,515237.787215289,5657510.46939679
3.10522460551786e-05,35.1491196860693,515737.787215289,5657510.46939679
2.74012843475042e-05,35.1491196860693,516237.787215289,5657510.46939679
0.00010215598203878,35.1491196860693,516737.787215289,5657510.46939679
2.24576927182476e-05,35.1491196860693,517237.787215289,5657510.46939679
0.000133435679813949,35.1491196860693,517737.787215289,5657510.46939679
0.000124233674200683,35.1491196860693,518237.787215289,5657510.46939679
0.000466764930118126,35.1491196860693,518737.787215289,5657510.46939679
0.000565930735558145,35.1491196860693,519237.787215289,5657510.46939679
0.000449972618252696,35.1491196860693,519737.787215289,5657510.46939679
0.000429908223154011,35.1491196860693,520237.787215289,5657510.46939679
5.57973882778946e-05,35.1491196860693,520737.787215289,5657510.46939679
0.000543918723002446,35.1491196860693,521237.787215289,5657510.46939679
0.000603951386385019,35.1491196860693,521737.787215289,5657510.46939679
0.000690254753015216,35.1491196860693,522237.787215289,5657510.46939679
0.000696563684682134,35.1491196860693,522737.787215289,5657510.46939679
0.000696563684682134,35.1491196860693,523237.787215289,5657510.46939679
0.000413839232711443,35.1491196860693,523737.787215289,5657510.46939679
0.00026165587577195,35.1491196860693,524237.787215289,5657510.46939679
0.000603951386385019,35.1491196860693,524737.787215289,5657510.46939679
0.000502614626819024,35.1491196860693,525237.787215289,5657510.46939679
0.000171838390216248,35.1491196860693,525737.787215289,5657510.46939679
5.5540725689491e-05,35.1491196860693,526237.787215289,5657510.46939679
2.26105985377372e-05,35.1491196860693,526737.787215289,5657510.46939679
1.80608084341078e-05,35.1491196860693,527237.787215289,5657510.46939679
2.99419892340478e-05,35.1491196860693,527737.787215289,5657510.46939679
1.81706920500026e-05,35.1491196860693,528237.787215289,5657510.46939679
2.00883173398093e-05,35.1491196860693,479737.787215289,5658010.46939679
1.70494945118349e-05,35.1491196860693,480237.787215289,5658010.46939679
1.96949795446242e-05,35.1491196860693,480737.787215289,5658010.46939679
0.000499636388923847,35.1491196860693,481237.787215289,5658010.46939679
9.15322106479503e-05,35.1491196860693,481737.787215289,5658010.46939679
0.000265397675848622,35.1491196860693,482237.787215289,5658010.46939679
1.69279716992517e-05,35.1491196860693,482737.787215289,5658010.46939679
7.55197295652038e-05,35.1491196860693,483237.787215289,5658010.46939679
2.37752293429097e-05,35.1491196860693,483737.787215289,5658010.46939679
6.53448916645804e-05,35.1491196860693,484237.787215289,5658010.46939679
1.60460701928049e-05,35.1491196860693,484737.787215289,5658010.46939679
7.69822278705138e-05,35.1491196860693,485237.787215289,5658010.46939679
0.000117588001800445,35.1491196860693,485737.787215289,5658010.46939679
0.000117588001800445,35.1491196860693,486237.787215289,5658010.46939679
0.000117588001800445,35.1491196860693,486737.787215289,5658010.46939679
1.77889977944043e-05,35.1491196860693,487237.787215289,5658010.46939679
0.000119384711787159,35.1491196860693,487737.787215289,5658010.46939679
7.83547327773844e-05,35.1491196860693,488237.787215289,5658010.46939679
2.59200970461865e-05,35.1491196860693,488737.787215289,5658010.46939679
2.33776369486346e-05,35.1491196860693,489237.787215289,5658010.46939679
2.38069333308975e-05,35.1491196860693,489737.787215289,5658010.46939679
3.65286156952085e-05,35.1491196860693,490237.787215289,5658010.46939679
1.9278903405344e-05,35.1491196860693,490737.787215289,5658010.46939679
6.51390291582436e-05,35.1491196860693,491237.787215289,5658010.46939679
1.32629808052648e-05,35.1491196860693,491737.787215289,5658010.46939679
1.62419156840065e-05,35.1491196860693,492237.787215289,5658010.46939679
1.89910878264722e-05,35.1491196860693,492737.787215289,5658010.46939679
0.000280731297880861,35.1491196860693,493237.787215289,5658010.46939679
0.000143457644895016,35.1491196860693,493737.787215289,5658010.46939679
0.000223805688550781,35.1491196860693,494237.787215289,5658010.46939679
0.00056668539752095,35.1491196860693,494737.787215289,5658010.46939679
0.000549756802536663,35.1491196860693,495237.787215289,5658010.46939679
0.000466650546461829,35.1491196860693,495737.787215289,5658010.46939679
0.000237197266016241,35.1491196860693,496237.787215289,5658010.46939679
6.16113099326042e-05,35.1491196860693,496737.787215289,5658010.46939679
0.000441161963056283,35.1491196860693,497237.787215289,5658010.46939679
0.000457513330339528,35.1491196860693,497737.787215289,5658010.46939679
0.000561552802284907,35.1491196860693,498237.787215289,5658010.46939679
0.000489081070535407,35.1491196860693,498737.787215289,5658010.46939679
8.40596474276818e-05,35.1491196860693,499237.787215289,5658010.46939679
4.55922416727126e-05,35.1491196860693,499737.787215289,5658010.46939679
0.000804645997675755,35.1491196860693,500237.787215289,5658010.46939679
0.00057443718636591,35.1491196860693,500737.787215289,5658010.46939679
3.57612941899268e-05,35.1491196860693,501237.787215289,5658010.46939679
1.77889977944043e-05,35.1491196860693,501737.787215289,5658010.46939679
2.86103740019286e-05,35.1491196860693,502237.787215289,5658010.46939679
3.52787105272351e-05,35.1491196860693,502737.787215289,5658010.46939679
0.000373292158072736,35.1491196860693,503237.787215289,5658010.46939679
0.000109653795796785,35.1491196860693,503737.787215289,5658010.46939679
0.00022483993048064,35.1491196860693,504237.787215289,5658010.46939679
0.000265397675848622,35.1491196860693,504737.787215289,5658010.46939679
3.14004465527791e-05,35.1491196860693,505237.787215289,5658010.46939679
0.000200414216121554,35.1491196860693,505737.787215289,5658010.46939679
0.000237197266016241,35.1491196860693,506237.787215289,5658010.46939679
9.12885838192074e-05,35.1491196860693,506737.787215289,5658010.46939679
5.20570181593895e-05,35.1491196860693,507237.787215289,5658010.46939679
0.000250901580541769,35.1491196860693,507737.787215289,5658010.46939679
0.000136033890760043,35.1491196860693,508237.787215289,5658010.46939679
0.000273901270144029,35.1491196860693,508737.787215289,5658010.46939679
4.45750889362862e-05,35.1491196860693,509237.787215289,5658010.46939679
0.000611472578836469,35.1491196860693,509737.787215289,5658010.46939679
0.000237859433567297,35.1491196860693,510237.787215289,5658010.46939679
0.000239684440874266,35.1491196860693,510737.787215289,5658010.46939679
0.000445303309811831,35.1491196860693,511237.787215289,5658010.46939679
0.000361702854144944,35.1491196860693,511737.787215289,5658010.46939679
0.000531914366616127,35.1491196860693,512237.787215289,5658010.46939679
0.000295621114601616,35.1491196860693,512737.787215289,5658010.46939679
0.000187366524357207,35.1491196860693,513237.787215289,5658010.46939679
0.000133761056889374,35.1491196860693,513737.787215289,5658010.46939679
1.87305079521446e-05,35.1491196860693,514237.787215289,5658010.46939679
0.000133761056889374,35.1491196860693,514737.787215289,5658010.46939679
8.06837784069362e-05,35.1491196860693,515237.787215289,5658010.46939679
0.000334845656845283,35.1491196860693,515737.787215289,5658010.46939679
0.00015161827578126,35.1491196860693,516237.787215289,5658010.46939679
8.6314279276001e-05,35.1491196860693,516737.787215289,5658010.46939679
0.000226374259742007,35.1491196860693,517237.787215289,5658010.46939679
0.000310357986560368,35.1491196860693,517737.787215289,5658010.46939679
0.000363948084107764,35.1491196860693,518237.787215289,5658010.46939679
0.000122914388895863,35.1491196860693,518737.787215289,5658010.46939679
6.49576911689574e-05,35.1491196860693,519237.787215289,5658010.46939679
0.000581590829402956,35.1491196860693,519737.787215289,5658010.46939679
0.000472346109574365,35.1491196860693,520237.787215289,5658010.46939679
0.00035076872683749,35.1491196860693,520737.787215289,5658010.46939679
0.00015664653237841,35.1491196860693,521237.787215289,5658010.46939679
0.000565792050702949,35.1491196860693,521737.787215289,5658010.46939679
0.000646642529547846,35.1491196860693,522237.787215289,5658010.46939679
0.000553033798725777,35.1491196860693,522737.787215289,5658010.46939679
0.00046304062597869,35.1491196860693,523237.787215289,5658010.46939679
0.000600299111503137,35.1491196860693,523737.787215289,5658010.46939679
0.000358816837330019,35.1491196860693,524237.787215289,5658010.46939679
0.000528438631567591,35.1491196860693,524737.787215289,5658010.46939679
0.000370449833749838,35.1491196860693,525237.787215289,5658010.46939679
0.000167211416782554,35.1491196860693,525737.787215289,5658010.46939679
0.000140001712872108,35.1491196860693,526237.787215289,5658010.46939679
2.07370479021022e-05,35.1491196860693,526737.787215289,5658010.46939679
2.07370479021022e-05,35.1491196860693,527237.787215289,5658010.46939679
2.32024778768008e-05,35.1491196860693,527737.787215289,5658010.46939679
1.4839818095969e-05,35.1491196860693,528237.787215289,5658010.46939679
0.000103664474791822,35.1491196860693,479737.787215289,5658510.46939679
2.50331851653005e-05,35.1491196860693,480237.787215289,5658510.46939679
0.000337208127497728,35.1491196860693,480737.787215289,5658510.46939679
6.91202595811171e-05,35.1491196860693,481237.787215289,5658510.46939679
6.51709663478192e-05,35.1491196860693,481737.787215289,5658510.46939679
2.24167947401885e-05,35.1491196860693,482237.787215289,5658510.46939679
1.43028890493244e-05,35.1491196860693,482737.787215289,5658510.46939679
1.69731483017315e-05,35.1491196860693,483237.787215289,5658510.46939679
1.81729188799733e-05,35.1491196860693,483737.787215289,5658510.46939679
0.000109333091064431,35.1491196860693,484237.787215289,5658510.46939679
0.000109333091064431,35.1491196860693,484737.787215289,5658510.46939679
0.000114075294986048,35.1491196860693,485237.787215289,5658510.46939679
0.000119384711787159,35.1491196860693,485737.787215289,5658510.46939679
0.000119747334836601,35.1491196860693,486237.787215289,5658510.46939679
0.000119747334836601,35.1491196860693,486737.787215289,5658510.46939679
1.81156669275592e-05,35.1491196860693,487237.787215289,5658510.46939679
1.83367722602196e-05,35.1491196860693,487737.787215289,5658510.46939679
1.32629808052648e-05,35.1491196860693,488237.787215289,5658510.46939679
2.77522951315597e-05,35.1491196860693,488737.787215289,5658510.46939679
4.14960115259258e-05,35.1491196860693,489237.787215289,5658510.46939679
3.36524887560318e-05,35.1491196860693,489737.787215289,5658510.46939679
2.23027447802726e-05,35.1491196860693,490237.787215289,5658510.46939679
5.07042193276737e-05,35.1491196860693,490737.787215289,5658510.46939679
2.03927617579779e-05,35.1491196860693,491237.787215289,5658510.46939679
2.94913698015127e-05,35.1491196860693,491737.787215289,5658510.46939679
2.3309700243007e-05,35.1491196860693,492237.787215289,5658510.46939679
2.54558144735814e-05,35.1491196860693,492737.787215289,5658510.46939679
0.000371757230786259,35.1491196860693,493237.787215289,5658510.46939679
0.000731377379727749,35.1491196860693,493737.787215289,5658510.46939679
0.000797455857298276,35.1491196860693,494237.787215289,5658510.46939679
0.000417672905041988,35.1491196860693,494737.787215289,5658510.46939679
0.000483946630705499,35.1491196860693,495237.787215289,5658510.46939679
0.00035145174683182,35.1491196860693,495737.787215289,5658510.46939679
2.11923831397897e-05,35.1491196860693,496237.787215289,5658510.46939679
0.000522130682804661,35.1491196860693,496737.787215289,5658510.46939679
8.43253058190464e-05,35.1491196860693,497237.787215289,5658510.46939679
0.000615117451080612,35.1491196860693,497737.787215289,5658510.46939679
5.71677367758702e-05,35.1491196860693,498237.787215289,5658510.46939679
0.000655568396494673,35.1491196860693,498737.787215289,5658510.46939679
4.5869629054901e-05,35.1491196860693,499237.787215289,5658510.46939679
2.23027447802726e-05,35.1491196860693,499737.787215289,5658510.46939679
0.000158789327741772,35.1491196860693,500237.787215289,5658510.46939679
2.44301292158496e-05,35.1491196860693,500737.787215289,5658510.46939679
1.78972276894239e-05,35.1491196860693,501237.787215289,5658510.46939679
1.8477463520008e-05,35.1491196860693,501737.787215289,5658510.46939679
1.68950734614758e-05,35.1491196860693,502237.787215289,5658510.46939679
1.85066381668059e-05,35.1491196860693,502737.787215289,5658510.46939679
0.000105568122457114,35.1491196860693,503237.787215289,5658510.46939679
0.000394285334913763,35.1491196860693,503737.787215289,5658510.46939679
1.69279716992517e-05,35.1491196860693,504237.787215289,5658510.46939679
1.89405401726049e-05,35.1491196860693,504737.787215289,5658510.46939679
2.00348492435661e-05,35.1491196860693,505237.787215289,5658510.46939679
1.51292530856715e-05,35.1491196860693,505737.787215289,5658510.46939679
2.37119479724889e-05,35.1491196860693,506237.787215289,5658510.46939679
1.89405401726049e-05,35.1491196860693,506737.787215289,5658510.46939679
3.14842466392162e-05,35.1491196860693,507237.787215289,5658510.46939679
0.000441161963056283,35.1491196860693,507737.787215289,5658510.46939679
5.06366958907761e-05,35.1491196860693,508237.787215289,5658510.46939679
2.01200354142365e-05,35.1491196860693,508737.787215289,5658510.46939679
0.000149698307603133,35.1491196860693,509237.787215289,5658510.46939679
0.000591409688981153,35.1491196860693,509737.787215289,5658510.46939679
0.000451394691810951,35.1491196860693,510237.787215289,5658510.46939679
0.000184611724052903,35.1491196860693,510737.787215289,5658510.46939679
0.000384928383502641,35.1491196860693,511237.787215289,5658510.46939679
0.000456295589382664,35.1491196860693,511737.787215289,5658510.46939679
0.000508258447591093,35.1491196860693,512237.787215289,5658510.46939679
0.000305205278470215,35.1491196860693,512737.787215289,5658510.46939679
0.000133761056889374,35.1491196860693,513237.787215289,5658510.46939679
7.21105472713387e-05,35.1491196860693,513737.787215289,5658510.46939679
8.06837784069362e-05,35.1491196860693,514237.787215289,5658510.46939679
8.06837784069362e-05,35.1491196860693,514737.787215289,5658510.46939679
4.60096623474436e-05,35.1491196860693,515237.787215289,5658510.46939679
0.00018551030485262,35.1491196860693,515737.787215289,5658510.46939679
0.000265881876576228,35.1491196860693,516237.787215289,5658510.46939679
8.1599769193249e-05,35.1491196860693,516737.787215289,5658510.46939679
0.000206987812152193,35.1491196860693,517237.787215289,5658510.46939679
0.000354191706974717,35.1491196860693,517737.787215289,5658510.46939679
0.00039745663009296,35.1491196860693,518237.787215289,5658510.46939679
0.000392615971160604,35.1491196860693,518737.787215289,5658510.46939679
0.000572005078112136,35.1491196860693,519237.787215289,5658510.46939679
0.00010654607127893,35.1491196860693,519737.787215289,5658510.46939679
0.000299554822221416,35.1491196860693,520237.787215289,5658510.46939679
0.000463097371904533,35.1491196860693,520737.787215289,5658510.46939679
0.000218096558529347,35.1491196860693,521237.787215289,5658510.46939679
0.000402696070038849,35.1491196860693,521737.787215289,5658510.46939679
0.000176593398466991,35.1491196860693,522237.787215289,5658510.46939679
0.000650576762037896,35.1491196860693,522737.787215289,5658510.46939679
0.000543061266532647,35.1491196860693,523237.787215289,5658510.46939679
0.000501092591703001,35.1491196860693,523737.787215289,5658510.46939679
0.000657559641499969,35.1491196860693,524237.787215289,5658510.46939679
0.000584135272690984,35.1491196860693,524737.787215289,5658510.46939679
0.000540629483612339,35.1491196860693,525237.787215289,5658510.46939679
0.000452654819816034,35.1491196860693,525737.787215289,5658510.46939679
2.86103740019286e-05,35.1491196860693,526237.787215289,5658510.46939679
1.18536938056273e-05,35.1491196860693,526737.787215289,5658510.46939679
2.41736583850355e-05,35.1491196860693,527237.787215289,5658510.46939679
2.55703162104192e-05,35.1491196860693,527737.787215289,5658510.46939679
2.18025036109508e-05,35.1491196860693,528237.787215289,5658510.46939679
7.82819005050588e-05,35.1491196860693,479737.787215289,5659010.46939679
0.000179118765764683,35.1491196860693,480237.787215289,5659010.46939679
0.000114285555231107,35.1491196860693,480737.787215289,5659010.46939679
1.69279716992517e-05,35.1491196860693,481237.787215289,5659010.46939679
4.93449884164566e-05,35.1491196860693,481737.787215289,5659010.46939679
3.98966786381906e-05,35.1491196860693,482237.787215289,5659010.46939679
3.65330923005021e-05,35.1491196860693,482737.787215289,5659010.46939679
2.98984510417646e-05,35.1491196860693,483237.787215289,5659010.46939679
2.5882407026316e-05,35.1491196860693,483737.787215289,5659010.46939679
0.000117588001800445,35.1491196860693,484237.787215289,5659010.46939679
0.000117588001800445,35.1491196860693,484737.787215289,5659010.46939679
0.000119384711787159,35.1491196860693,485237.787215289,5659010.46939679
1.8616952732203e-05,35.1491196860693,485737.787215289,5659010.46939679
2.24384367261661e-05,35.1491196860693,486237.787215289,5659010.46939679
2.24384367261661e-05,35.1491196860693,486737.787215289,5659010.46939679
2.12128430344383e-05,35.1491196860693,487237.787215289,5659010.46939679
1.18536938056273e-05,35.1491196860693,487737.787215289,5659010.46939679
1.32629808052648e-05,35.1491196860693,488237.787215289,5659010.46939679
2.04844895886718e-05,35.1491196860693,488737.787215289,5659010.46939679
1.94834432517668e-05,35.1491196860693,489237.787215289,5659010.46939679
6.72426239142512e-05,35.1491196860693,489737.787215289,5659010.46939679
0.000441750247332143,35.1491196860693,490237.787215289,5659010.46939679
4.0501324657536e-05,35.1491196860693,490737.787215289,5659010.46939679
1.80061160650567e-05,35.1491196860693,491237.787215289,5659010.46939679
2.32729538460966e-05,35.1491196860693,491737.787215289,5659010.46939679
4.5250637653805e-05,35.1491196860693,492237.787215289,5659010.46939679
1.78712036021668e-05,35.1491196860693,492737.787215289,5659010.46939679
4.93449884164566e-05,35.1491196860693,493237.787215289,5659010.46939679
0.000582651903890009,35.1491196860693,493737.787215289,5659010.46939679
0.000280731297880861,35.1491196860693,494237.787215289,5659010.46939679
0.000393235884834005,35.1491196860693,494737.787215289,5659010.46939679
0.000372749359609049,35.1491196860693,495237.787215289,5659010.46939679
0.00035145174683182,35.1491196860693,495737.787215289,5659010.46939679
0.000266105957119046,35.1491196860693,496237.787215289,5659010.46939679
0.000549756802536663,35.1491196860693,496737.787215289,5659010.46939679
0.000568406666382325,35.1491196860693,497237.787215289,5659010.46939679
0.000616013186509331,35.1491196860693,497737.787215289,5659010.46939679
1.95142062715212e-05,35.1491196860693,498237.787215289,5659010.46939679
0.000309678921841297,35.1491196860693,498737.787215289,5659010.46939679
3.92294877667758e-05,35.1491196860693,499237.787215289,5659010.46939679
1.9812377587931e-05,35.1491196860693,499737.787215289,5659010.46939679
4.23247480902671e-05,35.1491196860693,500237.787215289,5659010.46939679
5.47048516900332e-05,35.1491196860693,500737.787215289,5659010.46939679
1.99959130233307e-05,35.1491196860693,501237.787215289,5659010.46939679
1.85066381668059e-05,35.1491196860693,501737.787215289,5659010.46939679
1.89910878264722e-05,35.1491196860693,502237.787215289,5659010.46939679
1.27831043274413e-05,35.1491196860693,502737.787215289,5659010.46939679
1.69279716992517e-05,35.1491196860693,503237.787215289,5659010.46939679
1.35216612478398e-05,35.1491196860693,503737.787215289,5659010.46939679
4.16928801039983e-05,35.1491196860693,504237.787215289,5659010.46939679
4.80862315162191e-05,35.1491196860693,504737.787215289,5659010.46939679
2.20365178942304e-05,35.1491196860693,505237.787215289,5659010.46939679
2.01175699931245e-05,35.1491196860693,505737.787215289,5659010.46939679
3.33517774880875e-05,35.1491196860693,506237.787215289,5659010.46939679
0.000277648013610176,35.1491196860693,506737.787215289,5659010.46939679
0.000813382227161035,35.1491196860693,507237.787215289,5659010.46939679
0.000628392879089581,35.1491196860693,507737.787215289,5659010.46939679
0.000180711616757246,35.1491196860693,508237.787215289,5659010.46939679
0.000534241476796546,35.1491196860693,508737.787215289,5659010.46939679
0.000440574462205879,35.1491196860693,509237.787215289,5659010.46939679
0.000448012576012762,35.1491196860693,509737.787215289,5659010.46939679
0.000481897650202738,35.1491196860693,510237.787215289,5659010.46939679
0.000130616717632576,35.1491196860693,510737.787215289,5659010.46939679
0.000324290973287297,35.1491196860693,511237.787215289,5659010.46939679
0.000382091092337595,35.1491196860693,511737.787215289,5659010.46939679
9.02762819636376e-05,35.1491196860693,512237.787215289,5659010.46939679
0.000198191816842536,35.1491196860693,512737.787215289,5659010.46939679
0.000126454990538892,35.1491196860693,513237.787215289,5659010.46939679
5.76001903785366e-05,35.1491196860693,513737.787215289,5659010.46939679
0.000104981166683557,35.1491196860693,514237.787215289,5659010.46939679
0.000147714390074976,35.1491196860693,514737.787215289,5659010.46939679
0.000154589474329861,35.1491196860693,515237.787215289,5659010.46939679
0.000157925815111292,35.1491196860693,515737.787215289,5659010.46939679
0.0001706554066567,35.1491196860693,516237.787215289,5659010.46939679
8.91330979528931e-05,35.1491196860693,516737.787215289,5659010.46939679
8.1599769193249e-05,35.1491196860693,517237.787215289,5659010.46939679
0.000241993747404294,35.1491196860693,517737.787215289,5659010.46939679
0.000158175169134974,35.1491196860693,518237.787215289,5659010.46939679
0.000210711365055635,35.1491196860693,518737.787215289,5659010.46939679
0.000468864465972655,35.1491196860693,519237.787215289,5659010.46939679
0.000214528189182155,35.1491196860693,519737.787215289,5659010.46939679
0.000481779558179035,35.1491196860693,520237.787215289,5659010.46939679
9.88980335841022e-05,35.1491196860693,520737.787215289,5659010.46939679
0.000551426651926951,35.1491196860693,521237.787215289,5659010.46939679
0.000550557359640588,35.1491196860693,521737.787215289,5659010.46939679
0.000138514980682706,35.1491196860693,522237.787215289,5659010.46939679
0.000117747006068013,35.1491196860693,522737.787215289,5659010.46939679
0.000558969713717357,35.1491196860693,523237.787215289,5659010.46939679
0.000676822206282741,35.1491196860693,523737.787215289,5659010.46939679
6.30017670593106e-05,35.1491196860693,524237.787215289,5659010.46939679
4.18804171081917e-05,35.1491196860693,524737.787215289,5659010.46939679
0.000262482801427432,35.1491196860693,525237.787215289,5659010.46939679
4.77954396752031e-05,35.1491196860693,525737.787215289,5659010.46939679
2.59232735707123e-05,35.1491196860693,526237.787215289,5659010.46939679
1.65401748989769e-05,35.1491196860693,526737.787215289,5659010.46939679
1.96353385217078e-05,35.1491196860693,527237.787215289,5659010.46939679
2.19697861433417e-05,35.1491196860693,527737.787215289,5659010.46939679
4.61543596406769e-05,35.1491196860693,528237.787215289,5659010.46939679
0.000314945749462153,35.1491196860693,479737.787215289,5659510.46939679
8.63023758306126e-05,35.1491196860693,480237.787215289,5659510.46939679
4.15819081948857e-05,35.1491196860693,480737.787215289,5659510.46939679
9.15322106479503e-05,35.1491196860693,481237.787215289,5659510.46939679
2.31687395057343e-05,35.1491196860693,481737.787215289,5659510.46939679
1.66408068409003e-05,35.1491196860693,482237.787215289,5659510.46939679
1.80345464865716e-05,35.1491196860693,482737.787215289,5659510.46939679
2.18687272523746e-05,35.1491196860693,483237.787215289,5659510.46939679
1.77889977944043e-05,35.1491196860693,483737.787215289,5659510.46939679
1.80608084341078e-05,35.1491196860693,484237.787215289,5659510.46939679
1.91623181035385e-05,35.1491196860693,484737.787215289,5659510.46939679
2.71693293533585e-05,35.1491196860693,485237.787215289,5659510.46939679
0.000124185688133286,35.1491196860693,485737.787215289,5659510.46939679
2.2643524142659e-05,35.1491196860693,486237.787215289,5659510.46939679
2.02374870180663e-05,35.1491196860693,486737.787215289,5659510.46939679
4.44292147748547e-05,35.1491196860693,487237.787215289,5659510.46939679
2.15369690195983e-05,35.1491196860693,487737.787215289,5659510.46939679
1.18536938056273e-05,35.1491196860693,488237.787215289,5659510.46939679
2.06717179192006e-05,35.1491196860693,488737.787215289,5659510.46939679
2.46145560163383e-05,35.1491196860693,489237.787215289,5659510.46939679
2.1799832027547e-05,35.1491196860693,489737.787215289,5659510.46939679
2.50301177083137e-05,35.1491196860693,490237.787215289,5659510.46939679
0.000285746421452649,35.1491196860693,490737.787215289,5659510.46939679
0.000312054973472712,35.1491196860693,491237.787215289,5659510.46939679
0.00040089283072582,35.1491196860693,491737.787215289,5659510.46939679
5.84865718858249e-05,35.1491196860693,492237.787215289,5659510.46939679
1.69978646388213e-05,35.1491196860693,492737.787215289,5659510.46939679
4.46399992819907e-05,35.1491196860693,493237.787215289,5659510.46939679
0.00021199335233693,35.1491196860693,493737.787215289,5659510.46939679
0.00021199335233693,35.1491196860693,494237.787215289,5659510.46939679
0.000332255354091968,35.1491196860693,494737.787215289,5659510.46939679
0.000332255354091968,35.1491196860693,495237.787215289,5659510.46939679
0.000237197266016241,35.1491196860693,495737.787215289,5659510.46939679
0.000528503392060985,35.1491196860693,496237.787215289,5659510.46939679
6.64399516624559e-05,35.1491196860693,496737.787215289,5659510.46939679
1.77889977944043e-05,35.1491196860693,497237.787215289,5659510.46939679
7.85100550662556e-05,35.1491196860693,497737.787215289,5659510.46939679
6.36701853550889e-05,35.1491196860693,498237.787215289,5659510.46939679
1.83924689752713e-05,35.1491196860693,498737.787215289,5659510.46939679
2.33776369486346e-05,35.1491196860693,499237.787215289,5659510.46939679
1.85043704443338e-05,35.1491196860693,499737.787215289,5659510.46939679
1.90464378279636e-05,35.1491196860693,500237.787215289,5659510.46939679
1.74682192929873e-05,35.1491196860693,500737.787215289,5659510.46939679
2.59232735707123e-05,35.1491196860693,501237.787215289,5659510.46939679
2.81388192323986e-05,35.1491196860693,501737.787215289,5659510.46939679
2.11923831397897e-05,35.1491196860693,502237.787215289,5659510.46939679
1.27831043274413e-05,35.1491196860693,502737.787215289,5659510.46939679
1.35216612478398e-05,35.1491196860693,503237.787215289,5659510.46939679
4.16928801039983e-05,35.1491196860693,503737.787215289,5659510.46939679
4.46399992819907e-05,35.1491196860693,504237.787215289,5659510.46939679
4.64351670001662e-05,35.1491196860693,504737.787215289,5659510.46939679
2.52619885946478e-05,35.1491196860693,505237.787215289,5659510.46939679
2.30621655452834e-05,35.1491196860693,505737.787215289,5659510.46939679
0.000585057582197616,35.1491196860693,506237.787215289,5659510.46939679
0.000671751054322025,35.1491196860693,506737.787215289,5659510.46939679
0.000539058384439124,35.1491196860693,507237.787215289,5659510.46939679
0.000613329885755158,35.1491196860693,507737.787215289,5659510.46939679
0.000511225428940807,35.1491196860693,508237.787215289,5659510.46939679
0.000488489612595974,35.1491196860693,508737.787215289,5659510.46939679
0.000423542003767608,35.1491196860693,509237.787215289,5659510.46939679
0.000452821259627575,35.1491196860693,509737.787215289,5659510.46939679
2.98188717902632e-05,35.1491196860693,510237.787215289,5659510.46939679
0.000343027215784351,35.1491196860693,510737.787215289,5659510.46939679
0.000427517945598563,35.1491196860693,511237.787215289,5659510.46939679
0.000177132512376088,35.1491196860693,511737.787215289,5659510.46939679
0.000158310910311667,35.1491196860693,512237.787215289,5659510.46939679
0.000101009239355077,35.1491196860693,512737.787215289,5659510.46939679
3.47440511070631e-05,35.1491196860693,513237.787215289,5659510.46939679
0.000147052937393658,35.1491196860693,513737.787215289,5659510.46939679
7.62020669068145e-05,35.1491196860693,514237.787215289,5659510.46939679
0.000206585546932124,35.1491196860693,514737.787215289,5659510.46939679
0.000281994043617222,35.1491196860693,515237.787215289,5659510.46939679
5.65060974945574e-05,35.1491196860693,515737.787215289,5659510.46939679
0.000118363634880259,35.1491196860693,516237.787215289,5659510.46939679
5.68707893085735e-05,35.1491196860693,516737.787215289,5659510.46939679
8.1599769193249e-05,35.1491196860693,517237.787215289,5659510.46939679
0.000281243473800492,35.1491196860693,517737.787215289,5659510.46939679
0.00029074870200908,35.1491196860693,518237.787215289,5659510.46939679
0.000278188652299354,35.1491196860693,518737.787215289,5659510.46939679
0.000197661260354578,35.1491196860693,519237.787215289,5659510.46939679
0.000168781090771639,35.1491196860693,519737.787215289,5659510.46939679
0.000477415973947026,35.1491196860693,520237.787215289,5659510.46939679
9.77055182218152e-05,35.1491196860693,520737.787215289,5659510.46939679
0.00048689100641692,35.1491196860693,521237.787215289,5659510.46939679
0.000390666328843339,35.1491196860693,521737.787215289,5659510.46939679
0.000154045813564546,35.1491196860693,522237.787215289,5659510.46939679
4.50424890980107e-05,35.1491196860693,522737.787215289,5659510.46939679
5.85717401645827e-05,35.1491196860693,523237.787215289,5659510.46939679
7.45648047820962e-05,35.1491196860693,523737.787215289,5659510.46939679
6.94311665364193e-05,35.1491196860693,524237.787215289,5659510.46939679
0.000247394473268524,35.1491196860693,524737.787215289,5659510.46939679
2.88298908015172e-05,35.1491196860693,525237.787215289,5659510.46939679
5.53793212695405e-05,35.1491196860693,525737.787215289,5659510.46939679
2.34174181009394e-05,35.1491196860693,526237.787215289,5659510.46939679
2.21383521726256e-05,35.1491196860693,526737.787215289,5659510.46939679
3.67019175708931e-05,35.1491196860693,527237.787215289,5659510.46939679
3.46972485648412e-05,35.1491196860693,527737.787215289,5659510.46939679
0.000201559441805171,35.1491196860693,528237.787215289,5659510.46939679
3.71635317002209e-05,35.1491196860693,479737.787215289,5660010.46939679
0.000108043246229985,35.1491196860693,480237.787215289,5660010.46939679
2.12489404099526e-05,35.1491196860693,480737.787215289,5660010.46939679
3.70913071759725e-05,35.1491196860693,481237.787215289,5660010.46939679
2.41736583850355e-05,35.1491196860693,481737.787215289,5660010.46939679
3.83495868834681e-05,35.1491196860693,482237.787215289,5660010.46939679
1.77889977944043e-05,35.1491196860693,482737.787215289,5660010.46939679
1.91623181035385e-05,35.1491196860693,483237.787215289,5660010.46939679
1.84483348653567e-05,35.1491196860693,483737.787215289,5660010.46939679
1.85605762276212e-05,35.1491196860693,484237.787215289,5660010.46939679
1.86735004766338e-05,35.1491196860693,484737.787215289,5660010.46939679
0.000124562893826158,35.1491196860693,485237.787215289,5660010.46939679
0.000126466178105887,35.1491196860693,485737.787215289,5660010.46939679
2.44657044254756e-05,35.1491196860693,486237.787215289,5660010.46939679
1.95426229029954e-05,35.1491196860693,486737.787215289,5660010.46939679
5.07780549269686e-05,35.1491196860693,487237.787215289,5660010.46939679
2.31996347466755e-05,35.1491196860693,487737.787215289,5660010.46939679
2.9132191838816e-05,35.1491196860693,488237.787215289,5660010.46939679
1.96019823084428e-05,35.1491196860693,488737.787215289,5660010.46939679
1.96615220141002e-05,35.1491196860693,489237.787215289,5660010.46939679
1.93656210362622e-05,35.1491196860693,489737.787215289,5660010.46939679
1.9812377587931e-05,35.1491196860693,490237.787215289,5660010.46939679
2.65180625415142e-05,35.1491196860693,490737.787215289,5660010.46939679
6.64399516624559e-05,35.1491196860693,491237.787215289,5660010.46939679
0.00084866179668444,35.1491196860693,491737.787215289,5660010.46939679
1.60460701928049e-05,35.1491196860693,492237.787215289,5660010.46939679
2.24766196644523e-05,35.1491196860693,492737.787215289,5660010.46939679
5.08644626995435e-05,35.1491196860693,493237.787215289,5660010.46939679
0.000538208590012513,35.1491196860693,493737.787215289,5660010.46939679
0.000472346109574365,35.1491196860693,494237.787215289,5660010.46939679
0.000332255354091968,35.1491196860693,494737.787215289,5660010.46939679
0.000296950835601231,35.1491196860693,495237.787215289,5660010.46939679
0.000528503392060985,35.1491196860693,495737.787215289,5660010.46939679
0.000331609640840821,35.1491196860693,496237.787215289,5660010.46939679
0.000351279517053834,35.1491196860693,496737.787215289,5660010.46939679
2.03927617579779e-05,35.1491196860693,497237.787215289,5660010.46939679
1.81156669275592e-05,35.1491196860693,497737.787215289,5660010.46939679
1.78972276894239e-05,35.1491196860693,498237.787215289,5660010.46939679
2.10539038779687e-05,35.1491196860693,498737.787215289,5660010.46939679
3.55450349355269e-05,35.1491196860693,499237.787215289,5660010.46939679
2.11819977612105e-05,35.1491196860693,499737.787215289,5660010.46939679
3.42746677510445e-05,35.1491196860693,500237.787215289,5660010.46939679
4.1501096888766e-05,35.1491196860693,500737.787215289,5660010.46939679
3.93106927356453e-05,35.1491196860693,501237.787215289,5660010.46939679
6.89362855513801e-05,35.1491196860693,501737.787215289,5660010.46939679
1.35216612478398e-05,35.1491196860693,502237.787215289,5660010.46939679
3.14842466392162e-05,35.1491196860693,502737.787215289,5660010.46939679
2.15082879711995e-05,35.1491196860693,503237.787215289,5660010.46939679
2.20365178942304e-05,35.1491196860693,503737.787215289,5660010.46939679
3.95928970085907e-05,35.1491196860693,504237.787215289,5660010.46939679
9.96446300407719e-05,35.1491196860693,504737.787215289,5660010.46939679
0.000612287970310288,35.1491196860693,505237.787215289,5660010.46939679
0.000506471002632157,35.1491196860693,505737.787215289,5660010.46939679
0.000325629919842833,35.1491196860693,506237.787215289,5660010.46939679
0.000492116986512376,35.1491196860693,506737.787215289,5660010.46939679
0.000489913327816121,35.1491196860693,507237.787215289,5660010.46939679
0.000443900426539663,35.1491196860693,507737.787215289,5660010.46939679
0.000362229566662296,35.1491196860693,508237.787215289,5660010.46939679
0.000384928383502641,35.1491196860693,508737.787215289,5660010.46939679
0.000510544623705083,35.1491196860693,509237.787215289,5660010.46939679
0.000410939886692218,35.1491196860693,509737.787215289,5660010.46939679
5.08091769701628e-05,35.1491196860693,510237.787215289,5660010.46939679
3.28463213150305e-05,35.1491196860693,510737.787215289,5660010.46939679
0.000126454990538892,35.1491196860693,511237.787215289,5660010.46939679
0.000187366524357207,35.1491196860693,511737.787215289,5660010.46939679
0.000177132512376088,35.1491196860693,512237.787215289,5660010.46939679
3.10522460551786e-05,35.1491196860693,512737.787215289,5660010.46939679
9.08798011778529e-05,35.1491196860693,513237.787215289,5660010.46939679
0.000262197502962518,35.1491196860693,513737.787215289,5660010.46939679
0.000218176751975899,35.1491196860693,514237.787215289,5660010.46939679
0.00042098071844456,35.1491196860693,514737.787215289,5660010.46939679
0.00010463761067455,35.1491196860693,515237.787215289,5660010.46939679
0.000149971422389203,35.1491196860693,515737.787215289,5660010.46939679
0.000385022735724557,35.1491196860693,516237.787215289,5660010.46939679
7.53109015830379e-05,35.1491196860693,516737.787215289,5660010.46939679
6.89457937404937e-05,35.1491196860693,517237.787215289,5660010.46939679
5.51651274866205e-05,35.1491196860693,517737.787215289,5660010.46939679
0.000225989698606109,35.1491196860693,518237.787215289,5660010.46939679
0.000133435679813949,35.1491196860693,518737.787215289,5660010.46939679
0.000441270099045271,35.1491196860693,519237.787215289,5660010.46939679
0.000403430762720288,35.1491196860693,519737.787215289,5660010.46939679
0.000198839481695231,35.1491196860693,520237.787215289,5660010.46939679
0.000408304677746617,35.1491196860693,520737.787215289,5660010.46939679
0.000401525812992437,35.1491196860693,521237.787215289,5660010.46939679
0.000407018354942052,35.1491196860693,521737.787215289,5660010.46939679
0.000315863666743234,35.1491196860693,522237.787215289,5660010.46939679
0.000108647322267354,35.1491196860693,522737.787215289,5660010.46939679
3.45879383743949e-05,35.1491196860693,523237.787215289,5660010.46939679
0.000187955779473062,35.1491196860693,523737.787215289,5660010.46939679
7.92373467340975e-05,35.1491196860693,524237.787215289,5660010.46939679
0.000169273007491275,35.1491196860693,524737.787215289,5660010.46939679
4.84551793547201e-05,35.1491196860693,525237.787215289,5660010.46939679
4.21403851075292e-05,35.1491196860693,525737.787215289,5660010.46939679
0.000145437848473233,35.1491196860693,526237.787215289,5660010.46939679
8.77271413001827e-05,35.1491196860693,526737.787215289,5660010.46939679
7.84055022535038e-05,35.1491196860693,527237.787215289,5660010.46939679
0.000594069884224221,35.1491196860693,527737.787215289,5660010.46939679
0.000233541634065748,35.1491196860693,528237.787215289,5660010.46939679
0.000465408485421668,35.1491196860693,479237.787215289,5660510.46939679
2.24167947401885e-05,35.1491196860693,479737.787215289,5660510.46939679
2.97645682792336e-05,35.1491196860693,480237.787215289,5660510.46939679
3.06811050441383e-05,35.1491196860693,480737.787215289,5660510.46939679
3.38613828115048e-05,35.1491196860693,481237.787215289,5660510.46939679
2.60398779658083e-05,35.1491196860693,481737.787215289,5660510.46939679
2.22703146974515e-05,35.1491196860693,482237.787215289,5660510.46939679
3.17681195971277e-05,35.1491196860693,482737.787215289,5660510.46939679
1.18536938056273e-05,35.1491196860693,483237.787215289,5660510.46939679
1.86735004766338e-05,35.1491196860693,483737.787215289,5660510.46939679
0.000124562893826158,35.1491196860693,484237.787215289,5660510.46939679
7.83547327773844e-05,35.1491196860693,484737.787215289,5660510.46939679
0.000125701399257595,35.1491196860693,485237.787215289,5660510.46939679
1.93069773882503e-05,35.1491196860693,485737.787215289,5660510.46939679
2.32701020801544e-05,35.1491196860693,486237.787215289,5660510.46939679
1.96615220141002e-05,35.1491196860693,486737.787215289,5660510.46939679
1.96615220141002e-05,35.1491196860693,487237.787215289,5660510.46939679
3.24970139286227e-05,35.1491196860693,487737.787215289,5660510.46939679
2.31293808048298e-05,35.1491196860693,488237.787215289,5660510.46939679
1.85781921426806e-05,35.1491196860693,488737.787215289,5660510.46939679
2.06091191031243e-05,35.1491196860693,489237.787215289,5660510.46939679
1.93069773882503e-05,35.1491196860693,489737.787215289,5660510.46939679
1.97523810561715e-05,35.1491196860693,490237.787215289,5660510.46939679
1.77889977944043e-05,35.1491196860693,490737.787215289,5660510.46939679
2.13445193821135e-05,35.1491196860693,491237.787215289,5660510.46939679
0.00055903821581446,35.1491196860693,491737.787215289,5660510.46939679
0.000296950835601231,35.1491196860693,492237.787215289,5660510.46939679
0.000135260969858172,35.1491196860693,492737.787215289,5660510.46939679
0.000466650546461829,35.1491196860693,493237.787215289,5660510.46939679
0.000333142062099298,35.1491196860693,493737.787215289,5660510.46939679
0.000417065573207451,35.1491196860693,494237.787215289,5660510.46939679
3.51336492012764e-05,35.1491196860693,494737.787215289,5660510.46939679
0.000393235884834005,35.1491196860693,495237.787215289,5660510.46939679
0.000454746610232258,35.1491196860693,495737.787215289,5660510.46939679
3.38613828115048e-05,35.1491196860693,496237.787215289,5660510.46939679
3.02156591555138e-05,35.1491196860693,496737.787215289,5660510.46939679
1.91042901045474e-05,35.1491196860693,497237.787215289,5660510.46939679
1.77889977944043e-05,35.1491196860693,497737.787215289,5660510.46939679
1.75744975421675e-05,35.1491196860693,498237.787215289,5660510.46939679
1.94858309602397e-05,35.1491196860693,498737.787215289,5660510.46939679
2.49180349351765e-05,35.1491196860693,499237.787215289,5660510.46939679
3.08191104424454e-05,35.1491196860693,499737.787215289,5660510.46939679
0.000104130763640068,35.1491196860693,500237.787215289,5660510.46939679
4.57363293765292e-05,35.1491196860693,500737.787215289,5660510.46939679
3.14004465527791e-05,35.1491196860693,501237.787215289,5660510.46939679
1.51292530856715e-05,35.1491196860693,501737.787215289,5660510.46939679
2.24766196644523e-05,35.1491196860693,502237.787215289,5660510.46939679
2.74210172020408e-05,35.1491196860693,502737.787215289,5660510.46939679
2.20365178942304e-05,35.1491196860693,503237.787215289,5660510.46939679
1.90765108461453e-05,35.1491196860693,503737.787215289,5660510.46939679
2.18687272523746e-05,35.1491196860693,504237.787215289,5660510.46939679
1.88167753272691e-05,35.1491196860693,504737.787215289,5660510.46939679
0.000180667332248865,35.1491196860693,505237.787215289,5660510.46939679
0.000503408220820551,35.1491196860693,505737.787215289,5660510.46939679
0.00053495388150645,35.1491196860693,506237.787215289,5660510.46939679
0.000484710749222339,35.1491196860693,506737.787215289,5660510.46939679
0.000453425091437935,35.1491196860693,507237.787215289,5660510.46939679
0.000511225428940807,35.1491196860693,507737.787215289,5660510.46939679
0.000347171385381577,35.1491196860693,508237.787215289,5660510.46939679
0.000373429416473,35.1491196860693,508737.787215289,5660510.46939679
0.000277346231734799,35.1491196860693,509237.787215289,5660510.46939679
0.000330767542412045,35.1491196860693,509737.787215289,5660510.46939679
0.000155549071180493,35.1491196860693,510237.787215289,5660510.46939679
1.87305079521446e-05,35.1491196860693,510737.787215289,5660510.46939679
0.000158310910311667,35.1491196860693,511237.787215289,5660510.46939679
0.000187366524357207,35.1491196860693,511737.787215289,5660510.46939679
2.77527218141621e-05,35.1491196860693,512237.787215289,5660510.46939679
3.67514241778371e-05,35.1491196860693,512737.787215289,5660510.46939679
0.000100910263968818,35.1491196860693,513237.787215289,5660510.46939679
0.000166019592494195,35.1491196860693,513737.787215289,5660510.46939679
0.000300538348685158,35.1491196860693,514237.787215289,5660510.46939679
9.11335041669179e-05,35.1491196860693,514737.787215289,5660510.46939679
0.000124218451149785,35.1491196860693,515237.787215289,5660510.46939679
0.000188321768643726,35.1491196860693,515737.787215289,5660510.46939679
0.000367319581030994,35.1491196860693,516237.787215289,5660510.46939679
4.96817233525835e-05,35.1491196860693,516737.787215289,5660510.46939679
2.24198866260075e-05,35.1491196860693,517237.787215289,5660510.46939679
0.000239453264015925,35.1491196860693,517737.787215289,5660510.46939679
0.000136530713457085,35.1491196860693,518237.787215289,5660510.46939679
8.71018530288337e-05,35.1491196860693,518737.787215289,5660510.46939679
5.45592464496512e-05,35.1491196860693,519237.787215289,5660510.46939679
0.000394956280612605,35.1491196860693,519737.787215289,5660510.46939679
0.000244441336294075,35.1491196860693,520237.787215289,5660510.46939679
0.000359427427155105,35.1491196860693,520737.787215289,5660510.46939679
0.000355610528670487,35.1491196860693,521237.787215289,5660510.46939679
0.000273038371751755,35.1491196860693,521737.787215289,5660510.46939679
9.65155542013124e-05,35.1491196860693,522237.787215289,5660510.46939679
0.000142140897753413,35.1491196860693,522737.787215289,5660510.46939679
4.5250637653805e-05,35.1491196860693,523237.787215289,5660510.46939679
0.000306911698830909,35.1491196860693,523737.787215289,5660510.46939679
0.000334153958753799,35.1491196860693,524237.787215289,5660510.46939679
0.000362712595518281,35.1491196860693,524737.787215289,5660510.46939679
4.74373279948057e-05,35.1491196860693,525237.787215289,5660510.46939679
0.000158347280358123,35.1491196860693,525737.787215289,5660510.46939679
4.72249076085401e-05,35.1491196860693,526237.787215289,5660510.46939679
0.000528568160490819,35.1491196860693,526737.787215289,5660510.46939679
0.000385712960626636,35.1491196860693,527237.787215289,5660510.46939679
0.000399146575842666,35.1491196860693,527737.787215289,5660510.46939679
5.21959455664912e-05,35.1491196860693,479237.787215289,5661010.46939679
2.90052945027789e-05,35.1491196860693,479737.787215289,5661010.46939679
1.86192342517067e-05,35.1491196860693,480237.787215289,5661010.46939679
2.28532864008262e-05,35.1491196860693,480737.787215289,5661010.46939679
1.88167753272691e-05,35.1491196860693,481237.787215289,5661010.46939679
3.19613997520136e-05,35.1491196860693,481737.787215289,5661010.46939679
1.95142062715212e-05,35.1491196860693,482237.787215289,5661010.46939679
1.97523810561715e-05,35.1491196860693,482737.787215289,5661010.46939679
1.89014142791634e-05,35.1491196860693,483237.787215289,5661010.46939679
1.91321098151686e-05,35.1491196860693,483737.787215289,5661010.46939679
1.92485113269756e-05,35.1491196860693,484237.787215289,5661010.46939679
0.000321156959874826,35.1491196860693,484737.787215289,5661010.46939679
0.000128398544008064,35.1491196860693,485237.787215289,5661010.46939679
1.96019823084428e-05,35.1491196860693,485737.787215289,5661010.46939679
1.98412284171531e-05,35.1491196860693,486237.787215289,5661010.46939679
2.0924020364673e-05,35.1491196860693,486737.787215289,5661010.46939679
2.73744347967146e-05,35.1491196860693,487237.787215289,5661010.46939679
9.27729264136353e-05,35.1491196860693,487737.787215289,5661010.46939679
1.91902223146636e-05,35.1491196860693,488237.787215289,5661010.46939679
2.99855908267455e-05,35.1491196860693,488737.787215289,5661010.46939679
0.000126083208821279,35.1491196860693,489237.787215289,5661010.46939679
0.000420162574131672,35.1491196860693,489737.787215289,5661010.46939679
1.8616952732203e-05,35.1491196860693,490237.787215289,5661010.46939679
1.88167753272691e-05,35.1491196860693,490737.787215289,5661010.46939679
2.017867576177e-05,35.1491196860693,491237.787215289,5661010.46939679
3.18685181570445e-05,35.1491196860693,491737.787215289,5661010.46939679
6.16113099326042e-05,35.1491196860693,492237.787215289,5661010.46939679
0.000439987743737634,35.1491196860693,492737.787215289,5661010.46939679
0.000314107473694264,35.1491196860693,493237.787215289,5661010.46939679
0.000415955490076506,35.1491196860693,493737.787215289,5661010.46939679
0.000179118765764683,35.1491196860693,494237.787215289,5661010.46939679
0.000296950835601231,35.1491196860693,494737.787215289,5661010.46939679
0.000314107473694264,35.1491196860693,495237.787215289,5661010.46939679
8.14299547829359e-05,35.1491196860693,495737.787215289,5661010.46939679
5.10932540166889e-05,35.1491196860693,496237.787215289,5661010.46939679
2.08000352933194e-05,35.1491196860693,496737.787215289,5661010.46939679
1.74153214230097e-05,35.1491196860693,497237.787215289,5661010.46939679
1.70494945118349e-05,35.1491196860693,497737.787215289,5661010.46939679
1.68950734614758e-05,35.1491196860693,498237.787215289,5661010.46939679
2.31687395057343e-05,35.1491196860693,498737.787215289,5661010.46939679
1.69978646388213e-05,35.1491196860693,499237.787215289,5661010.46939679
1.68950734614758e-05,35.1491196860693,499737.787215289,5661010.46939679
3.24537372526682e-05,35.1491196860693,500237.787215289,5661010.46939679
9.15322106479503e-05,35.1491196860693,500737.787215289,5661010.46939679
6.16113099326042e-05,35.1491196860693,501237.787215289,5661010.46939679
4.46399992819907e-05,35.1491196860693,501737.787215289,5661010.46939679
0.000132966412781879,35.1491196860693,502237.787215289,5661010.46939679
4.23915759627728e-05,35.1491196860693,502737.787215289,5661010.46939679
1.95450178639726e-05,35.1491196860693,503237.787215289,5661010.46939679
1.88167753272691e-05,35.1491196860693,503737.787215289,5661010.46939679
2.83065494050227e-05,35.1491196860693,504237.787215289,5661010.46939679
2.05168331918908e-05,35.1491196860693,504737.787215289,5661010.46939679
0.000102401936119989,35.1491196860693,505237.787215289,5661010.46939679
0.000497338109868147,35.1491196860693,505737.787215289,5661010.46939679
0.000553974882797927,35.1491196860693,506237.787215289,5661010.46939679
0.000421542091268694,35.1491196860693,506737.787215289,5661010.46939679
0.000209385806460731,35.1491196860693,507237.787215289,5661010.46939679
7.584225025417e-05,35.1491196860693,507737.787215289,5661010.46939679
0.000138163232020335,35.1491196860693,508237.787215289,5661010.46939679
0.000362845963845313,35.1491196860693,508737.787215289,5661010.46939679
0.000205985197909695,35.1491196860693,509237.787215289,5661010.46939679
9.54920864415029e-05,35.1491196860693,509737.787215289,5661010.46939679
0.000126454990538892,35.1491196860693,510237.787215289,5661010.46939679
6.81718490045502e-05,35.1491196860693,510737.787215289,5661010.46939679
0.000382091092337595,35.1491196860693,511237.787215289,5661010.46939679
0.000361221169974052,35.1491196860693,511737.787215289,5661010.46939679
0.000187366524357207,35.1491196860693,512237.787215289,5661010.46939679
0.000223237350373996,35.1491196860693,512737.787215289,5661010.46939679
0.000152022907753437,35.1491196860693,513237.787215289,5661010.46939679
0.000268603989892571,35.1491196860693,513737.787215289,5661010.46939679
0.000268995131632444,35.1491196860693,514237.787215289,5661010.46939679
0.000441216027737946,35.1491196860693,514737.787215289,5661010.46939679
0.0004855355696343,35.1491196860693,515237.787215289,5661010.46939679
2.88404914653823e-05,35.1491196860693,515737.787215289,5661010.46939679
4.85495317122593e-05,35.1491196860693,516237.787215289,5661010.46939679
8.80475381858482e-05,35.1491196860693,516737.787215289,5661010.46939679
3.32192206546857e-05,35.1491196860693,517237.787215289,5661010.46939679
0.00010215598203878,35.1491196860693,517737.787215289,5661010.46939679
5.21519927894016e-05,35.1491196860693,518237.787215289,5661010.46939679
0.000219557963404116,35.1491196860693,518737.787215289,5661010.46939679
0.000106895893324636,35.1491196860693,519237.787215289,5661010.46939679
0.000334235865336482,35.1491196860693,519737.787215289,5661010.46939679
5.48844637855195e-05,35.1491196860693,520237.787215289,5661010.46939679
0.000464560924353659,35.1491196860693,520737.787215289,5661010.46939679
6.45569610623937e-05,35.1491196860693,521237.787215289,5661010.46939679
0.000498848740997582,35.1491196860693,521737.787215289,5661010.46939679
6.43535808521394e-05,35.1491196860693,522237.787215289,5661010.46939679
0.000230697310153595,35.1491196860693,522737.787215289,5661010.46939679
4.16271536851827e-05,35.1491196860693,523237.787215289,5661010.46939679
0.000313041178207171,35.1491196860693,523737.787215289,5661010.46939679
0.000628392879089581,35.1491196860693,524237.787215289,5661010.46939679
0.000508873841422118,35.1491196860693,524737.787215289,5661010.46939679
0.000301414275235545,35.1491196860693,525237.787215289,5661010.46939679
0.000262133249829677,35.1491196860693,525737.787215289,5661010.46939679
3.71003988600256e-05,35.1491196860693,526237.787215289,5661010.46939679
0.000439240299276829,35.1491196860693,526737.787215289,5661010.46939679
0.000415248871241267,35.1491196860693,527237.787215289,5661010.46939679
0.000549891556891126,35.1491196860693,527737.787215289,5661010.46939679
4.17535933706579e-05,35.1491196860693,479237.787215289,5661510.46939679
2.28532864008262e-05,35.1491196860693,479737.787215289,5661510.46939679
2.5882407026316e-05,35.1491196860693,480237.787215289,5661510.46939679
1.78972276894239e-05,35.1491196860693,480737.787215289,5661510.46939679
1.81156669275592e-05,35.1491196860693,481237.787215289,5661510.46939679
1.82258843075623e-05,35.1491196860693,481737.787215289,5661510.46939679
1.84483348653567e-05,35.1491196860693,482237.787215289,5661510.46939679
1.88441763582189e-05,35.1491196860693,482737.787215289,5661510.46939679
1.93069773882503e-05,35.1491196860693,483237.787215289,5661510.46939679
0.000128788545967906,35.1491196860693,483737.787215289,5661510.46939679
1.18536938056273e-05,35.1491196860693,484237.787215289,5661510.46939679
2.07974865479974e-05,35.1491196860693,484737.787215289,5661510.46939679
0.000130360435891305,35.1491196860693,485237.787215289,5661510.46939679
2.75270376896977e-05,35.1491196860693,485737.787215289,5661510.46939679
2.34116795166317e-05,35.1491196860693,486237.787215289,5661510.46939679
1.95426229029954e-05,35.1491196860693,486737.787215289,5661510.46939679
1.93069773882503e-05,35.1491196860693,487237.787215289,5661510.46939679
4.89632649067008e-05,35.1491196860693,487737.787215289,5661510.46939679
2.47283038217753e-05,35.1491196860693,488237.787215289,5661510.46939679
2.76682546649944e-05,35.1491196860693,488737.787215289,5661510.46939679
0.000122688253497751,35.1491196860693,489237.787215289,5661510.46939679
1.18536938056273e-05,35.1491196860693,489737.787215289,5661510.46939679
0.000196580128195936,35.1491196860693,490237.787215289,5661510.46939679
1.18536938056273e-05,35.1491196860693,490737.787215289,5661510.46939679
1.74682192929873e-05,35.1491196860693,491237.787215289,5661510.46939679
1.68950734614758e-05,35.1491196860693,491737.787215289,5661510.46939679
3.63121657518187e-05,35.1491196860693,492237.787215289,5661510.46939679
0.000284916026551701,35.1491196860693,492737.787215289,5661510.46939679
0.000417065573207451,35.1491196860693,493237.787215289,5661510.46939679
0.000120888520016141,35.1491196860693,493737.787215289,5661510.46939679
0.000120888520016141,35.1491196860693,494237.787215289,5661510.46939679
1.69279716992517e-05,35.1491196860693,494737.787215289,5661510.46939679
2.00883173398093e-05,35.1491196860693,495237.787215289,5661510.46939679
2.017867576177e-05,35.1491196860693,495737.787215289,5661510.46939679
1.77889977944043e-05,35.1491196860693,496237.787215289,5661510.46939679
1.68950734614758e-05,35.1491196860693,496737.787215289,5661510.46939679
2.45073371155603e-05,35.1491196860693,497237.787215289,5661510.46939679
1.81729188799733e-05,35.1491196860693,497737.787215289,5661510.46939679
2.12489404099526e-05,35.1491196860693,498237.787215289,5661510.46939679
1.35216612478398e-05,35.1491196860693,498737.787215289,5661510.46939679
1.79537892961324e-05,35.1491196860693,499237.787215289,5661510.46939679
3.33032811744354e-05,35.1491196860693,499737.787215289,5661510.46939679
1.35216612478398e-05,35.1491196860693,500237.787215289,5661510.46939679
3.71635317002209e-05,35.1491196860693,500737.787215289,5661510.46939679
2.50819300067914e-05,35.1491196860693,501237.787215289,5661510.46939679
0.000465408485421668,35.1491196860693,501737.787215289,5661510.46939679
2.37752293429097e-05,35.1491196860693,502237.787215289,5661510.46939679
2.465644200353e-05,35.1491196860693,502737.787215289,5661510.46939679
1.80345464865716e-05,35.1491196860693,503237.787215289,5661510.46939679
2.10539038779687e-05,35.1491196860693,503737.787215289,5661510.46939679
9.06920687592171e-05,35.1491196860693,504237.787215289,5661510.46939679
4.43646109277041e-05,35.1491196860693,504737.787215289,5661510.46939679
4.38296611601925e-05,35.1491196860693,505237.787215289,5661510.46939679
6.90112954817663e-05,35.1491196860693,505737.787215289,5661510.46939679
0.000437166261385106,35.1491196860693,506237.787215289,5661510.46939679
0.000489913327816121,35.1491196860693,506737.787215289,5661510.46939679
1.91391446342242e-05,35.1491196860693,507237.787215289,5661510.46939679
0.00043462909466603,35.1491196860693,507737.787215289,5661510.46939679
6.13354196409831e-05,35.1491196860693,508237.787215289,5661510.46939679
1.87305079521446e-05,35.1491196860693,508737.787215289,5661510.46939679
7.21105472713387e-05,35.1491196860693,509237.787215289,5661510.46939679
0.000187366524357207,35.1491196860693,509737.787215289,5661510.46939679
1.73985242572075e-05,35.1491196860693,510237.787215289,5661510.46939679
3.9134662742215e-05,35.1491196860693,510737.787215289,5661510.46939679
0.000343027215784351,35.1491196860693,511237.787215289,5661510.46939679
1.06810112700448e-05,35.1491196860693,511737.787215289,5661510.46939679
0.00014966392409879,35.1491196860693,512237.787215289,5661510.46939679
0.000195301786560935,35.1491196860693,512737.787215289,5661510.46939679
0.000284122859996443,35.1491196860693,513237.787215289,5661510.46939679
0.000318365189005335,35.1491196860693,513737.787215289,5661510.46939679
0.000318828793116325,35.1491196860693,514237.787215289,5661510.46939679
0.000164475600600167,35.1491196860693,514737.787215289,5661510.46939679
0.000448664972943041,35.1491196860693,515237.787215289,5661510.46939679
4.22787443689096e-05,35.1491196860693,515737.787215289,5661510.46939679
2.194590668828e-05,35.1491196860693,516237.787215289,5661510.46939679
0.000121830981476538,35.1491196860693,516737.787215289,5661510.46939679
0.000206987812152193,35.1491196860693,517237.787215289,5661510.46939679
5.20641982383476e-05,35.1491196860693,517737.787215289,5661510.46939679
0.000239453264015925,35.1491196860693,518237.787215289,5661510.46939679
0.000267889059729933,35.1491196860693,518737.787215289,5661510.46939679
0.000185487573231494,35.1491196860693,519237.787215289,5661510.46939679
0.000447361127722962,35.1491196860693,519737.787215289,5661510.46939679
7.43572267456189e-05,35.1491196860693,520237.787215289,5661510.46939679
0.000452052013785934,35.1491196860693,520737.787215289,5661510.46939679
0.000257374814149918,35.1491196860693,521237.787215289,5661510.46939679
0.000415147111916389,35.1491196860693,521737.787215289,5661510.46939679
8.44481005208175e-05,35.1491196860693,522237.787215289,5661510.46939679
4.68595846434584e-05,35.1491196860693,522737.787215289,5661510.46939679
0.000538208590012513,35.1491196860693,523237.787215289,5661510.46939679
5.00261171405539e-05,35.1491196860693,523737.787215289,5661510.46939679
4.28518312016272e-05,35.1491196860693,524237.787215289,5661510.46939679
0.000403430762720288,35.1491196860693,524737.787215289,5661510.46939679
0.000492954409936962,35.1491196860693,525237.787215289,5661510.46939679
0.000541615826799006,35.1491196860693,525737.787215289,5661510.46939679
0.000532688941524359,35.1491196860693,526237.787215289,5661510.46939679
0.000287172455062765,35.1491196860693,526737.787215289,5661510.46939679
0.000339878689916617,35.1491196860693,527237.787215289,5661510.46939679
0.000359515528676903,35.1491196860693,527737.787215289,5661510.46939679
2.86103740019286e-05,35.1491196860693,479237.787215289,5662010.46939679
1.75744975421675e-05,35.1491196860693,479737.787215289,5662010.46939679
2.6357699876704e-05,35.1491196860693,480237.787215289,5662010.46939679
1.77889977944043e-05,35.1491196860693,480737.787215289,5662010.46939679
2.22703146974515e-05,35.1491196860693,481237.787215289,5662010.46939679
1.78972276894239e-05,35.1491196860693,481737.787215289,5662010.46939679
1.9278903405344e-05,35.1491196860693,482237.787215289,5662010.46939679
1.8616952732203e-05,35.1491196860693,482737.787215289,5662010.46939679
0.000126466178105887,35.1491196860693,483237.787215289,5662010.46939679
1.94834432517668e-05,35.1491196860693,483737.787215289,5662010.46939679
1.96019823084428e-05,35.1491196860693,484237.787215289,5662010.46939679
1.97212425676175e-05,35.1491196860693,484737.787215289,5662010.46939679
1.40292630797365e-05,35.1491196860693,485237.787215289,5662010.46939679
1.18536938056273e-05,35.1491196860693,485737.787215289,5662010.46939679
1.18536938056273e-05,35.1491196860693,486237.787215289,5662010.46939679
1.9424442810419e-05,35.1491196860693,486737.787215289,5662010.46939679
2.14067285188637e-05,35.1491196860693,487237.787215289,5662010.46939679
2.5998827601314e-05,35.1491196860693,487737.787215289,5662010.46939679
1.84483348653567e-05,35.1491196860693,488237.787215289,5662010.46939679
1.83924689752713e-05,35.1491196860693,488737.787215289,5662010.46939679
1.95142062715212e-05,35.1491196860693,489237.787215289,5662010.46939679
2.05168331918908e-05,35.1491196860693,489737.787215289,5662010.46939679
1.83367722602196e-05,35.1491196860693,490237.787215289,5662010.46939679
1.89887607416584e-05,35.1491196860693,490737.787215289,5662010.46939679
1.74682192929873e-05,35.1491196860693,491237.787215289,5662010.46939679
6.94311665364193e-05,35.1491196860693,491737.787215289,5662010.46939679
1.89037306596122e-05,35.1491196860693,492237.787215289,5662010.46939679
4.80862315162191e-05,35.1491196860693,492737.787215289,5662010.46939679
0.000181788804482273,35.1491196860693,493237.787215289,5662010.46939679
0.000371757230786259,35.1491196860693,493737.787215289,5662010.46939679
6.15878928035394e-07,35.1491196860693,494237.787215289,5662010.46939679
1.89910878264722e-05,35.1491196860693,494737.787215289,5662010.46939679
1.62419156840065e-05,35.1491196860693,495237.787215289,5662010.46939679
2.28532864008262e-05,35.1491196860693,495737.787215289,5662010.46939679
1.75744975421675e-05,35.1491196860693,496237.787215289,5662010.46939679
1.76022464676565e-05,35.1491196860693,496737.787215289,5662010.46939679
2.00883173398093e-05,35.1491196860693,497237.787215289,5662010.46939679
2.12489404099526e-05,35.1491196860693,497737.787215289,5662010.46939679
1.89405401726049e-05,35.1491196860693,498237.787215289,5662010.46939679
1.69279716992517e-05,35.1491196860693,498737.787215289,5662010.46939679
1.89405401726049e-05,35.1491196860693,499237.787215289,5662010.46939679
2.80639235072148e-05,35.1491196860693,499737.787215289,5662010.46939679
3.14004465527791e-05,35.1491196860693,500237.787215289,5662010.46939679
3.71635317002209e-05,35.1491196860693,500737.787215289,5662010.46939679
2.00348492435661e-05,35.1491196860693,501237.787215289,5662010.46939679
2.24167947401885e-05,35.1491196860693,501737.787215289,5662010.46939679
0.000439987743737634,35.1491196860693,502237.787215289,5662010.46939679
1.81729188799733e-05,35.1491196860693,502737.787215289,5662010.46939679
2.20365178942304e-05,35.1491196860693,503237.787215289,5662010.46939679
2.72948831755396e-05,35.1491196860693,503737.787215289,5662010.46939679
1.74682192929873e-05,35.1491196860693,504237.787215289,5662010.46939679
0.000390666328843339,35.1491196860693,504737.787215289,5662010.46939679
0.000685082956475958,35.1491196860693,505237.787215289,5662010.46939679
0.000416408093405867,35.1491196860693,505737.787215289,5662010.46939679
0.00038953103089002,35.1491196860693,506237.787215289,5662010.46939679
0.000113387568043687,35.1491196860693,506737.787215289,5662010.46939679
0.000416510161817865,35.1491196860693,507237.787215289,5662010.46939679
0.000566893766031872,35.1491196860693,507737.787215289,5662010.46939679
0.000322838825438335,35.1491196860693,508237.787215289,5662010.46939679
0.000133761056889374,35.1491196860693,508737.787215289,5662010.46939679
0.000187366524357207,35.1491196860693,509237.787215289,5662010.46939679
9.38261634767976e-05,35.1491196860693,509737.787215289,5662010.46939679
3.83683894054318e-05,35.1491196860693,510237.787215289,5662010.46939679
0.000347213931457633,35.1491196860693,510737.787215289,5662010.46939679
0.000349877975311133,35.1491196860693,511237.787215289,5662010.46939679
8.53453661856121e-05,35.1491196860693,511737.787215289,5662010.46939679
0.000305205278470215,35.1491196860693,512237.787215289,5662010.46939679
0.000407810904714067,35.1491196860693,512737.787215289,5662010.46939679
0.000197062695642602,35.1491196860693,513237.787215289,5662010.46939679
0.000291524638947393,35.1491196860693,513737.787215289,5662010.46939679
0.000328646449729378,35.1491196860693,514237.787215289,5662010.46939679
0.000541549459565228,35.1491196860693,514737.787215289,5662010.46939679
0.000393760260249667,35.1491196860693,515237.787215289,5662010.46939679
0.000148594887580635,35.1491196860693,515737.787215289,5662010.46939679
0.000153189323200224,35.1491196860693,516237.787215289,5662010.46939679
0.000196228352358499,35.1491196860693,516737.787215289,5662010.46939679
0.000244977347871397,35.1491196860693,517237.787215289,5662010.46939679
8.1599769193249e-05,35.1491196860693,517737.787215289,5662010.46939679
0.00025913116457951,35.1491196860693,518237.787215289,5662010.46939679
0.000320459193833062,35.1491196860693,518737.787215289,5662010.46939679
8.2464235441014e-05,35.1491196860693,519237.787215289,5662010.46939679
0.000392615971160604,35.1491196860693,519737.787215289,5662010.46939679
7.72349831350993e-05,35.1491196860693,520237.787215289,5662010.46939679
0.000526967531980323,35.1491196860693,520737.787215289,5662010.46939679
6.41665657877839e-05,35.1491196860693,521237.787215289,5662010.46939679
0.000548092009842449,35.1491196860693,521737.787215289,5662010.46939679
0.000568406666382325,35.1491196860693,522237.787215289,5662010.46939679
0.000581519563807255,35.1491196860693,522737.787215289,5662010.46939679
0.000530108685643395,35.1491196860693,523237.787215289,5662010.46939679
0.000548159178869962,35.1491196860693,523737.787215289,5662010.46939679
0.000129010114974185,35.1491196860693,524237.787215289,5662010.46939679
0.000436584081660108,35.1491196860693,524737.787215289,5662010.46939679
0.000423542003767608,35.1491196860693,525237.787215289,5662010.46939679
0.000527032112189519,35.1491196860693,525737.787215289,5662010.46939679
0.000362273958128131,35.1491196860693,526237.787215289,5662010.46939679
0.000479739752839552,35.1491196860693,526737.787215289,5662010.46939679
0.000405344750057548,35.1491196860693,527237.787215289,5662010.46939679
0.00042876395736696,35.1491196860693,527737.787215289,5662010.46939679
1.86192342517067e-05,35.1491196860693,479237.787215289,5662510.46939679
1.69978646388213e-05,35.1491196860693,479737.787215289,5662510.46939679
1.79799336448646e-05,35.1491196860693,480237.787215289,5662510.46939679
2.66406067554557e-05,35.1491196860693,480737.787215289,5662510.46939679
0.0001123584903913,35.1491196860693,481237.787215289,5662510.46939679
2.41736583850355e-05,35.1491196860693,481737.787215289,5662510.46939679
6.39644154785616e-05,35.1491196860693,482237.787215289,5662510.46939679
1.9278903405344e-05,35.1491196860693,482737.787215289,5662510.46939679
0.000124185688133286,35.1491196860693,483237.787215289,5662510.46939679
2.02374870180663e-05,35.1491196860693,483737.787215289,5662510.46939679
2.0422457743946e-05,35.1491196860693,484237.787215289,5662510.46939679
1.9424442810419e-05,35.1491196860693,484737.787215289,5662510.46939679
1.96019823084428e-05,35.1491196860693,485237.787215289,5662510.46939679
3.28936464734741e-05,35.1491196860693,485737.787215289,5662510.46939679
3.61407042355967e-05,35.1491196860693,486237.787215289,5662510.46939679
2.02374870180663e-05,35.1491196860693,486737.787215289,5662510.46939679
1.878711176714e-05,35.1491196860693,487237.787215289,5662510.46939679
1.18536938056273e-05,35.1491196860693,487737.787215289,5662510.46939679
2.94913698015127e-05,35.1491196860693,488237.787215289,5662510.46939679
4.36969346539398e-05,35.1491196860693,488737.787215289,5662510.46939679
9.06920687592171e-05,35.1491196860693,489237.787215289,5662510.46939679
1.18536938056273e-05,35.1491196860693,489737.787215289,5662510.46939679
2.60235031896713e-05,35.1491196860693,490237.787215289,5662510.46939679
1.74153214230097e-05,35.1491196860693,490737.787215289,5662510.46939679
6.14915729930663e-05,35.1491196860693,491237.787215289,5662510.46939679
0.000301377341248983,35.1491196860693,491737.787215289,5662510.46939679
0.000466650546461829,35.1491196860693,492237.787215289,5662510.46939679
0.000393235884834005,35.1491196860693,492737.787215289,5662510.46939679
0.000179118765764683,35.1491196860693,493237.787215289,5662510.46939679
0.000200414216121554,35.1491196860693,493737.787215289,5662510.46939679
0.000415955490076506,35.1491196860693,494237.787215289,5662510.46939679
0.000266105957119046,35.1491196860693,494737.787215289,5662510.46939679
1.85066381668059e-05,35.1491196860693,495237.787215289,5662510.46939679
1.95758781058138e-05,35.1491196860693,495737.787215289,5662510.46939679
2.11511973396266e-05,35.1491196860693,496237.787215289,5662510.46939679
2.12489404099526e-05,35.1491196860693,496737.787215289,5662510.46939679
1.14248076512883e-05,35.1491196860693,497237.787215289,5662510.46939679
1.79060025692614e-05,35.1491196860693,497737.787215289,5662510.46939679
1.69279716992517e-05,35.1491196860693,498237.787215289,5662510.46939679
2.50819300067914e-05,35.1491196860693,498737.787215289,5662510.46939679
1.20848875926658e-05,35.1491196860693,499237.787215289,5662510.46939679
1.14248076512883e-05,35.1491196860693,499737.787215289,5662510.46939679
2.81388192323986e-05,35.1491196860693,500237.787215289,5662510.46939679
2.00883173398093e-05,35.1491196860693,500737.787215289,5662510.46939679
2.15082879711995e-05,35.1491196860693,501237.787215289,5662510.46939679
0.000108331587141245,35.1491196860693,501737.787215289,5662510.46939679
9.65628750716317e-05,35.1491196860693,502237.787215289,5662510.46939679
0.000520740952986703,35.1491196860693,502737.787215289,5662510.46939679
0.000314945749462153,35.1491196860693,503237.787215289,5662510.46939679
5.6911744433106e-05,35.1491196860693,503737.787215289,5662510.46939679
0.000291913383615974,35.1491196860693,504237.787215289,5662510.46939679
0.000585057582197616,35.1491196860693,504737.787215289,5662510.46939679
0.000774760022306432,35.1491196860693,505237.787215289,5662510.46939679
0.000492833608385351,35.1491196860693,505737.787215289,5662510.46939679
0.000262897243756806,35.1491196860693,506237.787215289,5662510.46939679
0.000158828249594592,35.1491196860693,506737.787215289,5662510.46939679
6.90282112753142e-05,35.1491196860693,507237.787215289,5662510.46939679
7.09470118241209e-05,35.1491196860693,507737.787215289,5662510.46939679
0.000404166795800545,35.1491196860693,508237.787215289,5662510.46939679
0.000341491168608918,35.1491196860693,508737.787215289,5662510.46939679
0.000188619115791974,35.1491196860693,509237.787215289,5662510.46939679
0.000182962074125975,35.1491196860693,509737.787215289,5662510.46939679
0.000410939886692218,35.1491196860693,510237.787215289,5662510.46939679
0.000361221169974052,35.1491196860693,510737.787215289,5662510.46939679
1.26413520985291e-05,35.1491196860693,511237.787215289,5662510.46939679
6.09281002610379e-05,35.1491196860693,511737.787215289,5662510.46939679
0.000178316686916243,35.1491196860693,512237.787215289,5662510.46939679
0.000305612266110286,35.1491196860693,512737.787215289,5662510.46939679
0.00020561007575399,35.1491196860693,513237.787215289,5662510.46939679
0.000428658886085964,35.1491196860693,513737.787215289,5662510.46939679
0.000539058384439124,35.1491196860693,514237.787215289,5662510.46939679
0.000180974769423824,35.1491196860693,514737.787215289,5662510.46939679
0.000408354715746881,35.1491196860693,515237.787215289,5662510.46939679
0.000343484638531861,35.1491196860693,515737.787215289,5662510.46939679
0.000493014821816226,35.1491196860693,516237.787215289,5662510.46939679
4.96695485365219e-05,35.1491196860693,516737.787215289,5662510.46939679
0.000154402525422096,35.1491196860693,517237.787215289,5662510.46939679
1.43048618068187e-05,35.1491196860693,517737.787215289,5662510.46939679
7.71427669702256e-05,35.1491196860693,518237.787215289,5662510.46939679
0.000218946744598279,35.1491196860693,518737.787215289,5662510.46939679
0.000419808766728399,35.1491196860693,519237.787215289,5662510.46939679
0.000316018532388841,35.1491196860693,519737.787215289,5662510.46939679
0.00040652613749176,35.1491196860693,520237.787215289,5662510.46939679
0.000490686867338207,35.1491196860693,520737.787215289,5662510.46939679
0.0005357985369717,35.1491196860693,521237.787215289,5662510.46939679
0.000642810855769625,35.1491196860693,521737.787215289,5662510.46939679
0.000705151789776901,35.1491196860693,522237.787215289,5662510.46939679
0.000539843362482327,35.1491196860693,522737.787215289,5662510.46939679
0.000517401629494168,35.1491196860693,523237.787215289,5662510.46939679
0.000496675798547239,35.1491196860693,523737.787215289,5662510.46939679
0.000471717080409799,35.1491196860693,524237.787215289,5662510.46939679
0.0004306925626317,35.1491196860693,524737.787215289,5662510.46939679
0.000385536159002725,35.1491196860693,525237.787215289,5662510.46939679
0.00042876395736696,35.1491196860693,525737.787215289,5662510.46939679
0.000404166795800545,35.1491196860693,526237.787215289,5662510.46939679
0.000382091092337595,35.1491196860693,526737.787215289,5662510.46939679
0.000341491168608918,35.1491196860693,527237.787215289,5662510.46939679
1.71803089663957e-05,35.1491196860693,479237.787215289,5663010.46939679
3.24537372526682e-05,35.1491196860693,479737.787215289,5663010.46939679
0.000109333091064431,35.1491196860693,480237.787215289,5663010.46939679
1.65401748989769e-05,35.1491196860693,480737.787215289,5663010.46939679
1.65401748989769e-05,35.1491196860693,481237.787215289,5663010.46939679
2.36658655878778e-05,35.1491196860693,481737.787215289,5663010.46939679
2.28532864008262e-05,35.1491196860693,482237.787215289,5663010.46939679
1.90464378279636e-05,35.1491196860693,482737.787215289,5663010.46939679
1.85605762276212e-05,35.1491196860693,483237.787215289,5663010.46939679
0.000124941245256006,35.1491196860693,483737.787215289,5663010.46939679
2.14067285188637e-05,35.1491196860693,484237.787215289,5663010.46939679
1.92485113269756e-05,35.1491196860693,484737.787215289,5663010.46939679
2.1799832027547e-05,35.1491196860693,485237.787215289,5663010.46939679
2.9132191838816e-05,35.1491196860693,485737.787215289,5663010.46939679
3.03515709510918e-05,35.1491196860693,486237.787215289,5663010.46939679
2.66373423320599e-05,35.1491196860693,486737.787215289,5663010.46939679
0.000132950119659402,35.1491196860693,487237.787215289,5663010.46939679
1.18536938056273e-05,35.1491196860693,487737.787215289,5663010.46939679
1.74682192929873e-05,35.1491196860693,488237.787215289,5663010.46939679
2.5804029020028e-05,35.1491196860693,488737.787215289,5663010.46939679
1.8477463520008e-05,35.1491196860693,489237.787215289,5663010.46939679
1.83657247651739e-05,35.1491196860693,489737.787215289,5663010.46939679
1.83657247651739e-05,35.1491196860693,490237.787215289,5663010.46939679
2.25093501690346e-05,35.1491196860693,490737.787215289,5663010.46939679
1.85628508381481e-05,35.1491196860693,491237.787215289,5663010.46939679
0.000584206858843488,35.1491196860693,491737.787215289,5663010.46939679
4.15819081948857e-05,35.1491196860693,492237.787215289,5663010.46939679
0.000237197266016241,35.1491196860693,492737.787215289,5663010.46939679
2.23489114217121e-05,35.1491196860693,493237.787215289,5663010.46939679
4.39843454490964e-05,35.1491196860693,493737.787215289,5663010.46939679
4.65255859716267e-05,35.1491196860693,494237.787215289,5663010.46939679
0.000439987743737634,35.1491196860693,494737.787215289,5663010.46939679
0.000466650546461829,35.1491196860693,495237.787215289,5663010.46939679
0.000441161963056283,35.1491196860693,495737.787215289,5663010.46939679
0.000132162325068058,35.1491196860693,496237.787215289,5663010.46939679
1.89910878264722e-05,35.1491196860693,496737.787215289,5663010.46939679
1.79060025692614e-05,35.1491196860693,497237.787215289,5663010.46939679
2.65310641536277e-05,35.1491196860693,497737.787215289,5663010.46939679
2.00883173398093e-05,35.1491196860693,498237.787215289,5663010.46939679
2.97645682792336e-05,35.1491196860693,498737.787215289,5663010.46939679
2.24766196644523e-05,35.1491196860693,499237.787215289,5663010.46939679
3.94156033280348e-05,35.1491196860693,499737.787215289,5663010.46939679
1.71803089663957e-05,35.1491196860693,500237.787215289,5663010.46939679
1.74958004124147e-05,35.1491196860693,500737.787215289,5663010.46939679
2.75878491870355e-05,35.1491196860693,501237.787215289,5663010.46939679
0.000115989155945558,35.1491196860693,501737.787215289,5663010.46939679
0.000314945749462153,35.1491196860693,502237.787215289,5663010.46939679
0.000314107473694264,35.1491196860693,502737.787215289,5663010.46939679
0.000415955490076506,35.1491196860693,503237.787215289,5663010.46939679
0.000522130682804661,35.1491196860693,503737.787215289,5663010.46939679
0.000446546432918128,35.1491196860693,504237.787215289,5663010.46939679
0.000538208590012513,35.1491196860693,504737.787215289,5663010.46939679
0.000384227385729613,35.1491196860693,505237.787215289,5663010.46939679
0.000616985829054115,35.1491196860693,505737.787215289,5663010.46939679
0.000517401629494168,35.1491196860693,506237.787215289,5663010.46939679
0.000134605788408482,35.1491196860693,506737.787215289,5663010.46939679
0.000355136957724889,35.1491196860693,507237.787215289,5663010.46939679
0.000169335248665416,35.1491196860693,507737.787215289,5663010.46939679
0.000159369257799122,35.1491196860693,508237.787215289,5663010.46939679
0.000295621114601616,35.1491196860693,508737.787215289,5663010.46939679
0.000209437130335311,35.1491196860693,509237.787215289,5663010.46939679
0.000266591450059576,35.1491196860693,509737.787215289,5663010.46939679
0.000548360735346182,35.1491196860693,510237.787215289,5663010.46939679
3.88747752798674e-05,35.1491196860693,510737.787215289,5663010.46939679
8.06837784069362e-05,35.1491196860693,511237.787215289,5663010.46939679
6.44482835390485e-05,35.1491196860693,511737.787215289,5663010.46939679
0.000486361793622956,35.1491196860693,512237.787215289,5663010.46939679
0.000347171385381577,35.1491196860693,512737.787215289,5663010.46939679
0.000388399032175329,35.1491196860693,513237.787215289,5663010.46939679
0.00034763433433038,35.1491196860693,513737.787215289,5663010.46939679
0.000490626740716301,35.1491196860693,514237.787215289,5663010.46939679
0.000449972618252696,35.1491196860693,514737.787215289,5663010.46939679
8.1816281054332e-05,35.1491196860693,515237.787215289,5663010.46939679
0.000459015480979489,35.1491196860693,515737.787215289,5663010.46939679
0.000182120466284206,35.1491196860693,516237.787215289,5663010.46939679
0.000387929331536544,35.1491196860693,516737.787215289,5663010.46939679
0.000253256884338452,35.1491196860693,517237.787215289,5663010.46939679
7.96620659106418e-05,35.1491196860693,517737.787215289,5663010.46939679
8.6314279276001e-05,35.1491196860693,518237.787215289,5663010.46939679
0.000244977347871397,35.1491196860693,518737.787215289,5663010.46939679
0.000141367920990658,35.1491196860693,519237.787215289,5663010.46939679
0.000279033631659834,35.1491196860693,519737.787215289,5663010.46939679
0.000404067752207347,35.1491196860693,520237.787215289,5663010.46939679
0.000278120480435666,35.1491196860693,520737.787215289,5663010.46939679
0.000451339379880325,35.1491196860693,521237.787215289,5663010.46939679
0.000571033364619493,35.1491196860693,521737.787215289,5663010.46939679
0.000700887525752058,35.1491196860693,522237.787215289,5663010.46939679
0.000341323820036364,35.1491196860693,522737.787215289,5663010.46939679
0.000261307425401332,35.1491196860693,523237.787215289,5663010.46939679
0.000167252403026695,35.1491196860693,523737.787215289,5663010.46939679
0.000512032618807928,35.1491196860693,524237.787215289,5663010.46939679
0.000395004682758235,35.1491196860693,524737.787215289,5663010.46939679
0.00043468235874048,35.1491196860693,525237.787215289,5663010.46939679
0.000362845963845313,35.1491196860693,525737.787215289,5663010.46939679
0.000158310910311667,35.1491196860693,526237.787215289,5663010.46939679
8.53453661856121e-05,35.1491196860693,526737.787215289,5663010.46939679
0.000119547983576538,35.1491196860693,527237.787215289,5663010.46939679
2.80639235072148e-05,35.1491196860693,479237.787215289,5663510.46939679
1.60033611489919e-05,35.1491196860693,479737.787215289,5663510.46939679
1.27831043274413e-05,35.1491196860693,480237.787215289,5663510.46939679
2.9685345376963e-05,35.1491196860693,480737.787215289,5663510.46939679
2.50819300067914e-05,35.1491196860693,481237.787215289,5663510.46939679
7.83547327773844e-05,35.1491196860693,481737.787215289,5663510.46939679
0.000107361551941638,35.1491196860693,482237.787215289,5663510.46939679
2.16050335038033e-05,35.1491196860693,482737.787215289,5663510.46939679
1.25385530830125e-05,35.1491196860693,483237.787215289,5663510.46939679
3.19613997520136e-05,35.1491196860693,483737.787215289,5663510.46939679
2.44301292158496e-05,35.1491196860693,484237.787215289,5663510.46939679
1.85605762276212e-05,35.1491196860693,484737.787215289,5663510.46939679
1.89014142791634e-05,35.1491196860693,485237.787215289,5663510.46939679
1.91902223146636e-05,35.1491196860693,485737.787215289,5663510.46939679
1.91902223146636e-05,35.1491196860693,486237.787215289,5663510.46939679
5.44532146642449e-05,35.1491196860693,486737.787215289,5663510.46939679
3.38080022961075e-05,35.1491196860693,487237.787215289,5663510.46939679
0.000200024726190168,35.1491196860693,487737.787215289,5663510.46939679
1.18536938056273e-05,35.1491196860693,488237.787215289,5663510.46939679
1.18536938056273e-05,35.1491196860693,488737.787215289,5663510.46939679
1.62419156840065e-05,35.1491196860693,489237.787215289,5663510.46939679
1.62419156840065e-05,35.1491196860693,489737.787215289,5663510.46939679
1.68705065914775e-05,35.1491196860693,490237.787215289,5663510.46939679
1.692174962297e-05,35.1491196860693,490737.787215289,5663510.46939679
6.14247364183094e-05,35.1491196860693,491237.787215289,5663510.46939679
2.6450721861238e-05,35.1491196860693,491737.787215289,5663510.46939679
2.37752293429097e-05,35.1491196860693,492237.787215289,5663510.46939679
2.6450721861238e-05,35.1491196860693,492737.787215289,5663510.46939679
3.13889049471335e-05,35.1491196860693,493237.787215289,5663510.46939679
0.000260105436522595,35.1491196860693,493737.787215289,5663510.46939679
1.95758781058138e-05,35.1491196860693,494237.787215289,5663510.46939679
2.80639235072148e-05,35.1491196860693,494737.787215289,5663510.46939679
6.89362855513801e-05,35.1491196860693,495237.787215289,5663510.46939679
4.39843454490964e-05,35.1491196860693,495737.787215289,5663510.46939679
2.37119479724889e-05,35.1491196860693,496237.787215289,5663510.46939679
1.27831043274413e-05,35.1491196860693,496737.787215289,5663510.46939679
3.72627120467026e-05,35.1491196860693,497237.787215289,5663510.46939679
4.46399992819907e-05,35.1491196860693,497737.787215289,5663510.46939679
2.017867576177e-05,35.1491196860693,498237.787215289,5663510.46939679
3.41708760085772e-05,35.1491196860693,498737.787215289,5663510.46939679
0.000452654819816034,35.1491196860693,499237.787215289,5663510.46939679
3.41708760085772e-05,35.1491196860693,499737.787215289,5663510.46939679
2.06742512514965e-05,35.1491196860693,500237.787215289,5663510.46939679
1.77889977944043e-05,35.1491196860693,500737.787215289,5663510.46939679
2.10539038779687e-05,35.1491196860693,501237.787215289,5663510.46939679
2.31322153252894e-05,35.1491196860693,501737.787215289,5663510.46939679
0.00035076872683749,35.1491196860693,502237.787215289,5663510.46939679
0.000203401696044807,35.1491196860693,502737.787215289,5663510.46939679
0.000212559110572886,35.1491196860693,503237.787215289,5663510.46939679
0.000237197266016241,35.1491196860693,503737.787215289,5663510.46939679
0.000314107473694264,35.1491196860693,504237.787215289,5663510.46939679
0.000237197266016241,35.1491196860693,504737.787215289,5663510.46939679
0.000314107473694264,35.1491196860693,505237.787215289,5663510.46939679
0.000314107473694264,35.1491196860693,505737.787215289,5663510.46939679
0.00035145174683182,35.1491196860693,506237.787215289,5663510.46939679
0.000332255354091968,35.1491196860693,506737.787215289,5663510.46939679
6.51709663478192e-05,35.1491196860693,507237.787215289,5663510.46939679
0.000268995131632444,35.1491196860693,507737.787215289,5663510.46939679
0.000184343282945776,35.1491196860693,508237.787215289,5663510.46939679
0.000404705747457091,35.1491196860693,508737.787215289,5663510.46939679
0.000286754881952668,35.1491196860693,509237.787215289,5663510.46939679
0.000382091092337595,35.1491196860693,509737.787215289,5663510.46939679
0.000106845151418294,35.1491196860693,510237.787215289,5663510.46939679
9.54920864415029e-05,35.1491196860693,510737.787215289,5663510.46939679
0.00021788620329297,35.1491196860693,511237.787215289,5663510.46939679
0.000159369257799122,35.1491196860693,511737.787215289,5663510.46939679
0.000179924452410522,35.1491196860693,512237.787215289,5663510.46939679
0.000470288610319791,35.1491196860693,512737.787215289,5663510.46939679
0.000290183653809468,35.1491196860693,513237.787215289,5663510.46939679
0.000194946120095912,35.1491196860693,513737.787215289,5663510.46939679
0.000132563759260261,35.1491196860693,514237.787215289,5663510.46939679
0.000552297316766175,35.1491196860693,514737.787215289,5663510.46939679
0.000148793037111097,35.1491196860693,515237.787215289,5663510.46939679
0.000100275450238279,35.1491196860693,515737.787215289,5663510.46939679
0.000290219216002451,35.1491196860693,516237.787215289,5663510.46939679
0.000198285940258288,35.1491196860693,516737.787215289,5663510.46939679
0.000292943608650138,35.1491196860693,517237.787215289,5663510.46939679
0.000251359334090165,35.1491196860693,517737.787215289,5663510.46939679
1.20865544274209e-05,35.1491196860693,518237.787215289,5663510.46939679
8.6314279276001e-05,35.1491196860693,518737.787215289,5663510.46939679
0.000108885564389015,35.1491196860693,519237.787215289,5663510.46939679
0.000335821572905233,35.1491196860693,519737.787215289,5663510.46939679
0.000294225228581398,35.1491196860693,520237.787215289,5663510.46939679
0.00026981218629093,35.1491196860693,520737.787215289,5663510.46939679
0.000617061441063381,35.1491196860693,521237.787215289,5663510.46939679
0.00065366327848513,35.1491196860693,521737.787215289,5663510.46939679
0.000481020060515676,35.1491196860693,522237.787215289,5663510.46939679
0.000499636388923847,35.1491196860693,522737.787215289,5663510.46939679
0.000448609995500222,35.1491196860693,523237.787215289,5663510.46939679
0.000393760260249667,35.1491196860693,523737.787215289,5663510.46939679
0.000288919638632248,35.1491196860693,524237.787215289,5663510.46939679
0.00027947420661427,35.1491196860693,524737.787215289,5663510.46939679
0.000126454990538892,35.1491196860693,525237.787215289,5663510.46939679
0.000141489238692083,35.1491196860693,525737.787215289,5663510.46939679
0.000113018239266885,35.1491196860693,526237.787215289,5663510.46939679
0.000106845151418294,35.1491196860693,526737.787215289,5663510.46939679
1.60033611489919e-05,35.1491196860693,479237.787215289,5664010.46939679
4.65255859716267e-05,35.1491196860693,479737.787215289,5664010.46939679
2.95954511803278e-05,35.1491196860693,480237.787215289,5664010.46939679
2.95954511803278e-05,35.1491196860693,480737.787215289,5664010.46939679
1.27831043274413e-05,35.1491196860693,481237.787215289,5664010.46939679
1.69279716992517e-05,35.1491196860693,481737.787215289,5664010.46939679
1.4839818095969e-05,35.1491196860693,482237.787215289,5664010.46939679
2.11511973396266e-05,35.1491196860693,482737.787215289,5664010.46939679
2.89595693302888e-05,35.1491196860693,483237.787215289,5664010.46939679
2.01468652442199e-05,35.1491196860693,483737.787215289,5664010.46939679
2.0269440621178e-05,35.1491196860693,484237.787215289,5664010.46939679
1.93961980228244e-05,35.1491196860693,484737.787215289,5664010.46939679
1.86735004766338e-05,35.1491196860693,485237.787215289,5664010.46939679
1.89588260564511e-05,35.1491196860693,485737.787215289,5664010.46939679
1.91321098151686e-05,35.1491196860693,486237.787215289,5664010.46939679
1.86735004766338e-05,35.1491196860693,486737.787215289,5664010.46939679
1.91623181035385e-05,35.1491196860693,487237.787215289,5664010.46939679
0.000386565060403689,35.1491196860693,487737.787215289,5664010.46939679
0.000219951561910724,35.1491196860693,488237.787215289,5664010.46939679
1.35216612478398e-05,35.1491196860693,488737.787215289,5664010.46939679
1.60460701928049e-05,35.1491196860693,489237.787215289,5664010.46939679
1.89910878264722e-05,35.1491196860693,489737.787215289,5664010.46939679
1.13902106509003e-05,35.1491196860693,490237.787215289,5664010.46939679
1.50834381546152e-05,35.1491196860693,490737.787215289,5664010.46939679
2.36401426258919e-05,35.1491196860693,491237.787215289,5664010.46939679
1.78517789887212e-05,35.1491196860693,491737.787215289,5664010.46939679
3.72627120467026e-05,35.1491196860693,492237.787215289,5664010.46939679
2.6450721861238e-05,35.1491196860693,492737.787215289,5664010.46939679
3.51207354128279e-05,35.1491196860693,493237.787215289,5664010.46939679
7.14650844640774e-05,35.1491196860693,493737.787215289,5664010.46939679
1.84505957206326e-05,35.1491196860693,494237.787215289,5664010.46939679
2.00883173398093e-05,35.1491196860693,494737.787215289,5664010.46939679
2.24766196644523e-05,35.1491196860693,495237.787215289,5664010.46939679
3.93106927356453e-05,35.1491196860693,495737.787215289,5664010.46939679
2.9685345376963e-05,35.1491196860693,496237.787215289,5664010.46939679
1.35216612478398e-05,35.1491196860693,496737.787215289,5664010.46939679
2.24167947401885e-05,35.1491196860693,497237.787215289,5664010.46939679
2.81388192323986e-05,35.1491196860693,497737.787215289,5664010.46939679
2.91817653762553e-05,35.1491196860693,498237.787215289,5664010.46939679
7.86340170550948e-05,35.1491196860693,498737.787215289,5664010.46939679
0.000249262092173048,35.1491196860693,499237.787215289,5664010.46939679
2.10539038779687e-05,35.1491196860693,499737.787215289,5664010.46939679
2.10539038779687e-05,35.1491196860693,500237.787215289,5664010.46939679
1.80608084341078e-05,35.1491196860693,500737.787215289,5664010.46939679
1.91042901045474e-05,35.1491196860693,501237.787215289,5664010.46939679
1.88167753272691e-05,35.1491196860693,501737.787215289,5664010.46939679
2.16050335038033e-05,35.1491196860693,502237.787215289,5664010.46939679
0.000345489745424363,35.1491196860693,502737.787215289,5664010.46939679
0.000203401696044807,35.1491196860693,503237.787215289,5664010.46939679
0.000251571175291042,35.1491196860693,503737.787215289,5664010.46939679
0.00035145174683182,35.1491196860693,504237.787215289,5664010.46939679
0.000224241484984241,35.1491196860693,504737.787215289,5664010.46939679
0.000280731297880861,35.1491196860693,505237.787215289,5664010.46939679
0.000332255354091968,35.1491196860693,505737.787215289,5664010.46939679
0.00035145174683182,35.1491196860693,506237.787215289,5664010.46939679
0.000296950835601231,35.1491196860693,506737.787215289,5664010.46939679
0.00015361697146403,35.1491196860693,507237.787215289,5664010.46939679
0.000408354715746881,35.1491196860693,507737.787215289,5664010.46939679
0.000400408021024772,35.1491196860693,508237.787215289,5664010.46939679
0.000382600606303875,35.1491196860693,508737.787215289,5664010.46939679
0.000277346231734799,35.1491196860693,509237.787215289,5664010.46939679
0.00014966392409879,35.1491196860693,509737.787215289,5664010.46939679
0.000141489238692083,35.1491196860693,510237.787215289,5664010.46939679
0.000124248899117176,35.1491196860693,510737.787215289,5664010.46939679
0.000244887303548732,35.1491196860693,511237.787215289,5664010.46939679
0.00032824900937916,35.1491196860693,511737.787215289,5664010.46939679
0.000274800568461583,35.1491196860693,512237.787215289,5664010.46939679
0.000257406355598548,35.1491196860693,512737.787215289,5664010.46939679
0.000369956501117867,35.1491196860693,513237.787215289,5664010.46939679
0.000366027790335643,35.1491196860693,513737.787215289,5664010.46939679
0.000187386605236276,35.1491196860693,514237.787215289,5664010.46939679
0.000589546512262299,35.1491196860693,514737.787215289,5664010.46939679
0.000250444660613941,35.1491196860693,515237.787215289,5664010.46939679
0.000441216027737946,35.1491196860693,515737.787215289,5664010.46939679
0.000467444634269025,35.1491196860693,516237.787215289,5664010.46939679
0.000194403417235673,35.1491196860693,516737.787215289,5664010.46939679
5.13545305380314e-05,35.1491196860693,517237.787215289,5664010.46939679
0.000128106273738932,35.1491196860693,517737.787215289,5664010.46939679
8.6314279276001e-05,35.1491196860693,518237.787215289,5664010.46939679
8.1599769193249e-05,35.1491196860693,518737.787215289,5664010.46939679
0.000259476712931982,35.1491196860693,519237.787215289,5664010.46939679
0.000461921369999817,35.1491196860693,519737.787215289,5664010.46939679
0.000208145092979191,35.1491196860693,520237.787215289,5664010.46939679
0.000335739277735023,35.1491196860693,520737.787215289,5664010.46939679
0.000392519758169001,35.1491196860693,521237.787215289,5664010.46939679
0.000509614864665254,35.1491196860693,521737.787215289,5664010.46939679
0.000122690548003422,35.1491196860693,522237.787215289,5664010.46939679
0.000528503392060985,35.1491196860693,522737.787215289,5664010.46939679
0.000358338996503466,35.1491196860693,523237.787215289,5664010.46939679
0.000549891556891126,35.1491196860693,523737.787215289,5664010.46939679
0.0004760869143358,35.1491196860693,524237.787215289,5664010.46939679
0.000272775024857989,35.1491196860693,524737.787215289,5664010.46939679
2.48037957294821e-05,35.1491196860693,525237.787215289,5664010.46939679
4.8667917624212e-05,35.1491196860693,525737.787215289,5664010.46939679
0.000257875976684236,35.1491196860693,526237.787215289,5664010.46939679
0.000289832727477866,35.1491196860693,526737.787215289,5664010.46939679
1.65401748989769e-05,35.1491196860693,479237.787215289,5664510.46939679
1.85066381668059e-05,35.1491196860693,479737.787215289,5664510.46939679
4.28465803257139e-05,35.1491196860693,480237.787215289,5664510.46939679
1.9516597750022e-05,35.1491196860693,480737.787215289,5664510.46939679
1.81178870141659e-05,35.1491196860693,481237.787215289,5664510.46939679
1.20482917152127e-05,35.1491196860693,481737.787215289,5664510.46939679
1.35216612478398e-05,35.1491196860693,482237.787215289,5664510.46939679
1.60460701928049e-05,35.1491196860693,482737.787215289,5664510.46939679
2.20365178942304e-05,35.1491196860693,483237.787215289,5664510.46939679
1.72575869972402e-05,35.1491196860693,483737.787215289,5664510.46939679
1.95450178639726e-05,35.1491196860693,484237.787215289,5664510.46939679
1.77889977944043e-05,35.1491196860693,484737.787215289,5664510.46939679
1.25385530830125e-05,35.1491196860693,485237.787215289,5664510.46939679
1.84483348653567e-05,35.1491196860693,485737.787215289,5664510.46939679
1.86735004766338e-05,35.1491196860693,486237.787215289,5664510.46939679
2.08935950641075e-05,35.1491196860693,486737.787215289,5664510.46939679
2.53756184913878e-05,35.1491196860693,487237.787215289,5664510.46939679
0.000246645304709288,35.1491196860693,487737.787215289,5664510.46939679
0.00022483993048064,35.1491196860693,488237.787215289,5664510.46939679
0.000179118765764683,35.1491196860693,488737.787215289,5664510.46939679
1.69279716992517e-05,35.1491196860693,489237.787215289,5664510.46939679
2.65310641536277e-05,35.1491196860693,489737.787215289,5664510.46939679
1.20848875926658e-05,35.1491196860693,490237.787215289,5664510.46939679
1.35216612478398e-05,35.1491196860693,490737.787215289,5664510.46939679
2.65213123470952e-05,35.1491196860693,491237.787215289,5664510.46939679
1.692174962297e-05,35.1491196860693,491737.787215289,5664510.46939679
2.23489114217121e-05,35.1491196860693,492237.787215289,5664510.46939679
2.11282076271606e-05,35.1491196860693,492737.787215289,5664510.46939679
1.71282829564953e-05,35.1491196860693,493237.787215289,5664510.46939679
1.8933578352969e-05,35.1491196860693,493737.787215289,5664510.46939679
1.88831837692674e-05,35.1491196860693,494237.787215289,5664510.46939679
1.51292530856715e-05,35.1491196860693,494737.787215289,5664510.46939679
1.20848875926658e-05,35.1491196860693,495237.787215289,5664510.46939679
3.14004465527791e-05,35.1491196860693,495737.787215289,5664510.46939679
1.69731483017315e-05,35.1491196860693,496237.787215289,5664510.46939679
3.5227412289485e-05,35.1491196860693,496737.787215289,5664510.46939679
2.37119479724889e-05,35.1491196860693,497237.787215289,5664510.46939679
2.80639235072148e-05,35.1491196860693,497737.787215289,5664510.46939679
0.000441161963056283,35.1491196860693,498237.787215289,5664510.46939679
0.000481020060515676,35.1491196860693,498737.787215289,5664510.46939679
4.43001010200276e-05,35.1491196860693,499237.787215289,5664510.46939679
2.31322153252894e-05,35.1491196860693,499737.787215289,5664510.46939679
2.39169489825622e-05,35.1491196860693,500237.787215289,5664510.46939679
2.17022142034502e-05,35.1491196860693,500737.787215289,5664510.46939679
2.0767245238335e-05,35.1491196860693,501237.787215289,5664510.46939679
2.15709744156075e-05,35.1491196860693,501737.787215289,5664510.46939679
3.13850586880518e-05,35.1491196860693,502237.787215289,5664510.46939679
4.80104263479501e-05,35.1491196860693,502737.787215289,5664510.46939679
0.000121756356589972,35.1491196860693,503237.787215289,5664510.46939679
6.40654109007525e-05,35.1491196860693,503737.787215289,5664510.46939679
0.000384227385729613,35.1491196860693,504237.787215289,5664510.46939679
0.000343400465479642,35.1491196860693,504737.787215289,5664510.46939679
0.000441161963056283,35.1491196860693,505237.787215289,5664510.46939679
0.00021199335233693,35.1491196860693,505737.787215289,5664510.46939679
0.000285365889403965,35.1491196860693,506237.787215289,5664510.46939679
0.000139391877384878,35.1491196860693,506737.787215289,5664510.46939679
0.000203130823486865,35.1491196860693,507237.787215289,5664510.46939679
0.000231118202330122,35.1491196860693,507737.787215289,5664510.46939679
0.000344570172189487,35.1491196860693,508237.787215289,5664510.46939679
0.000401673452822431,35.1491196860693,508737.787215289,5664510.46939679
0.000370092533007132,35.1491196860693,509237.787215289,5664510.46939679
6.81718490045502e-05,35.1491196860693,509737.787215289,5664510.46939679
0.000230474801428395,35.1491196860693,510237.787215289,5664510.46939679
0.000182962074125975,35.1491196860693,510737.787215289,5664510.46939679
7.74790731593218e-05,35.1491196860693,511237.787215289,5664510.46939679
0.000305612266110286,35.1491196860693,511737.787215289,5664510.46939679
0.000484065253914006,35.1491196860693,512237.787215289,5664510.46939679
0.000443900426539663,35.1491196860693,512737.787215289,5664510.46939679
9.39282562126404e-05,35.1491196860693,513237.787215289,5664510.46939679
0.000115989155945558,35.1491196860693,513737.787215289,5664510.46939679
0.000152428619589055,35.1491196860693,514237.787215289,5664510.46939679
0.000538208590012513,35.1491196860693,514737.787215289,5664510.46939679
0.00048032061654343,35.1491196860693,515237.787215289,5664510.46939679
3.67598673799011e-05,35.1491196860693,515737.787215289,5664510.46939679
0.000350301603779363,35.1491196860693,516237.787215289,5664510.46939679
0.000134019457106714,35.1491196860693,516737.787215289,5664510.46939679
6.96762040370335e-05,35.1491196860693,517237.787215289,5664510.46939679
3.35264372745697e-05,35.1491196860693,517737.787215289,5664510.46939679
6.36321638932322e-05,35.1491196860693,518237.787215289,5664510.46939679
8.1599769193249e-05,35.1491196860693,518737.787215289,5664510.46939679
0.000303396787674989,35.1491196860693,519237.787215289,5664510.46939679
0.000292943608650138,35.1491196860693,519737.787215289,5664510.46939679
4.81739617053157e-05,35.1491196860693,520237.787215289,5664510.46939679
0.000252764698662141,35.1491196860693,520737.787215289,5664510.46939679
0.000391949001143724,35.1491196860693,521237.787215289,5664510.46939679
0.000511969876571027,35.1491196860693,521737.787215289,5664510.46939679
0.000534176013183353,35.1491196860693,522237.787215289,5664510.46939679
0.000487659773900936,35.1491196860693,522737.787215289,5664510.46939679
0.000565038578421167,35.1491196860693,523237.787215289,5664510.46939679
0.000588761405869837,35.1491196860693,523737.787215289,5664510.46939679
0.000459740234921925,35.1491196860693,524237.787215289,5664510.46939679
0.000176958946483073,35.1491196860693,524737.787215289,5664510.46939679
0.000194734228770074,35.1491196860693,525237.787215289,5664510.46939679
0.000113018239266885,35.1491196860693,525737.787215289,5664510.46939679
0.000305205278470215,35.1491196860693,526237.787215289,5664510.46939679
1.69978646388213e-05,35.1491196860693,479237.787215289,5665010.46939679
0.0001123584903913,35.1491196860693,479737.787215289,5665010.46939679
8.66587048017265e-05,35.1491196860693,480237.787215289,5665010.46939679
1.79254861836667e-05,35.1491196860693,480737.787215289,5665010.46939679
0.000307843922517457,35.1491196860693,481237.787215289,5665010.46939679
2.11204417044684e-05,35.1491196860693,481737.787215289,5665010.46939679
1.34807144823697e-05,35.1491196860693,482237.787215289,5665010.46939679
3.93106927356453e-05,35.1491196860693,482737.787215289,5665010.46939679
1.92228778460307e-05,35.1491196860693,483237.787215289,5665010.46939679
2.23732293883177e-05,35.1491196860693,483737.787215289,5665010.46939679
3.7430321896824e-05,35.1491196860693,484237.787215289,5665010.46939679
2.44687027132524e-05,35.1491196860693,484737.787215289,5665010.46939679
1.78972276894239e-05,35.1491196860693,485237.787215289,5665010.46939679
1.91623181035385e-05,35.1491196860693,485737.787215289,5665010.46939679
2.06416594877933e-05,35.1491196860693,486237.787215289,5665010.46939679
2.33776369486346e-05,35.1491196860693,486737.787215289,5665010.46939679
3.7827439519718e-05,35.1491196860693,487237.787215289,5665010.46939679
0.00035076872683749,35.1491196860693,487737.787215289,5665010.46939679
0.000394285334913763,35.1491196860693,488237.787215289,5665010.46939679
0.000224241484984241,35.1491196860693,488737.787215289,5665010.46939679
0.000371757230786259,35.1491196860693,489237.787215289,5665010.46939679
1.69279716992517e-05,35.1491196860693,489737.787215289,5665010.46939679
2.00883173398093e-05,35.1491196860693,490237.787215289,5665010.46939679
2.81388192323986e-05,35.1491196860693,490737.787215289,5665010.46939679
1.69279716992517e-05,35.1491196860693,491237.787215289,5665010.46939679
2.9685345376963e-05,35.1491196860693,491737.787215289,5665010.46939679
1.42595765426204e-05,35.1491196860693,492237.787215289,5665010.46939679
1.27443940857572e-05,35.1491196860693,492737.787215289,5665010.46939679
2.05816736839515e-05,35.1491196860693,493237.787215289,5665010.46939679
2.63706228641758e-05,35.1491196860693,493737.787215289,5665010.46939679
1.99136925109149e-05,35.1491196860693,494237.787215289,5665010.46939679
1.14248076512883e-05,35.1491196860693,494737.787215289,5665010.46939679
1.14248076512883e-05,35.1491196860693,495237.787215289,5665010.46939679
1.14248076512883e-05,35.1491196860693,495737.787215289,5665010.46939679
1.71803089663957e-05,35.1491196860693,496237.787215289,5665010.46939679
1.81729188799733e-05,35.1491196860693,496737.787215289,5665010.46939679
2.37752293429097e-05,35.1491196860693,497237.787215289,5665010.46939679
2.37119479724889e-05,35.1491196860693,497737.787215289,5665010.46939679
3.14004465527791e-05,35.1491196860693,498237.787215289,5665010.46939679
0.000108331587141245,35.1491196860693,498737.787215289,5665010.46939679
0.000386565060403689,35.1491196860693,499237.787215289,5665010.46939679
2.55703162104192e-05,35.1491196860693,499737.787215289,5665010.46939679
2.10539038779687e-05,35.1491196860693,500237.787215289,5665010.46939679
2.67604377570164e-05,35.1491196860693,500737.787215289,5665010.46939679
2.30258093725353e-05,35.1491196860693,501237.787215289,5665010.46939679
2.27481634941419e-05,35.1491196860693,501737.787215289,5665010.46939679
1.89887607416584e-05,35.1491196860693,502237.787215289,5665010.46939679
2.93130266573683e-05,35.1491196860693,502737.787215289,5665010.46939679
6.35776035045302e-05,35.1491196860693,503237.787215289,5665010.46939679
8.69219248013856e-05,35.1491196860693,503737.787215289,5665010.46939679
0.000618859882100314,35.1491196860693,504237.787215289,5665010.46939679
0.000441804384108422,35.1491196860693,504737.787215289,5665010.46939679
7.97194340229812e-05,35.1491196860693,505237.787215289,5665010.46939679
0.000199733873270471,35.1491196860693,505737.787215289,5665010.46939679
8.11933148317078e-05,35.1491196860693,506237.787215289,5665010.46939679
0.000375063159517525,35.1491196860693,506737.787215289,5665010.46939679
0.000432629842875302,35.1491196860693,507237.787215289,5665010.46939679
0.00043462909466603,35.1491196860693,507737.787215289,5665010.46939679
0.00043468235874048,35.1491196860693,508237.787215289,5665010.46939679
0.000383809760335758,35.1491196860693,508737.787215289,5665010.46939679
0.000322838825438335,35.1491196860693,509237.787215289,5665010.46939679
5.76001903785366e-05,35.1491196860693,509737.787215289,5665010.46939679
0.000391475007438906,35.1491196860693,510237.787215289,5665010.46939679
0.000373429416473,35.1491196860693,510737.787215289,5665010.46939679
0.000459740234921925,35.1491196860693,511237.787215289,5665010.46939679
0.00020406952355413,35.1491196860693,511737.787215289,5665010.46939679
0.000268995131632444,35.1491196860693,512237.787215289,5665010.46939679
0.000184589102539937,35.1491196860693,512737.787215289,5665010.46939679
0.000512715408267576,35.1491196860693,513237.787215289,5665010.46939679
0.000478111188172129,35.1491196860693,513737.787215289,5665010.46939679
0.000474470749899309,35.1491196860693,514237.787215289,5665010.46939679
0.000367674204665377,35.1491196860693,514737.787215289,5665010.46939679
0.000278931069547125,35.1491196860693,515237.787215289,5665010.46939679
0.000212250031595022,35.1491196860693,515737.787215289,5665010.46939679
0.000463885413361598,35.1491196860693,516237.787215289,5665010.46939679
0.000368345002240569,35.1491196860693,516737.787215289,5665010.46939679
0.000253594599407488,35.1491196860693,517237.787215289,5665010.46939679
0.000152762865449652,35.1491196860693,517737.787215289,5665010.46939679
0.00040799792123254,35.1491196860693,518237.787215289,5665010.46939679
7.71427669702256e-05,35.1491196860693,518737.787215289,5665010.46939679
0.000320925847238635,35.1491196860693,519237.787215289,5665010.46939679
0.000410342345237514,35.1491196860693,519737.787215289,5665010.46939679
0.000344026977202903,35.1491196860693,520237.787215289,5665010.46939679
0.000538340513711826,35.1491196860693,520737.787215289,5665010.46939679
0.000561690448031207,35.1491196860693,521237.787215289,5665010.46939679
0.000526967531980323,35.1491196860693,521737.787215289,5665010.46939679
0.000615192834118959,35.1491196860693,522237.787215289,5665010.46939679
0.000402159794694612,35.1491196860693,522737.787215289,5665010.46939679
0.000537425989067156,35.1491196860693,523237.787215289,5665010.46939679
0.000505061057865772,35.1491196860693,523737.787215289,5665010.46939679
0.000376248492536002,35.1491196860693,524237.787215289,5665010.46939679
0.000320847202358871,35.1491196860693,524737.787215289,5665010.46939679
0.000142435129155203,35.1491196860693,525237.787215289,5665010.46939679
8.06837784069362e-05,35.1491196860693,525737.787215289,5665010.46939679
2.07869555115318e-05,35.1491196860693,479737.787215289,5665510.46939679
7.83547327773844e-05,35.1491196860693,480237.787215289,5665510.46939679
1.77351285317979e-05,35.1491196860693,480737.787215289,5665510.46939679
3.05399749289348e-05,35.1491196860693,481237.787215289,5665510.46939679
1.18536938056273e-05,35.1491196860693,481737.787215289,5665510.46939679
2.11204417044684e-05,35.1491196860693,482237.787215289,5665510.46939679
1.88260010545879e-05,35.1491196860693,482737.787215289,5665510.46939679
2.00348492435661e-05,35.1491196860693,483237.787215289,5665510.46939679
8.65326956938086e-05,35.1491196860693,483737.787215289,5665510.46939679
3.37097543720384e-05,35.1491196860693,484237.787215289,5665510.46939679
3.86438290551236e-05,35.1491196860693,484737.787215289,5665510.46939679
2.16050335038033e-05,35.1491196860693,485237.787215289,5665510.46939679
2.06742512514965e-05,35.1491196860693,485737.787215289,5665510.46939679
2.24058093357452e-05,35.1491196860693,486237.787215289,5665510.46939679
1.82258843075623e-05,35.1491196860693,486737.787215289,5665510.46939679
2.57633504577826e-05,35.1491196860693,487237.787215289,5665510.46939679
1.90187426916791e-05,35.1491196860693,487737.787215289,5665510.46939679
0.000552297316766175,35.1491196860693,488237.787215289,5665510.46939679
0.000151342161890396,35.1491196860693,488737.787215289,5665510.46939679
0.000352389685300735,35.1491196860693,489237.787215289,5665510.46939679
1.95758781058138e-05,35.1491196860693,489737.787215289,5665510.46939679
2.00883173398093e-05,35.1491196860693,490237.787215289,5665510.46939679
1.51292530856715e-05,35.1491196860693,490737.787215289,5665510.46939679
1.79060025692614e-05,35.1491196860693,491237.787215289,5665510.46939679
2.00348492435661e-05,35.1491196860693,491737.787215289,5665510.46939679
1.87121545889154e-05,35.1491196860693,492237.787215289,5665510.46939679
1.89910878264722e-05,35.1491196860693,492737.787215289,5665510.46939679
3.04032194761054e-05,35.1491196860693,493237.787215289,5665510.46939679
1.50377619619287e-05,35.1491196860693,493737.787215289,5665510.46939679
1.42163951963575e-05,35.1491196860693,494237.787215289,5665510.46939679
6.954079358335e-05,35.1491196860693,494737.787215289,5665510.46939679
1.59974789242575e-05,35.1491196860693,495237.787215289,5665510.46939679
1.74428190203308e-05,35.1491196860693,495737.787215289,5665510.46939679
1.71803089663957e-05,35.1491196860693,496237.787215289,5665510.46939679
2.50819300067914e-05,35.1491196860693,496737.787215289,5665510.46939679
2.65310641536277e-05,35.1491196860693,497237.787215289,5665510.46939679
3.71635317002209e-05,35.1491196860693,497737.787215289,5665510.46939679
2.9685345376963e-05,35.1491196860693,498237.787215289,5665510.46939679
3.71635317002209e-05,35.1491196860693,498737.787215289,5665510.46939679
6.53448916645804e-05,35.1491196860693,499237.787215289,5665510.46939679
6.01998786473273e-05,35.1491196860693,499737.787215289,5665510.46939679
6.2053606257466e-05,35.1491196860693,500237.787215289,5665510.46939679
2.44687027132524e-05,35.1491196860693,500737.787215289,5665510.46939679
3.34003444221816e-05,35.1491196860693,501237.787215289,5665510.46939679
3.28976776109571e-05,35.1491196860693,501737.787215289,5665510.46939679
2.43946057355962e-05,35.1491196860693,502237.787215289,5665510.46939679
2.02399671350867e-05,35.1491196860693,502737.787215289,5665510.46939679
1.69463911131871e-05,35.1491196860693,503237.787215289,5665510.46939679
2.76716454273581e-05,35.1491196860693,503737.787215289,5665510.46939679
2.45817765072171e-05,35.1491196860693,504237.787215289,5665510.46939679
0.000381903847674289,35.1491196860693,504737.787215289,5665510.46939679
0.000439826021036698,35.1491196860693,505237.787215289,5665510.46939679
0.000358338996503466,35.1491196860693,505737.787215289,5665510.46939679
0.000469547227472431,35.1491196860693,506237.787215289,5665510.46939679
0.000445951761502518,35.1491196860693,506737.787215289,5665510.46939679
0.00040716801436315,35.1491196860693,507237.787215289,5665510.46939679
0.000424880547180999,35.1491196860693,507737.787215289,5665510.46939679
0.00021788620329297,35.1491196860693,508237.787215289,5665510.46939679
7.62768078569338e-05,35.1491196860693,508737.787215289,5665510.46939679
3.88747752798674e-05,35.1491196860693,509237.787215289,5665510.46939679
0.000155549071180493,35.1491196860693,509737.787215289,5665510.46939679
0.000216542042811077,35.1491196860693,510237.787215289,5665510.46939679
0.000397986633822656,35.1491196860693,510737.787215289,5665510.46939679
0.000239684440874266,35.1491196860693,511237.787215289,5665510.46939679
0.000326184036303139,35.1491196860693,511737.787215289,5665510.46939679
0.00012270558380881,35.1491196860693,512237.787215289,5665510.46939679
0.000500425280492132,35.1491196860693,512737.787215289,5665510.46939679
0.000625502332634641,35.1491196860693,513237.787215289,5665510.46939679
0.000546432258531447,35.1491196860693,513737.787215289,5665510.46939679
0.000698765073738816,35.1491196860693,514237.787215289,5665510.46939679
0.000516585975691619,35.1491196860693,514737.787215289,5665510.46939679
0.000370495232614679,35.1491196860693,515237.787215289,5665510.46939679
0.000519792625287285,35.1491196860693,515737.787215289,5665510.46939679
0.0001413159595387,35.1491196860693,516237.787215289,5665510.46939679
0.000196180265377316,35.1491196860693,516737.787215289,5665510.46939679
0.000366740522914553,35.1491196860693,517237.787215289,5665510.46939679
0.000281243473800492,35.1491196860693,517737.787215289,5665510.46939679
9.13011749983217e-05,35.1491196860693,518237.787215289,5665510.46939679
7.29292074555876e-05,35.1491196860693,518737.787215289,5665510.46939679
0.000271158699203021,35.1491196860693,519237.787215289,5665510.46939679
0.000366740522914553,35.1491196860693,519737.787215289,5665510.46939679
0.000410292063681828,35.1491196860693,520237.787215289,5665510.46939679
0.000493014821816226,35.1491196860693,520737.787215289,5665510.46939679
0.000441270099045271,35.1491196860693,521237.787215289,5665510.46939679
0.000524607815456978,35.1491196860693,521737.787215289,5665510.46939679
0.000463885413361598,35.1491196860693,522237.787215289,5665510.46939679
0.000479622189622053,35.1491196860693,522737.787215289,5665510.46939679
0.000497399058972649,35.1491196860693,523237.787215289,5665510.46939679
0.000496675798547239,35.1491196860693,523737.787215289,5665510.46939679
9.25259972321443e-05,35.1491196860693,524237.787215289,5665510.46939679
0.000274800568461583,35.1491196860693,524737.787215289,5665510.46939679
0.000271092250073169,35.1491196860693,525237.787215289,5665510.46939679
0.000205985197909695,35.1491196860693,525737.787215289,5665510.46939679
2.05791516957057e-05,35.1491196860693,479737.787215289,5666010.46939679
2.17681332225298e-05,35.1491196860693,480237.787215289,5666010.46939679
0.000130949253684596,35.1491196860693,480737.787215289,5666010.46939679
2.81353712246008e-05,35.1491196860693,481237.787215289,5666010.46939679
1.81442703223676e-05,35.1491196860693,481737.787215289,5666010.46939679
2.1023289715757e-05,35.1491196860693,482237.787215289,5666010.46939679
2.25448908881448e-05,35.1491196860693,482737.787215289,5666010.46939679
1.76365217190193e-05,35.1491196860693,483237.787215289,5666010.46939679
2.9685345376963e-05,35.1491196860693,483737.787215289,5666010.46939679
3.51336492012764e-05,35.1491196860693,484237.787215289,5666010.46939679
2.12489404099526e-05,35.1491196860693,484737.787215289,5666010.46939679
5.6911744433106e-05,35.1491196860693,485237.787215289,5666010.46939679
1.76022464676565e-05,35.1491196860693,485737.787215289,5666010.46939679
2.04249605292475e-05,35.1491196860693,486237.787215289,5666010.46939679
1.96639315462397e-05,35.1491196860693,486737.787215289,5666010.46939679
1.77889977944043e-05,35.1491196860693,487237.787215289,5666010.46939679
2.98984510417646e-05,35.1491196860693,487737.787215289,5666010.46939679
5.91143297546262e-05,35.1491196860693,488237.787215289,5666010.46939679
0.000325899037329622,35.1491196860693,488737.787215289,5666010.46939679
0.000552297316766175,35.1491196860693,489237.787215289,5666010.46939679
1.89405401726049e-05,35.1491196860693,489737.787215289,5666010.46939679
1.51292530856715e-05,35.1491196860693,490237.787215289,5666010.46939679
1.14248076512883e-05,35.1491196860693,490737.787215289,5666010.46939679
1.89910878264722e-05,35.1491196860693,491237.787215289,5666010.46939679
1.62419156840065e-05,35.1491196860693,491737.787215289,5666010.46939679
1.26673249185138e-05,35.1491196860693,492237.787215289,5666010.46939679
1.98533891737775e-05,35.1491196860693,492737.787215289,5666010.46939679
2.23406968148974e-05,35.1491196860693,493237.787215289,5666010.46939679
2.63706228641758e-05,35.1491196860693,493737.787215289,5666010.46939679
1.34398917133208e-05,35.1491196860693,494237.787215289,5666010.46939679
1.79254861836667e-05,35.1491196860693,494737.787215289,5666010.46939679
1.78170854010706e-05,35.1491196860693,495237.787215289,5666010.46939679
2.00274851976838e-05,35.1491196860693,495737.787215289,5666010.46939679
1.59548992134583e-05,35.1491196860693,496237.787215289,5666010.46939679
2.37119479724889e-05,35.1491196860693,496737.787215289,5666010.46939679
2.37119479724889e-05,35.1491196860693,497237.787215289,5666010.46939679
1.79537892961324e-05,35.1491196860693,497737.787215289,5666010.46939679
2.81388192323986e-05,35.1491196860693,498237.787215289,5666010.46939679
0.000160513340551098,35.1491196860693,498737.787215289,5666010.46939679
2.9685345376963e-05,35.1491196860693,499237.787215289,5666010.46939679
0.000371757230786259,35.1491196860693,499737.787215289,5666010.46939679
6.25297205874518e-05,35.1491196860693,500237.787215289,5666010.46939679
5.1955849266167e-05,35.1491196860693,500737.787215289,5666010.46939679
9.50630193037463e-05,35.1491196860693,501237.787215289,5666010.46939679
7.02785877898252e-05,35.1491196860693,501737.787215289,5666010.46939679
4.91180062432294e-05,35.1491196860693,502237.787215289,5666010.46939679
2.57665077729133e-05,35.1491196860693,502737.787215289,5666010.46939679
1.82281179013796e-05,35.1491196860693,503237.787215289,5666010.46939679
1.78994210061618e-05,35.1491196860693,503737.787215289,5666010.46939679
6.45569610623937e-05,35.1491196860693,504237.787215289,5666010.46939679
6.41665657877839e-05,35.1491196860693,504737.787215289,5666010.46939679
0.000467387355648671,35.1491196860693,505237.787215289,5666010.46939679
0.000508873841422118,35.1491196860693,505737.787215289,5666010.46939679
0.000498971016956255,35.1491196860693,506237.787215289,5666010.46939679
0.000268603989892571,35.1491196860693,506737.787215289,5666010.46939679
0.000256285115528964,35.1491196860693,507237.787215289,5666010.46939679
0.000349877975311133,35.1491196860693,507737.787215289,5666010.46939679
0.00014966392409879,35.1491196860693,508237.787215289,5666010.46939679
0.000101009239355077,35.1491196860693,508737.787215289,5666010.46939679
5.44540518648881e-05,35.1491196860693,509237.787215289,5666010.46939679
0.000141350598384122,35.1491196860693,509737.787215289,5666010.46939679
0.000307471639182345,35.1491196860693,510237.787215289,5666010.46939679
0.000214866914469898,35.1491196860693,510737.787215289,5666010.46939679
0.000419654461049211,35.1491196860693,511237.787215289,5666010.46939679
2.62428879903576e-05,35.1491196860693,511737.787215289,5666010.46939679
5.58042262836329e-05,35.1491196860693,512237.787215289,5666010.46939679
0.000250809358697292,35.1491196860693,512737.787215289,5666010.46939679
0.000644763350601203,35.1491196860693,513237.787215289,5666010.46939679
0.000592198326827917,35.1491196860693,513737.787215289,5666010.46939679
0.000638923586040217,35.1491196860693,514237.787215289,5666010.46939679
0.000418332381894341,35.1491196860693,514737.787215289,5666010.46939679
0.000722558410033949,35.1491196860693,515237.787215289,5666010.46939679
0.000464560924353659,35.1491196860693,515737.787215289,5666010.46939679
0.000459683900364959,35.1491196860693,516237.787215289,5666010.46939679
0.0004306925626317,35.1491196860693,516737.787215289,5666010.46939679
0.000157925815111292,35.1491196860693,517237.787215289,5666010.46939679
4.16577716708519e-05,35.1491196860693,517737.787215289,5666010.46939679
5.50722605156291e-05,35.1491196860693,518237.787215289,5666010.46939679
9.5411675169255e-05,35.1491196860693,518737.787215289,5666010.46939679
0.000358558623697603,35.1491196860693,519237.787215289,5666010.46939679
0.000282919912887021,35.1491196860693,519737.787215289,5666010.46939679
0.000387929331536544,35.1491196860693,520237.787215289,5666010.46939679
0.000214268754891261,35.1491196860693,520737.787215289,5666010.46939679
0.000452162819103885,35.1491196860693,521237.787215289,5666010.46939679
0.000487779307261372,35.1491196860693,521737.787215289,5666010.46939679
0.000543260948521881,35.1491196860693,522237.787215289,5666010.46939679
0.000405885272502207,35.1491196860693,522737.787215289,5666010.46939679
0.000226922774619505,35.1491196860693,523237.787215289,5666010.46939679
0.000489913327816121,35.1491196860693,523737.787215289,5666010.46939679
0.000396732816977297,35.1491196860693,524237.787215289,5666010.46939679
0.000355697694608244,35.1491196860693,524737.787215289,5666010.46939679
0.000231146526014124,35.1491196860693,525237.787215289,5666010.46939679
1.86735004766338e-05,35.1491196860693,479737.787215289,5666510.46939679
1.86735004766338e-05,35.1491196860693,480237.787215289,5666510.46939679
2.33776369486346e-05,35.1491196860693,480737.787215289,5666510.46939679
3.01241590442267e-05,35.1491196860693,481237.787215289,5666510.46939679
3.24025758092399e-05,35.1491196860693,481737.787215289,5666510.46939679
1.81442703223676e-05,35.1491196860693,482237.787215289,5666510.46939679
1.77631310825956e-05,35.1491196860693,482737.787215289,5666510.46939679
1.12870469886989e-05,35.1491196860693,483237.787215289,5666510.46939679
2.11705132392262e-06,35.1491196860693,483737.787215289,5666510.46939679
2.65310641536277e-05,35.1491196860693,484237.787215289,5666510.46939679
2.80639235072148e-05,35.1491196860693,484737.787215289,5666510.46939679
0.000160513340551098,35.1491196860693,485237.787215289,5666510.46939679
0.000269353833468673,35.1491196860693,485737.787215289,5666510.46939679
4.91180062432294e-05,35.1491196860693,486237.787215289,5666510.46939679
3.0263367607633e-05,35.1491196860693,486737.787215289,5666510.46939679
2.18025036109508e-05,35.1491196860693,487237.787215289,5666510.46939679
3.20118646087252e-05,35.1491196860693,487737.787215289,5666510.46939679
6.01998786473273e-05,35.1491196860693,488237.787215289,5666510.46939679
0.000250901580541769,35.1491196860693,488737.787215289,5666510.46939679
3.51336492012764e-05,35.1491196860693,489237.787215289,5666510.46939679
0.000439987743737634,35.1491196860693,489737.787215289,5666510.46939679
1.69279716992517e-05,35.1491196860693,490237.787215289,5666510.46939679
2.37752293429097e-05,35.1491196860693,490737.787215289,5666510.46939679
1.74958004124147e-05,35.1491196860693,491237.787215289,5666510.46939679
2.20365178942304e-05,35.1491196860693,491737.787215289,5666510.46939679
1.49922240874794e-05,35.1491196860693,492237.787215289,5666510.46939679
0.000187751486105788,35.1491196860693,492737.787215289,5666510.46939679
0.000489320863407198,35.1491196860693,493237.787215289,5666510.46939679
3.31140577244788e-05,35.1491196860693,493737.787215289,5666510.46939679
1.27443940857572e-05,35.1491196860693,494237.787215289,5666510.46939679
2.03631089524924e-05,35.1491196860693,494737.787215289,5666510.46939679
2.19697861433417e-05,35.1491196860693,495237.787215289,5666510.46939679
2.79789393567501e-05,35.1491196860693,495737.787215289,5666510.46939679
4.92136492631995e-05,35.1491196860693,496237.787215289,5666510.46939679
1.79537892961324e-05,35.1491196860693,496737.787215289,5666510.46939679
1.79537892961324e-05,35.1491196860693,497237.787215289,5666510.46939679
1.85066381668059e-05,35.1491196860693,497737.787215289,5666510.46939679
2.07068944753579e-05,35.1491196860693,498237.787215289,5666510.46939679
5.28330075059799e-05,35.1491196860693,498737.787215289,5666510.46939679
6.16113099326042e-05,35.1491196860693,499237.787215289,5666510.46939679
6.51709663478192e-05,35.1491196860693,499737.787215289,5666510.46939679
0.000584206858843488,35.1491196860693,500237.787215289,5666510.46939679
0.000457513330339528,35.1491196860693,500737.787215289,5666510.46939679
0.000174210344638268,35.1491196860693,501237.787215289,5666510.46939679
0.000143666548243193,35.1491196860693,501737.787215289,5666510.46939679
5.70846100371393e-05,35.1491196860693,502237.787215289,5666510.46939679
4.94948705069388e-05,35.1491196860693,502737.787215289,5666510.46939679
1.99063729976232e-05,35.1491196860693,503237.787215289,5666510.46939679
1.84797279450193e-05,35.1491196860693,503737.787215289,5666510.46939679
2.70509820784288e-05,35.1491196860693,504237.787215289,5666510.46939679
3.76626664284684e-05,35.1491196860693,504737.787215289,5666510.46939679
0.000363285293813799,35.1491196860693,505237.787215289,5666510.46939679
0.000394333654834567,35.1491196860693,505737.787215289,5666510.46939679
0.000368881387069057,35.1491196860693,506237.787215289,5666510.46939679
0.000539190516436904,35.1491196860693,506737.787215289,5666510.46939679
0.000388494235109814,35.1491196860693,507237.787215289,5666510.46939679
0.000322838825438335,35.1491196860693,507737.787215289,5666510.46939679
4.34966017176094e-05,35.1491196860693,508237.787215289,5666510.46939679
2.17814749856868e-05,35.1491196860693,508737.787215289,5666510.46939679
0.000288534880770943,35.1491196860693,509237.787215289,5666510.46939679
0.000339384477470046,35.1491196860693,509737.787215289,5666510.46939679
0.000240062886156969,35.1491196860693,510237.787215289,5666510.46939679
0.000100275450238279,35.1491196860693,510737.787215289,5666510.46939679
2.18396043974281e-05,35.1491196860693,511237.787215289,5666510.46939679
3.56055210510209e-05,35.1491196860693,511737.787215289,5666510.46939679
0.000197325476423615,35.1491196860693,512237.787215289,5666510.46939679
0.000593133367343668,35.1491196860693,512737.787215289,5666510.46939679
0.000616985829054115,35.1491196860693,513237.787215289,5666510.46939679
0.000690339344178131,35.1491196860693,513737.787215289,5666510.46939679
0.00056073625687465,35.1491196860693,514237.787215289,5666510.46939679
6.41665657877839e-05,35.1491196860693,514737.787215289,5666510.46939679
0.000628392879089581,35.1491196860693,515237.787215289,5666510.46939679
0.000581590829402956,35.1491196860693,515737.787215289,5666510.46939679
0.00043589583205663,35.1491196860693,516237.787215289,5666510.46939679
0.000540828271442331,35.1491196860693,516737.787215289,5666510.46939679
0.00036897180591055,35.1491196860693,517237.787215289,5666510.46939679
0.000137996147777172,35.1491196860693,517737.787215289,5666510.46939679
0.000244977347871397,35.1491196860693,518237.787215289,5666510.46939679
0.000100010089553678,35.1491196860693,518737.787215289,5666510.46939679
0.000354794426328741,35.1491196860693,519237.787215289,5666510.46939679
0.000419860214562151,35.1491196860693,519737.787215289,5666510.46939679
0.000455687934894638,35.1491196860693,520237.787215289,5666510.46939679
0.000375201069109676,35.1491196860693,520737.787215289,5666510.46939679
0.000363948084107764,35.1491196860693,521237.787215289,5666510.46939679
0.000466086214314721,35.1491196860693,521737.787215289,5666510.46939679
0.000468182697266016,35.1491196860693,522237.787215289,5666510.46939679
0.000440574462205879,35.1491196860693,522737.787215289,5666510.46939679
0.000605053256248013,35.1491196860693,523237.787215289,5666510.46939679
0.000549824175585589,35.1491196860693,523737.787215289,5666510.46939679
0.000591409688981153,35.1491196860693,524237.787215289,5666510.46939679
0.000172423714169622,35.1491196860693,524737.787215289,5666510.46939679
0.000126466178105887,35.1491196860693,480237.787215289,5667010.46939679
4.44292147748547e-05,35.1491196860693,480737.787215289,5667010.46939679
2.32362653777598e-05,35.1491196860693,481237.787215289,5667010.46939679
5.57094269161076e-05,35.1491196860693,481737.787215289,5667010.46939679
4.13101958577713e-05,35.1491196860693,482237.787215289,5667010.46939679
2.05492278634396e-05,35.1491196860693,482737.787215289,5667010.46939679
1.63903668692285e-05,35.1491196860693,483237.787215289,5667010.46939679
1.73373370706022e-05,35.1491196860693,483737.787215289,5667010.46939679
1.67684855863805e-05,35.1491196860693,484237.787215289,5667010.46939679
1.33991925652027e-05,35.1491196860693,484737.787215289,5667010.46939679
2.50819300067914e-05,35.1491196860693,485237.787215289,5667010.46939679
3.93106927356453e-05,35.1491196860693,485737.787215289,5667010.46939679
5.52116196803385e-05,35.1491196860693,486237.787215289,5667010.46939679
0.000105568122457114,35.1491196860693,486737.787215289,5667010.46939679
0.000105568122457114,35.1491196860693,487237.787215289,5667010.46939679
8.91972865666089e-05,35.1491196860693,487737.787215289,5667010.46939679
4.06293232524137e-05,35.1491196860693,488237.787215289,5667010.46939679
0.00035145174683182,35.1491196860693,488737.787215289,5667010.46939679
4.92136492631995e-05,35.1491196860693,489237.787215289,5667010.46939679
0.000179118765764683,35.1491196860693,489737.787215289,5667010.46939679
6.01998786473273e-05,35.1491196860693,490237.787215289,5667010.46939679
3.0867771702732e-05,35.1491196860693,490737.787215289,5667010.46939679
1.72575869972402e-05,35.1491196860693,491237.787215289,5667010.46939679
5.99229650291081e-05,35.1491196860693,491737.787215289,5667010.46939679
1.67746513079384e-05,35.1491196860693,492237.787215289,5667010.46939679
9.04617628838784e-05,35.1491196860693,492737.787215289,5667010.46939679
1.50377619619287e-05,35.1491196860693,493237.787215289,5667010.46939679
1.78994210061618e-05,35.1491196860693,493737.787215289,5667010.46939679
4.20739532229071e-05,35.1491196860693,494237.787215289,5667010.46939679
1.75489427319212e-05,35.1491196860693,494737.787215289,5667010.46939679
4.15666242725514e-05,35.1491196860693,495237.787215289,5667010.46939679
3.71635317002209e-05,35.1491196860693,495737.787215289,5667010.46939679
2.51488675230794e-05,35.1491196860693,496237.787215289,5667010.46939679
1.78712036021668e-05,35.1491196860693,496737.787215289,5667010.46939679
3.52787105272351e-05,35.1491196860693,497237.787215289,5667010.46939679
1.93093434707184e-05,35.1491196860693,497737.787215289,5667010.46939679
1.94858309602397e-05,35.1491196860693,498237.787215289,5667010.46939679
2.52619885946478e-05,35.1491196860693,498737.787215289,5667010.46939679
2.51488675230794e-05,35.1491196860693,499237.787215289,5667010.46939679
9.65628750716317e-05,35.1491196860693,499737.787215289,5667010.46939679
7.29191499211281e-05,35.1491196860693,500237.787215289,5667010.46939679
0.000333142062099298,35.1491196860693,500737.787215289,5667010.46939679
0.000583285890453116,35.1491196860693,501237.787215289,5667010.46939679
0.000342360568231473,35.1491196860693,501737.787215289,5667010.46939679
2.37032323654631e-05,35.1491196860693,502237.787215289,5667010.46939679
1.6218298560823e-05,35.1491196860693,502737.787215289,5667010.46939679
3.49634676977673e-05,35.1491196860693,503237.787215289,5667010.46939679
4.06343024020499e-05,35.1491196860693,503737.787215289,5667010.46939679
1.81751459828435e-05,35.1491196860693,504237.787215289,5667010.46939679
5.28394822249523e-05,35.1491196860693,504737.787215289,5667010.46939679
3.81270187117553e-05,35.1491196860693,505237.787215289,5667010.46939679
0.000311677597608629,35.1491196860693,505737.787215289,5667010.46939679
0.000149498952512745,35.1491196860693,506237.787215289,5667010.46939679
0.000431372596629854,35.1491196860693,506737.787215289,5667010.46939679
0.000230474801428395,35.1491196860693,507237.787215289,5667010.46939679
7.62768078569338e-05,35.1491196860693,507737.787215289,5667010.46939679
1.55498060536173e-05,35.1491196860693,508237.787215289,5667010.46939679
1.87121545889154e-05,35.1491196860693,508737.787215289,5667010.46939679
6.35084995762574e-05,35.1491196860693,509237.787215289,5667010.46939679
7.13786599546352e-05,35.1491196860693,509737.787215289,5667010.46939679
2.68906917573181e-05,35.1491196860693,510237.787215289,5667010.46939679
5.67463557568769e-05,35.1491196860693,510737.787215289,5667010.46939679
3.57136704315172e-05,35.1491196860693,511237.787215289,5667010.46939679
3.70373732689352e-05,35.1491196860693,511737.787215289,5667010.46939679
0.000272641350797766,35.1491196860693,512237.787215289,5667010.46939679
0.000549756802536663,35.1491196860693,512737.787215289,5667010.46939679
0.000654615144435223,35.1491196860693,513237.787215289,5667010.46939679
0.000453369530711022,35.1491196860693,513737.787215289,5667010.46939679
0.000232129337872378,35.1491196860693,514237.787215289,5667010.46939679
0.000435208667438923,35.1491196860693,514737.787215289,5667010.46939679
0.00035673438445492,35.1491196860693,515237.787215289,5667010.46939679
0.000625578988346885,35.1491196860693,515737.787215289,5667010.46939679
0.000459683900364959,35.1491196860693,516237.787215289,5667010.46939679
0.000372840726553666,35.1491196860693,516737.787215289,5667010.46939679
0.000384975556723045,35.1491196860693,517237.787215289,5667010.46939679
0.000316556293386488,35.1491196860693,517737.787215289,5667010.46939679
0.000358558623697603,35.1491196860693,518237.787215289,5667010.46939679
0.00020449194709955,35.1491196860693,518737.787215289,5667010.46939679
1.18536938056273e-05,35.1491196860693,519237.787215289,5667010.46939679
0.0003910015869465,35.1491196860693,519737.787215289,5667010.46939679
6.90620553024367e-05,35.1491196860693,520237.787215289,5667010.46939679
0.000375247050241459,35.1491196860693,520737.787215289,5667010.46939679
0.000279915477206322,35.1491196860693,521237.787215289,5667010.46939679
0.000115512224093264,35.1491196860693,521737.787215289,5667010.46939679
0.000347719545172875,35.1491196860693,522237.787215289,5667010.46939679
0.000432000762384379,35.1491196860693,522737.787215289,5667010.46939679
0.000454858076039726,35.1491196860693,523237.787215289,5667010.46939679
0.000251602005500006,35.1491196860693,523737.787215289,5667010.46939679
0.000508873841422118,35.1491196860693,524237.787215289,5667010.46939679
0.000311677597608629,35.1491196860693,524737.787215289,5667010.46939679
2.42441131183236e-05,35.1491196860693,480237.787215289,5667510.46939679
5.0165771665381e-05,35.1491196860693,480737.787215289,5667510.46939679
6.12978499794922e-05,35.1491196860693,481237.787215289,5667510.46939679
3.41170075950199e-05,35.1491196860693,481737.787215289,5667510.46939679
5.26665624317679e-05,35.1491196860693,482237.787215289,5667510.46939679
1.76814223979685e-05,35.1491196860693,482737.787215289,5667510.46939679
1.78712036021668e-05,35.1491196860693,483237.787215289,5667510.46939679
1.87894141397426e-05,35.1491196860693,483737.787215289,5667510.46939679
1.93985750393385e-05,35.1491196860693,484237.787215289,5667510.46939679
1.77911778474991e-05,35.1491196860693,484737.787215289,5667510.46939679
1.34807144823697e-05,35.1491196860693,485237.787215289,5667510.46939679
1.60033611489919e-05,35.1491196860693,485737.787215289,5667510.46939679
2.65310641536277e-05,35.1491196860693,486237.787215289,5667510.46939679
0.000121211141811012,35.1491196860693,486737.787215289,5667510.46939679
0.000522130682804661,35.1491196860693,487237.787215289,5667510.46939679
0.00065366327848513,35.1491196860693,487737.787215289,5667510.46939679
0.000417065573207451,35.1491196860693,488237.787215289,5667510.46939679
0.000352389685300735,35.1491196860693,488737.787215289,5667510.46939679
0.000105976290532772,35.1491196860693,489237.787215289,5667510.46939679
0.000280731297880861,35.1491196860693,489737.787215289,5667510.46939679
0.000296373734022203,35.1491196860693,490237.787215289,5667510.46939679
0.00033464055450714,35.1491196860693,490737.787215289,5667510.46939679
1.85898821036805e-05,35.1491196860693,491237.787215289,5667510.46939679
2.88718729539527e-05,35.1491196860693,491737.787215289,5667510.46939679
5.45659327203138e-05,35.1491196860693,492237.787215289,5667510.46939679
5.15855262088711e-05,35.1491196860693,492737.787215289,5667510.46939679
3.9177245372023e-05,35.1491196860693,493237.787215289,5667510.46939679
2.13782209133529e-05,35.1491196860693,493737.787215289,5667510.46939679
4.29767239377669e-05,35.1491196860693,494237.787215289,5667510.46939679
3.97758621265735e-05,35.1491196860693,494737.787215289,5667510.46939679
9.6270460010627e-05,35.1491196860693,495237.787215289,5667510.46939679
4.15819081948857e-05,35.1491196860693,495737.787215289,5667510.46939679
2.27509512961754e-05,35.1491196860693,496237.787215289,5667510.46939679
2.70476673694363e-05,35.1491196860693,496737.787215289,5667510.46939679
3.23044532007846e-05,35.1491196860693,497237.787215289,5667510.46939679
3.44831979749166e-05,35.1491196860693,497737.787215289,5667510.46939679
2.6357699876704e-05,35.1491196860693,498237.787215289,5667510.46939679
2.89595693302888e-05,35.1491196860693,498737.787215289,5667510.46939679
1.85066381668059e-05,35.1491196860693,499237.787215289,5667510.46939679
2.12489404099526e-05,35.1491196860693,499737.787215289,5667510.46939679
5.8246082946696e-05,35.1491196860693,500237.787215289,5667510.46939679
0.000296950835601231,35.1491196860693,500737.787215289,5667510.46939679
0.00048689100641692,35.1491196860693,501237.787215289,5667510.46939679
2.54558144735814e-05,35.1491196860693,501737.787215289,5667510.46939679
2.59642046405776e-05,35.1491196860693,502237.787215289,5667510.46939679
2.34543925969938e-05,35.1491196860693,502737.787215289,5667510.46939679
2.16417982602351e-05,35.1491196860693,503237.787215289,5667510.46939679
3.72672786159752e-05,35.1491196860693,503737.787215289,5667510.46939679
0.000140461379615436,35.1491196860693,504237.787215289,5667510.46939679
0.000245570938857009,35.1491196860693,504737.787215289,5667510.46939679
0.000488489612595974,35.1491196860693,505237.787215289,5667510.46939679
0.000397986633822656,35.1491196860693,505737.787215289,5667510.46939679
0.000353032597268513,35.1491196860693,506237.787215289,5667510.46939679
0.000401673452822431,35.1491196860693,506737.787215289,5667510.46939679
0.000177132512376088,35.1491196860693,507237.787215289,5667510.46939679
2.48037957294821e-05,35.1491196860693,507737.787215289,5667510.46939679
0.000244887303548732,35.1491196860693,508237.787215289,5667510.46939679
1.23441901248817e-05,35.1491196860693,508737.787215289,5667510.46939679
6.30249326189756e-05,35.1491196860693,509237.787215289,5667510.46939679
3.76125105890984e-05,35.1491196860693,509737.787215289,5667510.46939679
3.26077067757892e-05,35.1491196860693,510237.787215289,5667510.46939679
4.37712926575543e-05,35.1491196860693,510737.787215289,5667510.46939679
4.55315259197746e-05,35.1491196860693,511237.787215289,5667510.46939679
0.000625502332634641,35.1491196860693,511737.787215289,5667510.46939679
0.000141934212830466,35.1491196860693,512237.787215289,5667510.46939679
8.26741804754895e-05,35.1491196860693,512737.787215289,5667510.46939679
0.000646721776004788,35.1491196860693,513237.787215289,5667510.46939679
0.000625502332634641,35.1491196860693,513737.787215289,5667510.46939679
0.000215493149477868,35.1491196860693,514237.787215289,5667510.46939679
0.000661722453913981,35.1491196860693,514737.787215289,5667510.46939679
0.000511225428940807,35.1491196860693,515237.787215289,5667510.46939679
0.000481838600573045,35.1491196860693,515737.787215289,5667510.46939679
0.000470288610319791,35.1491196860693,516237.787215289,5667510.46939679
0.000445303309811831,35.1491196860693,516737.787215289,5667510.46939679
0.000376294602030199,35.1491196860693,517237.787215289,5667510.46939679
0.000279915477206322,35.1491196860693,517737.787215289,5667510.46939679
0.000267889059729933,35.1491196860693,518237.787215289,5667510.46939679
0.000191269573120565,35.1491196860693,518737.787215289,5667510.46939679
0.000101846629736483,35.1491196860693,519237.787215289,5667510.46939679
0.000289061293817939,35.1491196860693,519737.787215289,5667510.46939679
0.000343153345856648,35.1491196860693,520237.787215289,5667510.46939679
0.000393953318025342,35.1491196860693,520737.787215289,5667510.46939679
0.000443417941174613,35.1491196860693,521237.787215289,5667510.46939679
0.000226318785318267,35.1491196860693,521737.787215289,5667510.46939679
0.000121624016865466,35.1491196860693,522237.787215289,5667510.46939679
0.0004152997602569,35.1491196860693,522737.787215289,5667510.46939679
0.000393187699429134,35.1491196860693,523237.787215289,5667510.46939679
5.07967258645628e-05,35.1491196860693,523737.787215289,5667510.46939679
0.000426066657443328,35.1491196860693,524237.787215289,5667510.46939679
3.44789725547051e-05,35.1491196860693,480737.787215289,5668010.46939679
5.63004770078137e-05,35.1491196860693,481237.787215289,5668010.46939679
3.34489820795555e-05,35.1491196860693,481737.787215289,5668010.46939679
4.11201729530519e-05,35.1491196860693,482237.787215289,5668010.46939679
0.000205235636737818,35.1491196860693,482737.787215289,5668010.46939679
2.8220830526365e-05,35.1491196860693,483237.787215289,5668010.46939679
4.36969346539398e-05,35.1491196860693,483737.787215289,5668010.46939679
2.31322153252894e-05,35.1491196860693,484237.787215289,5668010.46939679
2.69657606811982e-05,35.1491196860693,484737.787215289,5668010.46939679
2.35227510121138e-05,35.1491196860693,485237.787215289,5668010.46939679
1.70764144935698e-05,35.1491196860693,485737.787215289,5668010.46939679
1.99063729976232e-05,35.1491196860693,486237.787215289,5668010.46939679
3.11160457492796e-05,35.1491196860693,486737.787215289,5668010.46939679
4.59645791042517e-05,35.1491196860693,487237.787215289,5668010.46939679
3.27147674543591e-05,35.1491196860693,487737.787215289,5668010.46939679
0.000176958946483073,35.1491196860693,488237.787215289,5668010.46939679
2.11923831397897e-05,35.1491196860693,488737.787215289,5668010.46939679
0.000332255354091968,35.1491196860693,489237.787215289,5668010.46939679
0.000254641651725772,35.1491196860693,489737.787215289,5668010.46939679
0.000208068586787593,35.1491196860693,490237.787215289,5668010.46939679
0.000420825982000653,35.1491196860693,490737.787215289,5668010.46939679
1.91623181035385e-05,35.1491196860693,491237.787215289,5668010.46939679
2.44687027132524e-05,35.1491196860693,491737.787215289,5668010.46939679
2.49210886563476e-05,35.1491196860693,492237.787215289,5668010.46939679
3.90729692054003e-05,35.1491196860693,492737.787215289,5668010.46939679
3.70373732689352e-05,35.1491196860693,493237.787215289,5668010.46939679
0.000451996621309949,35.1491196860693,493737.787215289,5668010.46939679
6.15886639666828e-05,35.1491196860693,494237.787215289,5668010.46939679
0.000313156282503921,35.1491196860693,494737.787215289,5668010.46939679
2.24167947401885e-05,35.1491196860693,495237.787215289,5668010.46939679
2.465644200353e-05,35.1491196860693,495737.787215289,5668010.46939679
4.74315152321776e-05,35.1491196860693,496237.787215289,5668010.46939679
2.70050282831205e-05,35.1491196860693,496737.787215289,5668010.46939679
2.88263581128328e-05,35.1491196860693,497237.787215289,5668010.46939679
2.55300060829273e-05,35.1491196860693,497737.787215289,5668010.46939679
2.35570048955395e-05,35.1491196860693,498237.787215289,5668010.46939679
2.49180349351765e-05,35.1491196860693,498737.787215289,5668010.46939679
2.89595693302888e-05,35.1491196860693,499237.787215289,5668010.46939679
3.16258646152178e-05,35.1491196860693,499737.787215289,5668010.46939679
0.000352389685300735,35.1491196860693,500237.787215289,5668010.46939679
0.000224241484984241,35.1491196860693,500737.787215289,5668010.46939679
0.000280731297880861,35.1491196860693,501237.787215289,5668010.46939679
0.000474528896594174,35.1491196860693,501737.787215289,5668010.46939679
0.00021846768810207,35.1491196860693,502237.787215289,5668010.46939679
2.27206535725426e-05,35.1491196860693,502737.787215289,5668010.46939679
3.42332185403021e-05,35.1491196860693,503237.787215289,5668010.46939679
0.000471031163759785,35.1491196860693,503737.787215289,5668010.46939679
0.000535929869927724,35.1491196860693,504237.787215289,5668010.46939679
5.63280807199143e-05,35.1491196860693,504737.787215289,5668010.46939679
0.000540041861257951,35.1491196860693,505237.787215289,5668010.46939679
0.000454252335906023,35.1491196860693,505737.787215289,5668010.46939679
0.000452218231947517,35.1491196860693,506237.787215289,5668010.46939679
9.54920864415029e-05,35.1491196860693,506737.787215289,5668010.46939679
1.98126821968575e-05,35.1491196860693,507237.787215289,5668010.46939679
0.000382091092337595,35.1491196860693,507737.787215289,5668010.46939679
2.18105203257482e-05,35.1491196860693,508237.787215289,5668010.46939679
3.62110777373187e-05,35.1491196860693,508737.787215289,5668010.46939679
3.98435477370906e-05,35.1491196860693,509237.787215289,5668010.46939679
3.94204337355153e-05,35.1491196860693,509737.787215289,5668010.46939679
2.10897307906127e-05,35.1491196860693,510237.787215289,5668010.46939679
0.000168760409075214,35.1491196860693,510737.787215289,5668010.46939679
0.000751615613283332,35.1491196860693,511237.787215289,5668010.46939679
0.000416408093405867,35.1491196860693,511737.787215289,5668010.46939679
0.0004846513548878,35.1491196860693,512237.787215289,5668010.46939679
0.000192571854311618,35.1491196860693,512737.787215289,5668010.46939679
0.00055903821581446,35.1491196860693,513237.787215289,5668010.46939679
0.000164715110343158,35.1491196860693,513737.787215289,5668010.46939679
0.000469547227472431,35.1491196860693,514237.787215289,5668010.46939679
0.00060600859381509,35.1491196860693,514737.787215289,5668010.46939679
0.000452821259627575,35.1491196860693,515237.787215289,5668010.46939679
0.000339878689916617,35.1491196860693,515737.787215289,5668010.46939679
0.000395004682758235,35.1491196860693,516237.787215289,5668010.46939679
0.000277346231734799,35.1491196860693,516737.787215289,5668010.46939679
0.000361221169974052,35.1491196860693,517237.787215289,5668010.46939679
0.000126454990538892,35.1491196860693,517737.787215289,5668010.46939679
7.21105472713387e-05,35.1491196860693,518237.787215289,5668010.46939679
0.000158310910311667,35.1491196860693,518737.787215289,5668010.46939679
2.80677942857146e-05,35.1491196860693,519237.787215289,5668010.46939679
4.39904120868797e-05,35.1491196860693,519737.787215289,5668010.46939679
2.48581855551724e-05,35.1491196860693,520237.787215289,5668010.46939679
0.000120905193831691,35.1491196860693,520737.787215289,5668010.46939679
0.000202320368238196,35.1491196860693,521237.787215289,5668010.46939679
0.000338974051355006,35.1491196860693,521737.787215289,5668010.46939679
0.000316556293386488,35.1491196860693,522237.787215289,5668010.46939679
0.000366740522914553,35.1491196860693,522737.787215289,5668010.46939679
0.000384975556723045,35.1491196860693,523237.787215289,5668010.46939679
2.47643132339394e-05,35.1491196860693,480737.787215289,5668510.46939679
1.95426229029954e-05,35.1491196860693,481237.787215289,5668510.46939679
2.16023861175225e-05,35.1491196860693,481737.787215289,5668510.46939679
3.13355819546925e-05,35.1491196860693,482237.787215289,5668510.46939679
9.46257386110648e-05,35.1491196860693,482737.787215289,5668510.46939679
0.000104282399094481,35.1491196860693,483237.787215289,5668510.46939679
0.000526838395301092,35.1491196860693,483737.787215289,5668510.46939679
0.000250019209048577,35.1491196860693,484237.787215289,5668510.46939679
1.74682192929873e-05,35.1491196860693,484737.787215289,5668510.46939679
3.18182792777395e-05,35.1491196860693,485237.787215289,5668510.46939679
8.91972865666089e-05,35.1491196860693,485737.787215289,5668510.46939679
2.98549761577063e-05,35.1491196860693,486237.787215289,5668510.46939679
1.68194187359173e-05,35.1491196860693,486737.787215289,5668510.46939679
2.62811029434264e-05,35.1491196860693,487237.787215289,5668510.46939679
2.34885469367402e-05,35.1491196860693,487737.787215289,5668510.46939679
3.68133971822328e-05,35.1491196860693,488237.787215289,5668510.46939679
4.01590937531711e-05,35.1491196860693,488737.787215289,5668510.46939679
2.00348492435661e-05,35.1491196860693,489237.787215289,5668510.46939679
0.000337208127497728,35.1491196860693,489737.787215289,5668510.46939679
0.000508009374310401,35.1491196860693,490237.787215289,5668510.46939679
0.000555589456479499,35.1491196860693,490737.787215289,5668510.46939679
0.000473722774150311,35.1491196860693,491237.787215289,5668510.46939679
2.75443585352655e-05,35.1491196860693,491737.787215289,5668510.46939679
2.26133694810971e-05,35.1491196860693,492237.787215289,5668510.46939679
0.000235048917809488,35.1491196860693,492737.787215289,5668510.46939679
0.000518973202217886,35.1491196860693,493237.787215289,5668510.46939679
5.82246739097691e-05,35.1491196860693,493737.787215289,5668510.46939679
0.000296051598739825,35.1491196860693,494237.787215289,5668510.46939679
3.70509917993407e-05,35.1491196860693,494737.787215289,5668510.46939679
2.81388192323986e-05,35.1491196860693,495237.787215289,5668510.46939679
3.13394221503689e-05,35.1491196860693,495737.787215289,5668510.46939679
2.5882407026316e-05,35.1491196860693,496237.787215289,5668510.46939679
8.89162794901063e-05,35.1491196860693,496737.787215289,5668510.46939679
2.55300060829273e-05,35.1491196860693,497237.787215289,5668510.46939679
6.89025031580283e-05,35.1491196860693,497737.787215289,5668510.46939679
2.44687027132524e-05,35.1491196860693,498237.787215289,5668510.46939679
3.05399749289348e-05,35.1491196860693,498737.787215289,5668510.46939679
5.86642209225498e-05,35.1491196860693,499237.787215289,5668510.46939679
5.84865718858249e-05,35.1491196860693,499737.787215289,5668510.46939679
0.000399097666167579,35.1491196860693,500237.787215289,5668510.46939679
3.71635317002209e-05,35.1491196860693,500737.787215289,5668510.46939679
6.16113099326042e-05,35.1491196860693,501237.787215289,5668510.46939679
0.000417724091124518,35.1491196860693,501737.787215289,5668510.46939679
0.000283227759513812,35.1491196860693,502237.787215289,5668510.46939679
0.000291984936345084,35.1491196860693,502737.787215289,5668510.46939679
0.000608809056580972,35.1491196860693,503237.787215289,5668510.46939679
0.0004760869143358,35.1491196860693,503737.787215289,5668510.46939679
0.000482658533519984,35.1491196860693,504237.787215289,5668510.46939679
0.000405344750057548,35.1491196860693,504737.787215289,5668510.46939679
0.000388494235109814,35.1491196860693,505237.787215289,5668510.46939679
0.000322838825438335,35.1491196860693,505737.787215289,5668510.46939679
0.000177132512376088,35.1491196860693,506237.787215289,5668510.46939679
0.000126454990538892,35.1491196860693,506737.787215289,5668510.46939679
0.000167457484992613,35.1491196860693,507237.787215289,5668510.46939679
4.13957078886335e-05,35.1491196860693,507737.787215289,5668510.46939679
2.93238049688298e-05,35.1491196860693,508237.787215289,5668510.46939679
0.000226592809655668,35.1491196860693,508737.787215289,5668510.46939679
0.000328168569912855,35.1491196860693,509237.787215289,5668510.46939679
7.53743722788379e-05,35.1491196860693,509737.787215289,5668510.46939679
0.000561621620941172,35.1491196860693,510237.787215289,5668510.46939679
0.000356690671784207,35.1491196860693,510737.787215289,5668510.46939679
0.000807188965293416,35.1491196860693,511237.787215289,5668510.46939679
0.000662604853003704,35.1491196860693,511737.787215289,5668510.46939679
0.000685082956475958,35.1491196860693,512237.787215289,5668510.46939679
0.000470173363163692,35.1491196860693,512737.787215289,5668510.46939679
0.000619837019382069,35.1491196860693,513237.787215289,5668510.46939679
0.00030093911302939,35.1491196860693,513737.787215289,5668510.46939679
0.000544052046348442,35.1491196860693,514237.787215289,5668510.46939679
0.000445303309811831,35.1491196860693,514737.787215289,5668510.46939679
0.000385536159002725,35.1491196860693,515237.787215289,5668510.46939679
0.000362273958128131,35.1491196860693,515737.787215289,5668510.46939679
0.000401673452822431,35.1491196860693,516237.787215289,5668510.46939679
2.36057678531538e-05,35.1491196860693,516737.787215289,5668510.46939679
0.00014966392409879,35.1491196860693,517237.787215289,5668510.46939679
0.000133761056889374,35.1491196860693,517737.787215289,5668510.46939679
0.000158310910311667,35.1491196860693,518237.787215289,5668510.46939679
0.00014966392409879,35.1491196860693,518737.787215289,5668510.46939679
0.000184993869988475,35.1491196860693,519237.787215289,5668510.46939679
3.32192206546857e-05,35.1491196860693,519737.787215289,5668510.46939679
7.29292074555876e-05,35.1491196860693,520237.787215289,5668510.46939679
6.89231837092338e-06,35.1491196860693,520737.787215289,5668510.46939679
0.000218946744598279,35.1491196860693,521237.787215289,5668510.46939679
0.000202320368238196,35.1491196860693,521737.787215289,5668510.46939679
0.000253256884338452,35.1491196860693,522237.787215289,5668510.46939679
0.000410990247639029,35.1491196860693,522737.787215289,5668510.46939679
2.48395331733086e-05,35.1491196860693,481237.787215289,5669010.46939679
2.18660475542155e-05,35.1491196860693,481737.787215289,5669010.46939679
3.02596592669724e-05,35.1491196860693,482237.787215289,5669010.46939679
3.1621989320135e-05,35.1491196860693,482737.787215289,5669010.46939679
3.89922553072938e-05,35.1491196860693,483237.787215289,5669010.46939679
6.05587187235249e-05,35.1491196860693,483737.787215289,5669010.46939679
0.000194025608839114,35.1491196860693,484237.787215289,5669010.46939679
0.000122304023776778,35.1491196860693,484737.787215289,5669010.46939679
0.000724664324631281,35.1491196860693,485237.787215289,5669010.46939679
0.000117219744825278,35.1491196860693,485737.787215289,5669010.46939679
4.65762107033916e-05,35.1491196860693,486237.787215289,5669010.46939679
3.70913071759725e-05,35.1491196860693,486737.787215289,5669010.46939679
3.82938233309979e-05,35.1491196860693,487237.787215289,5669010.46939679
3.62022039869515e-05,35.1491196860693,487737.787215289,5669010.46939679
4.11252122566339e-05,35.1491196860693,488237.787215289,5669010.46939679
2.34971836045816e-05,35.1491196860693,488737.787215289,5669010.46939679
0.000311262532691476,35.1491196860693,489237.787215289,5669010.46939679
4.13304499446615e-05,35.1491196860693,489737.787215289,5669010.46939679
5.2430725971159e-05,35.1491196860693,490237.787215289,5669010.46939679
6.12087177058115e-05,35.1491196860693,490737.787215289,5669010.46939679
0.000400260846319207,35.1491196860693,491237.787215289,5669010.46939679
7.3326845104952e-05,35.1491196860693,491737.787215289,5669010.46939679
3.26511887682873e-05,35.1491196860693,492237.787215289,5669010.46939679
4.90465844955403e-05,35.1491196860693,492737.787215289,5669010.46939679
7.43339849366416e-06,35.1491196860693,493237.787215289,5669010.46939679
0.00014307581066598,35.1491196860693,493737.787215289,5669010.46939679
1.13902106509003e-05,35.1491196860693,494237.787215289,5669010.46939679
4.16928801039983e-05,35.1491196860693,494737.787215289,5669010.46939679
2.20365178942304e-05,35.1491196860693,495237.787215289,5669010.46939679
6.01049770136009e-05,35.1491196860693,495737.787215289,5669010.46939679
2.8220830526365e-05,35.1491196860693,496237.787215289,5669010.46939679
3.73713151549713e-05,35.1491196860693,496737.787215289,5669010.46939679
0.000483183716777394,35.1491196860693,497237.787215289,5669010.46939679
1.93093434707184e-05,35.1491196860693,497737.787215289,5669010.46939679
2.465644200353e-05,35.1491196860693,498237.787215289,5669010.46939679
3.06811050441383e-05,35.1491196860693,498737.787215289,5669010.46939679
0.000240733053465791,35.1491196860693,499237.787215289,5669010.46939679
0.000151746056982355,35.1491196860693,499737.787215289,5669010.46939679
0.000280731297880861,35.1491196860693,500237.787215289,5669010.46939679
0.000441161963056283,35.1491196860693,500737.787215289,5669010.46939679
0.000179118765764683,35.1491196860693,501237.787215289,5669010.46939679
0.000296950835601231,35.1491196860693,501737.787215289,5669010.46939679
0.000288009426381166,35.1491196860693,502237.787215289,5669010.46939679
0.000232186236557274,35.1491196860693,502737.787215289,5669010.46939679
0.00024228675081625,35.1491196860693,503237.787215289,5669010.46939679
0.000306578109597389,35.1491196860693,503737.787215289,5669010.46939679
0.000249778064253938,35.1491196860693,504237.787215289,5669010.46939679
0.000404166795800545,35.1491196860693,504737.787215289,5669010.46939679
0.000288534880770943,35.1491196860693,505237.787215289,5669010.46939679
0.000126454990538892,35.1491196860693,505737.787215289,5669010.46939679
1.12981176151296e-05,35.1491196860693,506237.787215289,5669010.46939679
4.11208051624718e-05,35.1491196860693,506737.787215289,5669010.46939679
0.000127300373344471,35.1491196860693,507237.787215289,5669010.46939679
0.000138163232020335,35.1491196860693,507737.787215289,5669010.46939679
0.000572908234874018,35.1491196860693,508237.787215289,5669010.46939679
0.000262133249829677,35.1491196860693,508737.787215289,5669010.46939679
0.000682098793711197,35.1491196860693,509237.787215289,5669010.46939679
0.00067281170313482,35.1491196860693,509737.787215289,5669010.46939679
0.000170302880002485,35.1491196860693,510237.787215289,5669010.46939679
0.000644763350601203,35.1491196860693,510737.787215289,5669010.46939679
0.00016270903066098,35.1491196860693,511237.787215289,5669010.46939679
0.000547227974426844,35.1491196860693,511737.787215289,5669010.46939679
0.000601246942601937,35.1491196860693,512237.787215289,5669010.46939679
0.000652632816058477,35.1491196860693,512737.787215289,5669010.46939679
0.000517401629494168,35.1491196860693,513237.787215289,5669010.46939679
0.000579829635799995,35.1491196860693,513737.787215289,5669010.46939679
0.000317401104453216,35.1491196860693,514237.787215289,5669010.46939679
0.000494512321248365,35.1491196860693,514737.787215289,5669010.46939679
0.000370092533007132,35.1491196860693,515237.787215289,5669010.46939679
0.000382091092337595,35.1491196860693,515737.787215289,5669010.46939679
0.000288534880770943,35.1491196860693,516237.787215289,5669010.46939679
1.33717191389921e-05,35.1491196860693,516737.787215289,5669010.46939679
0.000141489238692083,35.1491196860693,517237.787215289,5669010.46939679
0.000322838825438335,35.1491196860693,517737.787215289,5669010.46939679
0.000349877975311133,35.1491196860693,518237.787215289,5669010.46939679
0.000168843151069486,35.1491196860693,518737.787215289,5669010.46939679
0.00014441891499935,35.1491196860693,519237.787215289,5669010.46939679
0.000251359334090165,35.1491196860693,519737.787215289,5669010.46939679
0.000352092947592114,35.1491196860693,520237.787215289,5669010.46939679
0.000306690837443311,35.1491196860693,520737.787215289,5669010.46939679
6.89231837092338e-06,35.1491196860693,521237.787215289,5669010.46939679
7.71427669702256e-05,35.1491196860693,521737.787215289,5669010.46939679
3.25957214273649e-05,35.1491196860693,481737.787215289,5669510.46939679
3.61407042355967e-05,35.1491196860693,482237.787215289,5669510.46939679
3.02596592669724e-05,35.1491196860693,482737.787215289,5669510.46939679
3.52743876283958e-05,35.1491196860693,483237.787215289,5669510.46939679
4.62888776787317e-05,35.1491196860693,483737.787215289,5669510.46939679
4.82263800432786e-05,35.1491196860693,484237.787215289,5669510.46939679
3.41170075950199e-05,35.1491196860693,484737.787215289,5669510.46939679
8.25438494022315e-05,35.1491196860693,485237.787215289,5669510.46939679
7.20045853712529e-05,35.1491196860693,485737.787215289,5669510.46939679
0.000403331899496586,35.1491196860693,486237.787215289,5669510.46939679
0.000321196317866343,35.1491196860693,486737.787215289,5669510.46939679
0.000143231492198748,35.1491196860693,487237.787215289,5669510.46939679
3.70913071759725e-05,35.1491196860693,487737.787215289,5669510.46939679
2.51092217851156e-05,35.1491196860693,488237.787215289,5669510.46939679
4.37022897413216e-05,35.1491196860693,488737.787215289,5669510.46939679
2.63706228641758e-05,35.1491196860693,489237.787215289,5669510.46939679
0.000210711365055635,35.1491196860693,489737.787215289,5669510.46939679
0.000169006158366033,35.1491196860693,490237.787215289,5669510.46939679
0.000480261760156542,35.1491196860693,490737.787215289,5669510.46939679
0.000418281121274521,35.1491196860693,491237.787215289,5669510.46939679
0.000523652445767163,35.1491196860693,491737.787215289,5669510.46939679
0.000151048039799702,35.1491196860693,492237.787215289,5669510.46939679
0.000525307373793079,35.1491196860693,492737.787215289,5669510.46939679
3.31140577244788e-05,35.1491196860693,493237.787215289,5669510.46939679
0.000280731297880861,35.1491196860693,493737.787215289,5669510.46939679
0.000151746056982355,35.1491196860693,494237.787215289,5669510.46939679
9.43507509823781e-05,35.1491196860693,494737.787215289,5669510.46939679
7.69822278705138e-05,35.1491196860693,495237.787215289,5669510.46939679
3.69206907510667e-05,35.1491196860693,495737.787215289,5669510.46939679
3.11952638401603e-05,35.1491196860693,496237.787215289,5669510.46939679
2.10539038779687e-05,35.1491196860693,496737.787215289,5669510.46939679
5.01719195128897e-05,35.1491196860693,497237.787215289,5669510.46939679
0.000331609640840821,35.1491196860693,497737.787215289,5669510.46939679
0.000661641369339598,35.1491196860693,498237.787215289,5669510.46939679
0.000169787162890621,35.1491196860693,498737.787215289,5669510.46939679
0.000441161963056283,35.1491196860693,499237.787215289,5669510.46939679
4.65255859716267e-05,35.1491196860693,499737.787215289,5669510.46939679
6.16113099326042e-05,35.1491196860693,500237.787215289,5669510.46939679
0.000224241484984241,35.1491196860693,500737.787215289,5669510.46939679
0.000114285555231107,35.1491196860693,501237.787215289,5669510.46939679
5.50646656002691e-05,35.1491196860693,501737.787215289,5669510.46939679
0.000189467535565831,35.1491196860693,502237.787215289,5669510.46939679
0.000395004682758235,35.1491196860693,502737.787215289,5669510.46939679
0.000514461843446264,35.1491196860693,503237.787215289,5669510.46939679
0.000382091092337595,35.1491196860693,503737.787215289,5669510.46939679
0.000452218231947517,35.1491196860693,504237.787215289,5669510.46939679
0.000177132512376088,35.1491196860693,504737.787215289,5669510.46939679
1.12981176151296e-05,35.1491196860693,505237.787215289,5669510.46939679
1.06810112700448e-05,35.1491196860693,505737.787215289,5669510.46939679
3.22732953919e-05,35.1491196860693,506237.787215289,5669510.46939679
3.81965789674834e-05,35.1491196860693,506737.787215289,5669510.46939679
5.75437499862745e-05,35.1491196860693,507237.787215289,5669510.46939679
0.00044196683424749,35.1491196860693,507737.787215289,5669510.46939679
0.000498971016956255,35.1491196860693,508237.787215289,5669510.46939679
0.000587833257498984,35.1491196860693,508737.787215289,5669510.46939679
0.000494391137920873,35.1491196860693,509237.787215289,5669510.46939679
0.000520549548488275,35.1491196860693,509737.787215289,5669510.46939679
0.000478111188172129,35.1491196860693,510237.787215289,5669510.46939679
0.000553101573372688,35.1491196860693,510737.787215289,5669510.46939679
0.000634058688640681,35.1491196860693,511237.787215289,5669510.46939679
0.000273038371751755,35.1491196860693,511737.787215289,5669510.46939679
0.000694539432098305,35.1491196860693,512237.787215289,5669510.46939679
0.000483946630705499,35.1491196860693,512737.787215289,5669510.46939679
0.000722558410033949,35.1491196860693,513237.787215289,5669510.46939679
0.000646801032173434,35.1491196860693,513737.787215289,5669510.46939679
0.000466029102149205,35.1491196860693,514237.787215289,5669510.46939679
0.000332255354091968,35.1491196860693,514737.787215289,5669510.46939679
0.000341491168608918,35.1491196860693,515237.787215289,5669510.46939679
0.000113018239266885,35.1491196860693,515737.787215289,5669510.46939679
1.87305079521446e-05,35.1491196860693,516237.787215289,5669510.46939679
6.44482835390485e-05,35.1491196860693,516737.787215289,5669510.46939679
7.62768078569338e-05,35.1491196860693,517237.787215289,5669510.46939679
0.000274001982814673,35.1491196860693,517737.787215289,5669510.46939679
0.000347213931457633,35.1491196860693,518237.787215289,5669510.46939679
0.000366740522914553,35.1491196860693,518737.787215289,5669510.46939679
0.000396301599148743,35.1491196860693,519237.787215289,5669510.46939679
0.000256347935188752,35.1491196860693,519737.787215289,5669510.46939679
0.000180800218341235,35.1491196860693,520237.787215289,5669510.46939679
0.000299775153530237,35.1491196860693,520737.787215289,5669510.46939679
6.12012174573396e-05,35.1491196860693,481737.787215289,5670010.46939679
4.34273641540458e-05,35.1491196860693,482237.787215289,5670010.46939679
4.08070753826404e-05,35.1491196860693,482737.787215289,5670010.46939679
3.82287703686388e-05,35.1491196860693,483237.787215289,5670010.46939679
3.02596592669724e-05,35.1491196860693,483737.787215289,5670010.46939679
2.98042589800709e-05,35.1491196860693,484237.787215289,5670010.46939679
2.49543206342187e-05,35.1491196860693,484737.787215289,5670010.46939679
2.5998827601314e-05,35.1491196860693,485237.787215289,5670010.46939679
4.50424890980107e-05,35.1491196860693,485737.787215289,5670010.46939679
0.000237801144630103,35.1491196860693,486237.787215289,5670010.46939679
7.73284984173065e-05,35.1491196860693,486737.787215289,5670010.46939679
0.000197900586470714,35.1491196860693,487237.787215289,5670010.46939679
0.000608585281609087,35.1491196860693,487737.787215289,5670010.46939679
0.000403331899496586,35.1491196860693,488237.787215289,5670010.46939679
0.000508811486247978,35.1491196860693,488737.787215289,5670010.46939679
0.00035025867935345,35.1491196860693,489237.787215289,5670010.46939679
0.000279033631659834,35.1491196860693,489737.787215289,5670010.46939679
0.000528503392060985,35.1491196860693,490237.787215289,5670010.46939679
4.08765157835022e-05,35.1491196860693,490737.787215289,5670010.46939679
0.000405785807785579,35.1491196860693,491237.787215289,5670010.46939679
0.000568406666382325,35.1491196860693,491737.787215289,5670010.46939679
0.000192291838499849,35.1491196860693,492237.787215289,5670010.46939679
0.000332255354091968,35.1491196860693,492737.787215289,5670010.46939679
0.000102141893892954,35.1491196860693,493237.787215289,5670010.46939679
0.000399097666167579,35.1491196860693,493737.787215289,5670010.46939679
0.000100409166368793,35.1491196860693,494237.787215289,5670010.46939679
0.000172632482937805,35.1491196860693,494737.787215289,5670010.46939679
3.41708760085772e-05,35.1491196860693,495237.787215289,5670010.46939679
2.38821717099004e-05,35.1491196860693,495737.787215289,5670010.46939679
3.94730004190833e-05,35.1491196860693,496237.787215289,5670010.46939679
4.94168447006128e-05,35.1491196860693,496737.787215289,5670010.46939679
9.80022921758211e-05,35.1491196860693,497237.787215289,5670010.46939679
0.00021199335233693,35.1491196860693,497737.787215289,5670010.46939679
0.000114285555231107,35.1491196860693,498237.787215289,5670010.46939679
0.000200414216121554,35.1491196860693,498737.787215289,5670010.46939679
7.29191499211281e-05,35.1491196860693,499237.787215289,5670010.46939679
0.000297743324512148,35.1491196860693,499737.787215289,5670010.46939679
0.000102414485542971,35.1491196860693,500237.787215289,5670010.46939679
0.000297743324512148,35.1491196860693,500737.787215289,5670010.46939679
0.000241845519459885,35.1491196860693,501237.787215289,5670010.46939679
0.000145226369504265,35.1491196860693,501737.787215289,5670010.46939679
7.3016386747736e-05,35.1491196860693,502237.787215289,5670010.46939679
3.71635317002209e-05,35.1491196860693,502737.787215289,5670010.46939679
0.000184097790712614,35.1491196860693,503237.787215289,5670010.46939679
1.33717191389921e-05,35.1491196860693,503737.787215289,5670010.46939679
9.02466768282625e-06,35.1491196860693,504237.787215289,5670010.46939679
7.62517936984698e-06,35.1491196860693,504737.787215289,5670010.46939679
7.20868993932083e-06,35.1491196860693,505237.787215289,5670010.46939679
1.73985242572075e-05,35.1491196860693,505737.787215289,5670010.46939679
3.2814136364821e-05,35.1491196860693,506237.787215289,5670010.46939679
0.000507457207487036,35.1491196860693,506737.787215289,5670010.46939679
0.000258219851258451,35.1491196860693,507237.787215289,5670010.46939679
0.000376248492536002,35.1491196860693,507737.787215289,5670010.46939679
0.000314107473694264,35.1491196860693,508237.787215289,5670010.46939679
0.000393235884834005,35.1491196860693,508737.787215289,5670010.46939679
0.000637994536947125,35.1491196860693,509237.787215289,5670010.46939679
0.000661641369339598,35.1491196860693,509737.787215289,5670010.46939679
0.000554781582279904,35.1491196860693,510237.787215289,5670010.46939679
0.000585057582197616,35.1491196860693,510737.787215289,5670010.46939679
0.0005414831004638,35.1491196860693,511237.787215289,5670010.46939679
0.000569304141499043,35.1491196860693,511737.787215289,5670010.46939679
0.000625502332634641,35.1491196860693,512237.787215289,5670010.46939679
0.000522130682804661,35.1491196860693,512737.787215289,5670010.46939679
0.000465408485421668,35.1491196860693,513237.787215289,5670010.46939679
6.16113099326042e-05,35.1491196860693,513737.787215289,5670010.46939679
0.000224241484984241,35.1491196860693,514237.787215289,5670010.46939679
0.000439987743737634,35.1491196860693,514737.787215289,5670010.46939679
0.000272775024857989,35.1491196860693,515237.787215289,5670010.46939679
9.02466768282625e-06,35.1491196860693,515737.787215289,5670010.46939679
9.51716932085787e-06,35.1491196860693,516237.787215289,5670010.46939679
6.69825457540377e-05,35.1491196860693,516737.787215289,5670010.46939679
0.000274001982814673,35.1491196860693,517237.787215289,5670010.46939679
0.000333749858035524,35.1491196860693,517737.787215289,5670010.46939679
0.000382600606303875,35.1491196860693,518237.787215289,5670010.46939679
0.000194710366889667,35.1491196860693,518737.787215289,5670010.46939679
2.36256623767757e-05,35.1491196860693,482237.787215289,5670510.46939679
1.99014948168085e-05,35.1491196860693,482737.787215289,5670510.46939679
1.97811445183079e-05,35.1491196860693,483237.787215289,5670510.46939679
2.19990825941114e-05,35.1491196860693,483737.787215289,5670510.46939679
2.17338170170422e-05,35.1491196860693,484237.787215289,5670510.46939679
1.93069773882503e-05,35.1491196860693,484737.787215289,5670510.46939679
3.15262305108692e-05,35.1491196860693,485237.787215289,5670510.46939679
2.63161484843129e-05,35.1491196860693,485737.787215289,5670510.46939679
1.85605762276212e-05,35.1491196860693,486237.787215289,5670510.46939679
1.95142062715212e-05,35.1491196860693,486737.787215289,5670510.46939679
6.30935103755304e-05,35.1491196860693,487237.787215289,5670510.46939679
2.86520364935021e-05,35.1491196860693,487737.787215289,5670510.46939679
0.00013519468489297,35.1491196860693,488237.787215289,5670510.46939679
0.000181502224925533,35.1491196860693,488737.787215289,5670510.46939679
0.000342360568231473,35.1491196860693,489237.787215289,5670510.46939679
0.000462423989041884,35.1491196860693,489737.787215289,5670510.46939679
0.000211351386684911,35.1491196860693,490237.787215289,5670510.46939679
0.000281480500825745,35.1491196860693,490737.787215289,5670510.46939679
0.00037103474861352,35.1491196860693,491237.787215289,5670510.46939679
0.000415147111916389,35.1491196860693,491737.787215289,5670510.46939679
0.000439987743737634,35.1491196860693,492237.787215289,5670510.46939679
0.000371757230786259,35.1491196860693,492737.787215289,5670510.46939679
0.000446546432918128,35.1491196860693,493237.787215289,5670510.46939679
0.00035076872683749,35.1491196860693,493737.787215289,5670510.46939679
0.000179858319049258,35.1491196860693,494237.787215289,5670510.46939679
4.29767239377669e-05,35.1491196860693,494737.787215289,5670510.46939679
3.24537372526682e-05,35.1491196860693,495237.787215289,5670510.46939679
7.82819005050588e-05,35.1491196860693,495737.787215289,5670510.46939679
9.68205776894595e-05,35.1491196860693,496237.787215289,5670510.46939679
0.000102414485542971,35.1491196860693,496737.787215289,5670510.46939679
4.16928801039983e-05,35.1491196860693,497237.787215289,5670510.46939679
0.000224241484984241,35.1491196860693,497737.787215289,5670510.46939679
2.24167947401885e-05,35.1491196860693,498237.787215289,5670510.46939679
8.15885159173781e-05,35.1491196860693,498737.787215289,5670510.46939679
0.000128214239440572,35.1491196860693,499237.787215289,5670510.46939679
0.000192291838499849,35.1491196860693,499737.787215289,5670510.46939679
9.43507509823781e-05,35.1491196860693,500237.787215289,5670510.46939679
8.91972865666089e-05,35.1491196860693,500737.787215289,5670510.46939679
3.81223467936928e-05,35.1491196860693,501237.787215289,5670510.46939679
0.000228996849839542,35.1491196860693,501737.787215289,5670510.46939679
0.000214216246996959,35.1491196860693,502237.787215289,5670510.46939679
5.5312349674812e-05,35.1491196860693,502737.787215289,5670510.46939679
7.20398886928256e-05,35.1491196860693,503237.787215289,5670510.46939679
1.31384406043893e-05,35.1491196860693,503737.787215289,5670510.46939679
6.69825457540377e-05,35.1491196860693,504237.787215289,5670510.46939679
2.49696152225162e-05,35.1491196860693,504737.787215289,5670510.46939679
3.6272697241538e-05,35.1491196860693,505237.787215289,5670510.46939679
0.000479739752839552,35.1491196860693,505737.787215289,5670510.46939679
0.000478983470811566,35.1491196860693,506237.787215289,5670510.46939679
0.000445303309811831,35.1491196860693,506737.787215289,5670510.46939679
0.00051671259933567,35.1491196860693,507237.787215289,5670510.46939679
0.000360563345696669,35.1491196860693,507737.787215289,5670510.46939679
4.65255859716267e-05,35.1491196860693,508237.787215289,5670510.46939679
0.000179118765764683,35.1491196860693,508737.787215289,5670510.46939679
0.000120888520016141,35.1491196860693,509237.787215289,5670510.46939679
0.000371757230786259,35.1491196860693,509737.787215289,5670510.46939679
0.000446546432918128,35.1491196860693,510237.787215289,5670510.46939679
0.000441161963056283,35.1491196860693,510737.787215289,5670510.46939679
0.000552297316766175,35.1491196860693,511237.787215289,5670510.46939679
0.00035145174683182,35.1491196860693,511737.787215289,5670510.46939679
0.000371757230786259,35.1491196860693,512237.787215289,5670510.46939679
3.71635317002209e-05,35.1491196860693,512737.787215289,5670510.46939679
0.000439987743737634,35.1491196860693,513237.787215289,5670510.46939679
0.000441858527519197,35.1491196860693,513737.787215289,5670510.46939679
0.000340869274877609,35.1491196860693,514237.787215289,5670510.46939679
0.000274800568461583,35.1491196860693,514737.787215289,5670510.46939679
2.00225773375694e-05,35.1491196860693,482737.787215289,5671010.46939679
1.40292630797365e-05,35.1491196860693,483237.787215289,5671010.46939679
0.00014169309715693,35.1491196860693,483737.787215289,5671010.46939679
2.90439727209881e-05,35.1491196860693,484237.787215289,5671010.46939679
2.06091191031243e-05,35.1491196860693,484737.787215289,5671010.46939679
2.40975017065913e-05,35.1491196860693,485237.787215289,5671010.46939679
2.81763420160517e-05,35.1491196860693,485737.787215289,5671010.46939679
2.7921142641878e-05,35.1491196860693,486237.787215289,5671010.46939679
2.93557123533338e-05,35.1491196860693,486737.787215289,5671010.46939679
4.07477384334272e-05,35.1491196860693,487237.787215289,5671010.46939679
3.2351495018874e-05,35.1491196860693,487737.787215289,5671010.46939679
3.97709881664529e-05,35.1491196860693,488237.787215289,5671010.46939679
4.26494902010673e-05,35.1491196860693,488737.787215289,5671010.46939679
1.87325153815207e-05,35.1491196860693,489237.787215289,5671010.46939679
1.60948090540693e-05,35.1491196860693,489737.787215289,5671010.46939679
9.6270460010627e-05,35.1491196860693,490237.787215289,5671010.46939679
0.000200414216121554,35.1491196860693,490737.787215289,5671010.46939679
0.000157370421091883,35.1491196860693,491237.787215289,5671010.46939679
0.000246645304709288,35.1491196860693,491737.787215289,5671010.46939679
0.000314107473694264,35.1491196860693,492237.787215289,5671010.46939679
0.000314107473694264,35.1491196860693,492737.787215289,5671010.46939679
0.0005414831004638,35.1491196860693,493237.787215289,5671010.46939679
9.11111713335255e-05,35.1491196860693,493737.787215289,5671010.46939679
0.000569304141499043,35.1491196860693,494237.787215289,5671010.46939679
0.000314945749462153,35.1491196860693,494737.787215289,5671010.46939679
0.000102414485542971,35.1491196860693,495237.787215289,5671010.46939679
0.000417065573207451,35.1491196860693,495737.787215289,5671010.46939679
0.000151342161890396,35.1491196860693,496237.787215289,5671010.46939679
0.000108043246229985,35.1491196860693,496737.787215289,5671010.46939679
0.000332255354091968,35.1491196860693,497237.787215289,5671010.46939679
0.000127872977841694,35.1491196860693,497737.787215289,5671010.46939679
0.000192291838499849,35.1491196860693,498237.787215289,5671010.46939679
2.45073371155603e-05,35.1491196860693,498737.787215289,5671010.46939679
0.000101943388816748,35.1491196860693,499237.787215289,5671010.46939679
1.70494945118349e-05,35.1491196860693,499737.787215289,5671010.46939679
2.06116447638951e-05,35.1491196860693,500237.787215289,5671010.46939679
1.91344544675034e-05,35.1491196860693,500737.787215289,5671010.46939679
1.76300392067945e-05,35.1491196860693,501237.787215289,5671010.46939679
0.00022180580994254,35.1491196860693,501737.787215289,5671010.46939679
2.62047286050723e-05,35.1491196860693,502237.787215289,5671010.46939679
1.3685018715903e-05,35.1491196860693,502737.787215289,5671010.46939679
1.51973053476475e-05,35.1491196860693,503237.787215289,5671010.46939679
1.2457016080286e-05,35.1491196860693,503737.787215289,5671010.46939679
2.18794493294006e-05,35.1491196860693,504237.787215289,5671010.46939679
2.77255279022107e-05,35.1491196860693,504737.787215289,5671010.46939679
0.000383204706403517,35.1491196860693,505237.787215289,5671010.46939679
0.000503593322504514,35.1491196860693,505737.787215289,5671010.46939679
0.00049824547077059,35.1491196860693,506237.787215289,5671010.46939679
0.000461808173288126,35.1491196860693,506737.787215289,5671010.46939679
0.000451394691810951,35.1491196860693,507237.787215289,5671010.46939679
0.00012822995217789,35.1491196860693,507737.787215289,5671010.46939679
5.29164271989258e-05,35.1491196860693,508237.787215289,5671010.46939679
0.000463828570872602,35.1491196860693,508737.787215289,5671010.46939679
0.000250901580541769,35.1491196860693,509237.787215289,5671010.46939679
0.000102141893892954,35.1491196860693,509737.787215289,5671010.46939679
0.000441161963056283,35.1491196860693,510237.787215289,5671010.46939679
0.00049229793644355,35.1491196860693,510737.787215289,5671010.46939679
7.29191499211281e-05,35.1491196860693,511237.787215289,5671010.46939679
0.000169335248665416,35.1491196860693,511737.787215289,5671010.46939679
0.000296950835601231,35.1491196860693,512237.787215289,5671010.46939679
0.000415955490076506,35.1491196860693,512737.787215289,5671010.46939679
0.000552297316766175,35.1491196860693,513237.787215289,5671010.46939679
0.000268962170145902,35.1491196860693,513737.787215289,5671010.46939679
2.0144396535498e-05,35.1491196860693,483237.787215289,5671510.46939679
3.92866138359215e-05,35.1491196860693,483737.787215289,5671510.46939679
2.63544701194794e-05,35.1491196860693,484237.787215289,5671510.46939679
3.10969863002275e-05,35.1491196860693,484737.787215289,5671510.46939679
1.96615220141002e-05,35.1491196860693,485237.787215289,5671510.46939679
1.9424442810419e-05,35.1491196860693,485737.787215289,5671510.46939679
4.23863814845228e-05,35.1491196860693,486237.787215289,5671510.46939679
3.76534369572421e-05,35.1491196860693,486737.787215289,5671510.46939679
3.17180389903569e-05,35.1491196860693,487237.787215289,5671510.46939679
6.14840380847452e-05,35.1491196860693,487737.787215289,5671510.46939679
4.07477384334272e-05,35.1491196860693,488237.787215289,5671510.46939679
0.000251540348859878,35.1491196860693,488737.787215289,5671510.46939679
3.41708760085772e-05,35.1491196860693,489237.787215289,5671510.46939679
5.22719534209216e-05,35.1491196860693,489737.787215289,5671510.46939679
2.507271084666e-05,35.1491196860693,490237.787215289,5671510.46939679
6.49736133580062e-05,35.1491196860693,490737.787215289,5671510.46939679
0.000266105957119046,35.1491196860693,491237.787215289,5671510.46939679
0.000352389685300735,35.1491196860693,491737.787215289,5671510.46939679
0.000151342161890396,35.1491196860693,492237.787215289,5671510.46939679
0.000314945749462153,35.1491196860693,492737.787215289,5671510.46939679
0.000101943388816748,35.1491196860693,493237.787215289,5671510.46939679
0.000625502332634641,35.1491196860693,493737.787215289,5671510.46939679
0.000415955490076506,35.1491196860693,494237.787215289,5671510.46939679
7.29191499211281e-05,35.1491196860693,494737.787215289,5671510.46939679
3.93106927356453e-05,35.1491196860693,495237.787215289,5671510.46939679
5.50646656002691e-05,35.1491196860693,495737.787215289,5671510.46939679
0.000237197266016241,35.1491196860693,496237.787215289,5671510.46939679
0.000127872977841694,35.1491196860693,496737.787215289,5671510.46939679
2.11923831397897e-05,35.1491196860693,497237.787215289,5671510.46939679
2.81388192323986e-05,35.1491196860693,497737.787215289,5671510.46939679
3.0867771702732e-05,35.1491196860693,498237.787215289,5671510.46939679
1.90187426916791e-05,35.1491196860693,498737.787215289,5671510.46939679
3.0263367607633e-05,35.1491196860693,499237.787215289,5671510.46939679
2.06742512514965e-05,35.1491196860693,499737.787215289,5671510.46939679
3.89355572604187e-05,35.1491196860693,500237.787215289,5671510.46939679
2.69657606811982e-05,35.1491196860693,500737.787215289,5671510.46939679
1.77911778474991e-05,35.1491196860693,501237.787215289,5671510.46939679
3.33558647698203e-05,35.1491196860693,501737.787215289,5671510.46939679
1.9108972877491e-05,35.1491196860693,502237.787215289,5671510.46939679
2.08379835993513e-05,35.1491196860693,502737.787215289,5671510.46939679
3.6710913809206e-05,35.1491196860693,503237.787215289,5671510.46939679
1.83168416097204e-05,35.1491196860693,503737.787215289,5671510.46939679
1.73163705963778e-05,35.1491196860693,504237.787215289,5671510.46939679
8.39682811048528e-05,35.1491196860693,504737.787215289,5671510.46939679
0.000397986633822656,35.1491196860693,505237.787215289,5671510.46939679
0.000390193886306132,35.1491196860693,505737.787215289,5671510.46939679
7.48096229366599e-05,35.1491196860693,506237.787215289,5671510.46939679
0.000417116684861075,35.1491196860693,506737.787215289,5671510.46939679
0.000343442549427044,35.1491196860693,507237.787215289,5671510.46939679
0.000585129281379742,35.1491196860693,507737.787215289,5671510.46939679
0.000550624830798301,35.1491196860693,508237.787215289,5671510.46939679
0.000453369530711022,35.1491196860693,508737.787215289,5671510.46939679
0.000508811486247978,35.1491196860693,509237.787215289,5671510.46939679
0.00021199335233693,35.1491196860693,509737.787215289,5671510.46939679
6.51709663478192e-05,35.1491196860693,510237.787215289,5671510.46939679
0.000160086110007308,35.1491196860693,510737.787215289,5671510.46939679
0.000371757230786259,35.1491196860693,511237.787215289,5671510.46939679
0.000617960007334726,35.1491196860693,511737.787215289,5671510.46939679
0.000617960007334726,35.1491196860693,512237.787215289,5671510.46939679
0.000170261146219942,35.1491196860693,483737.787215289,5672010.46939679
2.96671622719385e-05,35.1491196860693,484237.787215289,5672010.46939679
1.40292630797365e-05,35.1491196860693,484737.787215289,5672010.46939679
1.7563446090108e-05,35.1491196860693,485237.787215289,5672010.46939679
4.5658633198541e-05,35.1491196860693,485737.787215289,5672010.46939679
5.37118089596397e-05,35.1491196860693,486237.787215289,5672010.46939679
4.25151272734823e-05,35.1491196860693,486737.787215289,5672010.46939679
8.79720432220789e-05,35.1491196860693,487237.787215289,5672010.46939679
5.86570324655814e-05,35.1491196860693,487737.787215289,5672010.46939679
5.75993048077704e-05,35.1491196860693,488237.787215289,5672010.46939679
5.91070861432908e-05,35.1491196860693,488737.787215289,5672010.46939679
3.89355572604187e-05,35.1491196860693,489237.787215289,5672010.46939679
4.78650395029645e-05,35.1491196860693,489737.787215289,5672010.46939679
0.000214501901836441,35.1491196860693,490237.787215289,5672010.46939679
8.15885159173781e-05,35.1491196860693,490737.787215289,5672010.46939679
0.00014307581066598,35.1491196860693,491237.787215289,5672010.46939679
0.000200414216121554,35.1491196860693,491737.787215289,5672010.46939679
0.00021199335233693,35.1491196860693,492237.787215289,5672010.46939679
0.000377298839983405,35.1491196860693,492737.787215289,5672010.46939679
0.000408899251945295,35.1491196860693,493237.787215289,5672010.46939679
0.000493611758830038,35.1491196860693,493737.787215289,5672010.46939679
0.000114285555231107,35.1491196860693,494237.787215289,5672010.46939679
7.29191499211281e-05,35.1491196860693,494737.787215289,5672010.46939679
7.31137532385056e-05,35.1491196860693,495237.787215289,5672010.46939679
6.53448916645804e-05,35.1491196860693,495737.787215289,5672010.46939679
6.91202595811171e-05,35.1491196860693,496237.787215289,5672010.46939679
3.24537372526682e-05,35.1491196860693,496737.787215289,5672010.46939679
1.95758781058138e-05,35.1491196860693,497237.787215289,5672010.46939679
2.465644200353e-05,35.1491196860693,497737.787215289,5672010.46939679
3.42746677510445e-05,35.1491196860693,498237.787215289,5672010.46939679
2.6357699876704e-05,35.1491196860693,498737.787215289,5672010.46939679
2.96707980017122e-05,35.1491196860693,499237.787215289,5672010.46939679
2.53756184913878e-05,35.1491196860693,499737.787215289,5672010.46939679
2.37723160303256e-05,35.1491196860693,500237.787215289,5672010.46939679
1.84215094215161e-05,35.1491196860693,500737.787215289,5672010.46939679
1.92812660473275e-05,35.1491196860693,501237.787215289,5672010.46939679
3.63695001694529e-05,35.1491196860693,501737.787215289,5672010.46939679
3.30537533101627e-05,35.1491196860693,502237.787215289,5672010.46939679
2.93202117580642e-05,35.1491196860693,502737.787215289,5672010.46939679
0.000420317066642507,35.1491196860693,503237.787215289,5672010.46939679
0.000151085064136649,35.1491196860693,503737.787215289,5672010.46939679
2.11563818429023e-05,35.1491196860693,504237.787215289,5672010.46939679
0.000466029102149205,35.1491196860693,504737.787215289,5672010.46939679
6.15066455800454e-05,35.1491196860693,505237.787215289,5672010.46939679
3.74802347897211e-05,35.1491196860693,484737.787215289,5672510.46939679
4.9482741480332e-05,35.1491196860693,485237.787215289,5672510.46939679
4.91835045253894e-05,35.1491196860693,485737.787215289,5672510.46939679
3.12861832185474e-05,35.1491196860693,486237.787215289,5672510.46939679
3.69161666511547e-05,35.1491196860693,486737.787215289,5672510.46939679
4.35592718579975e-05,35.1491196860693,487237.787215289,5672510.46939679
5.68150636306593e-05,35.1491196860693,487737.787215289,5672510.46939679
4.00712254691297e-05,35.1491196860693,488237.787215289,5672510.46939679
4.37605662293847e-05,35.1491196860693,488737.787215289,5672510.46939679
5.10127084510245e-05,35.1491196860693,489237.787215289,5672510.46939679
6.63352129138214e-05,35.1491196860693,489737.787215289,5672510.46939679
0.000302732954091479,35.1491196860693,490237.787215289,5672510.46939679
0.000345489745424363,35.1491196860693,490737.787215289,5672510.46939679
0.000160086110007308,35.1491196860693,491237.787215289,5672510.46939679
0.000280731297880861,35.1491196860693,491737.787215289,5672510.46939679
0.000441161963056283,35.1491196860693,492237.787215289,5672510.46939679
0.000352389685300735,35.1491196860693,492737.787215289,5672510.46939679
0.000200414216121554,35.1491196860693,493237.787215289,5672510.46939679
0.000265397675848622,35.1491196860693,493737.787215289,5672510.46939679
0.000179596789796232,35.1491196860693,494237.787215289,5672510.46939679
6.40654109007525e-05,35.1491196860693,494737.787215289,5672510.46939679
2.12798831652174e-05,35.1491196860693,495237.787215289,5672510.46939679
2.25093501690346e-05,35.1491196860693,495737.787215289,5672510.46939679
1.69978646388213e-05,35.1491196860693,496237.787215289,5672510.46939679
1.84215094215161e-05,35.1491196860693,496737.787215289,5672510.46939679
2.30621655452834e-05,35.1491196860693,497237.787215289,5672510.46939679
3.24025758092399e-05,35.1491196860693,497737.787215289,5672510.46939679
2.66794008674931e-05,35.1491196860693,498237.787215289,5672510.46939679
5.03975957304264e-05,35.1491196860693,498737.787215289,5672510.46939679
5.08582299908228e-05,35.1491196860693,499237.787215289,5672510.46939679
2.76682546649944e-05,35.1491196860693,499737.787215289,5672510.46939679
2.84787690492028e-05,35.1491196860693,500237.787215289,5672510.46939679
2.77961141009447e-05,35.1491196860693,500737.787215289,5672510.46939679
2.93593099147201e-05,35.1491196860693,501237.787215289,5672510.46939679
0.000145208574100329,35.1491196860693,501737.787215289,5672510.46939679
2.99383202736871e-05,35.1491196860693,485237.787215289,5673010.46939679
2.82173724692621e-05,35.1491196860693,485737.787215289,5673010.46939679
4.16826630037833e-05,35.1491196860693,486237.787215289,5673010.46939679
6.15735712805867e-05,35.1491196860693,486737.787215289,5673010.46939679
4.63562836474936e-05,35.1491196860693,487237.787215289,5673010.46939679
2.75409833700806e-05,35.1491196860693,487737.787215289,5673010.46939679
4.51080800728918e-05,35.1491196860693,488237.787215289,5673010.46939679
7.32112495663427e-05,35.1491196860693,488737.787215289,5673010.46939679
9.5780664648152e-05,35.1491196860693,489237.787215289,5673010.46939679
6.71448474349826e-05,35.1491196860693,489737.787215289,5673010.46939679
2.44687027132524e-05,35.1491196860693,490237.787215289,5673010.46939679
0.000464503999090501,35.1491196860693,490737.787215289,5673010.46939679
0.000121211141811012,35.1491196860693,491237.787215289,5673010.46939679
0.000265397675848622,35.1491196860693,491737.787215289,5673010.46939679
0.000250901580541769,35.1491196860693,492237.787215289,5673010.46939679
0.00035145174683182,35.1491196860693,492737.787215289,5673010.46939679
9.12885838192074e-05,35.1491196860693,493237.787215289,5673010.46939679
2.65310641536277e-05,35.1491196860693,493737.787215289,5673010.46939679
6.25297205874518e-05,35.1491196860693,494237.787215289,5673010.46939679
4.18804171081917e-05,35.1491196860693,494737.787215289,5673010.46939679
1.84215094215161e-05,35.1491196860693,495237.787215289,5673010.46939679
1.84215094215161e-05,35.1491196860693,495737.787215289,5673010.46939679
2.30621655452834e-05,35.1491196860693,496237.787215289,5673010.46939679
2.94913698015127e-05,35.1491196860693,496737.787215289,5673010.46939679
3.11952638401603e-05,35.1491196860693,497237.787215289,5673010.46939679
3.11952638401603e-05,35.1491196860693,497737.787215289,5673010.46939679
2.85652713988118e-05,35.1491196860693,498237.787215289,5673010.46939679
6.38635792698239e-05,35.1491196860693,498737.787215289,5673010.46939679
3.8874177601903e-05,35.1491196860693,499237.787215289,5673010.46939679
4.881499264281e-05,35.1491196860693,499737.787215289,5673010.46939679
2.56075517629351e-05,35.1491196860693,500237.787215289,5673010.46939679
2.36285577168604e-05,35.1491196860693,500737.787215289,5673010.46939679
3.00292559121814e-05,35.1491196860693,486237.787215289,5673510.46939679
6.21363540097174e-05,35.1491196860693,486737.787215289,5673510.46939679
5.53657502215861e-05,35.1491196860693,487237.787215289,5673510.46939679
5.453250955906e-05,35.1491196860693,487737.787215289,5673510.46939679
4.82966074073823e-05,35.1491196860693,488237.787215289,5673510.46939679
0.000163678908379546,35.1491196860693,488737.787215289,5673510.46939679
5.56216042203299e-05,35.1491196860693,489237.787215289,5673510.46939679
5.46186126491116e-05,35.1491196860693,489737.787215289,5673510.46939679
6.55353409892392e-05,35.1491196860693,490237.787215289,5673510.46939679
0.00013195397879149,35.1491196860693,490737.787215289,5673510.46939679
3.26511887682873e-05,35.1491196860693,491237.787215289,5673510.46939679
0.000209360149240096,35.1491196860693,491737.787215289,5673510.46939679
4.92136492631995e-05,35.1491196860693,492237.787215289,5673510.46939679
0.000296950835601231,35.1491196860693,492737.787215289,5673510.46939679
0.000394285334913763,35.1491196860693,493237.787215289,5673510.46939679
0.000384227385729613,35.1491196860693,493737.787215289,5673510.46939679
3.31500893026941e-05,35.1491196860693,494237.787215289,5673510.46939679
2.10539038779687e-05,35.1491196860693,494737.787215289,5673510.46939679
2.39169489825622e-05,35.1491196860693,495237.787215289,5673510.46939679
2.83925286490213e-05,35.1491196860693,495737.787215289,5673510.46939679
2.83925286490213e-05,35.1491196860693,496237.787215289,5673510.46939679
2.56853329827414e-05,35.1491196860693,496737.787215289,5673510.46939679
2.30258093725353e-05,35.1491196860693,497237.787215289,5673510.46939679
2.89139162408938e-05,35.1491196860693,497737.787215289,5673510.46939679
3.4638305408778e-05,35.1491196860693,498237.787215289,5673510.46939679
5.51178270238621e-05,35.1491196860693,498737.787215289,5673510.46939679
5.27432555995459e-05,35.1491196860693,499237.787215289,5673510.46939679
3.88128947048759e-05,35.1491196860693,488237.787215289,5674010.46939679
6.35698129831568e-05,35.1491196860693,488737.787215289,5674010.46939679
5.93729532609921e-05,35.1491196860693,489237.787215289,5674010.46939679
6.52338847603841e-05,35.1491196860693,489737.787215289,5674010.46939679
0.000109973384533162,35.1491196860693,490237.787215289,5674010.46939679
0.000578844630068227,35.1491196860693,490737.787215289,5674010.46939679
0.00031349702948155,35.1491196860693,491237.787215289,5674010.46939679
3.24537372526682e-05,35.1491196860693,491737.787215289,5674010.46939679
0.000333142062099298,35.1491196860693,492237.787215289,5674010.46939679
3.33032811744354e-05,35.1491196860693,492737.787215289,5674010.46939679
