"D_mod","EN","x","y"
1.9929320599109e-05,79.1524359244992,508737.787215289,5623510.46939679
8.62010048300432e-05,79.1524359244992,509237.787215289,5623510.46939679
1.64654911227088e-05,79.1524359244992,509737.787215289,5623510.46939679
5.3673526884282e-05,79.1524359244992,510237.787215289,5623510.46939679
3.38471203005389e-05,79.1524359244992,510737.787215289,5623510.46939679
4.46037302162377e-05,79.1524359244992,511237.787215289,5623510.46939679
2.57982906104324e-05,79.1524359244992,511737.787215289,5623510.46939679
3.61193161615407e-05,79.1524359244992,512237.787215289,5623510.46939679
7.62507973183312e-05,79.1524359244992,512737.787215289,5623510.46939679
3.524221200331e-05,79.1524359244992,513237.787215289,5623510.46939679
3.86871965902604e-05,79.1524359244992,506237.787215289,5624010.46939679
7.01677968001994e-05,79.1524359244992,506737.787215289,5624010.46939679
6.60233758786493e-05,79.1524359244992,507237.787215289,5624010.46939679
4.59468597305501e-05,79.1524359244992,507737.787215289,5624010.46939679
4.59522667110138e-05,79.1524359244992,508237.787215289,5624010.46939679
6.77547778758044e-05,79.1524359244992,508737.787215289,5624010.46939679
3.36822076832294e-05,79.1524359244992,509237.787215289,5624010.46939679
3.3589894016458e-05,79.1524359244992,509737.787215289,5624010.46939679
1.52351976122071e-05,79.1524359244992,510237.787215289,5624010.46939679
1.82617959411736e-05,79.1524359244992,510737.787215289,5624010.46939679
5.35398902277658e-05,79.1524359244992,511237.787215289,5624010.46939679
5.89632103937754e-05,79.1524359244992,511737.787215289,5624010.46939679
5.73561773349696e-05,79.1524359244992,512237.787215289,5624010.46939679
4.62243924208397e-05,79.1524359244992,512737.787215289,5624010.46939679
1.62214730039944e-05,79.1524359244992,513237.787215289,5624010.46939679
1.15607619243467e-05,79.1524359244992,513737.787215289,5624010.46939679
3.27928275911319e-05,79.1524359244992,514237.787215289,5624010.46939679
5.8722668723386e-05,79.1524359244992,514737.787215289,5624010.46939679
0.000141774390557412,79.1524359244992,505237.787215289,5624510.46939679
5.9529047029276e-05,79.1524359244992,505737.787215289,5624510.46939679
2.98638137973682e-05,79.1524359244992,506237.787215289,5624510.46939679
2.98638137973682e-05,79.1524359244992,506737.787215289,5624510.46939679
1.92321520502012e-05,79.1524359244992,507237.787215289,5624510.46939679
3.95343788551584e-05,79.1524359244992,507737.787215289,5624510.46939679
0.000122873831683924,79.1524359244992,508237.787215289,5624510.46939679
3.63978761101759e-05,79.1524359244992,508737.787215289,5624510.46939679
4.59468597305501e-05,79.1524359244992,509237.787215289,5624510.46939679
3.6070839649708e-05,79.1524359244992,509737.787215289,5624510.46939679
3.22349639190739e-05,79.1524359244992,510237.787215289,5624510.46939679
1.77728308866272e-05,79.1524359244992,510737.787215289,5624510.46939679
3.83040358948163e-05,79.1524359244992,511237.787215289,5624510.46939679
9.12394201901091e-05,79.1524359244992,511737.787215289,5624510.46939679
2.30587618673562e-05,79.1524359244992,512237.787215289,5624510.46939679
1.44214934579088e-05,79.1524359244992,512737.787215289,5624510.46939679
8.51768872727899e-06,79.1524359244992,513237.787215289,5624510.46939679
1.46917011762184e-05,79.1524359244992,513737.787215289,5624510.46939679
4.95582049531166e-05,79.1524359244992,514237.787215289,5624510.46939679
2.42169380519381e-05,79.1524359244992,514737.787215289,5624510.46939679
2.01781245501323e-05,79.1524359244992,515237.787215289,5624510.46939679
4.01527925445605e-05,79.1524359244992,515737.787215289,5624510.46939679
0.000279211372808919,79.1524359244992,504237.787215289,5625010.46939679
6.18622666916845e-05,79.1524359244992,504737.787215289,5625010.46939679
5.78846521992835e-05,79.1524359244992,505237.787215289,5625010.46939679
4.30979516052871e-05,79.1524359244992,505737.787215289,5625010.46939679
0.000116687976176473,79.1524359244992,506237.787215289,5625010.46939679
0.000110800497217418,79.1524359244992,506737.787215289,5625010.46939679
3.76985860222576e-05,79.1524359244992,507237.787215289,5625010.46939679
1.97364974585685e-05,79.1524359244992,507737.787215289,5625010.46939679
2.45396493619823e-05,79.1524359244992,508237.787215289,5625010.46939679
2.5183178980839e-05,79.1524359244992,508737.787215289,5625010.46939679
2.27060586640167e-05,79.1524359244992,509237.787215289,5625010.46939679
4.42281555442651e-05,79.1524359244992,509737.787215289,5625010.46939679
2.31485383347856e-05,79.1524359244992,510237.787215289,5625010.46939679
1.97117601005502e-05,79.1524359244992,510737.787215289,5625010.46939679
2.19715939654101e-05,79.1524359244992,511237.787215289,5625010.46939679
3.38816710683969e-05,79.1524359244992,511737.787215289,5625010.46939679
1.79911566352033e-05,79.1524359244992,512237.787215289,5625010.46939679
1.62360690441672e-05,79.1524359244992,512737.787215289,5625010.46939679
1.6361286794641e-05,79.1524359244992,513237.787215289,5625010.46939679
5.07949097487711e-05,79.1524359244992,513737.787215289,5625010.46939679
2.53767516313473e-05,79.1524359244992,514237.787215289,5625010.46939679
3.30802960482623e-05,79.1524359244992,514737.787215289,5625010.46939679
3.72543877156633e-05,79.1524359244992,515237.787215289,5625010.46939679
4.2959050643288e-05,79.1524359244992,515737.787215289,5625010.46939679
5.91848286650295e-05,79.1524359244992,516237.787215289,5625010.46939679
0.000103052015700474,79.1524359244992,516737.787215289,5625010.46939679
0.000263874860679418,79.1524359244992,503237.787215289,5625510.46939679
0.000137456694178388,79.1524359244992,503737.787215289,5625510.46939679
0.000337905677176271,79.1524359244992,504237.787215289,5625510.46939679
0.000279211372808919,79.1524359244992,504737.787215289,5625510.46939679
8.04590134044245e-05,79.1524359244992,505237.787215289,5625510.46939679
4.70571732308263e-05,79.1524359244992,505737.787215289,5625510.46939679
2.39125644648449e-05,79.1524359244992,506237.787215289,5625510.46939679
5.90663338959742e-05,79.1524359244992,506737.787215289,5625510.46939679
4.61772551870035e-05,79.1524359244992,507237.787215289,5625510.46939679
4.63727289694838e-05,79.1524359244992,507737.787215289,5625510.46939679
2.33015040618808e-05,79.1524359244992,508237.787215289,5625510.46939679
2.24305999996829e-05,79.1524359244992,508737.787215289,5625510.46939679
2.27060586640167e-05,79.1524359244992,509237.787215289,5625510.46939679
4.01300902474024e-05,79.1524359244992,509737.787215289,5625510.46939679
2.24355334715353e-05,79.1524359244992,510237.787215289,5625510.46939679
2.23794595778496e-05,79.1524359244992,510737.787215289,5625510.46939679
8.14372826327513e-06,79.1524359244992,511237.787215289,5625510.46939679
7.14114938887553e-06,79.1524359244992,511737.787215289,5625510.46939679
1.62393159607663e-05,79.1524359244992,512237.787215289,5625510.46939679
3.26897455497936e-05,79.1524359244992,512737.787215289,5625510.46939679
1.84857638164153e-05,79.1524359244992,513237.787215289,5625510.46939679
3.95035082028296e-05,79.1524359244992,513737.787215289,5625510.46939679
2.5503725718186e-05,79.1524359244992,514237.787215289,5625510.46939679
2.13035511064537e-05,79.1524359244992,514737.787215289,5625510.46939679
3.84147808544504e-05,79.1524359244992,515237.787215289,5625510.46939679
4.5404986212561e-05,79.1524359244992,515737.787215289,5625510.46939679
5.1597075467651e-05,79.1524359244992,516237.787215289,5625510.46939679
0.00013719916961574,79.1524359244992,516737.787215289,5625510.46939679
0.000335974819168299,79.1524359244992,517237.787215289,5625510.46939679
0.000393012373811953,79.1524359244992,502737.787215289,5626010.46939679
0.000230948428909526,79.1524359244992,503237.787215289,5626010.46939679
7.29428344352846e-05,79.1524359244992,503737.787215289,5626010.46939679
0.000183813161586844,79.1524359244992,504237.787215289,5626010.46939679
0.000259661973672639,79.1524359244992,504737.787215289,5626010.46939679
0.000169219623288119,79.1524359244992,505237.787215289,5626010.46939679
5.8189053788293e-05,79.1524359244992,505737.787215289,5626010.46939679
2.58435845690397e-05,79.1524359244992,506237.787215289,5626010.46939679
3.61827307046145e-05,79.1524359244992,506737.787215289,5626010.46939679
3.70664020208775e-05,79.1524359244992,507237.787215289,5626010.46939679
3.5471940527482e-05,79.1524359244992,507737.787215289,5626010.46939679
1.77505919794328e-05,79.1524359244992,508237.787215289,5626010.46939679
3.84421161297461e-05,79.1524359244992,508737.787215289,5626010.46939679
2.09726513711236e-05,79.1524359244992,509237.787215289,5626010.46939679
2.5183178980839e-05,79.1524359244992,509737.787215289,5626010.46939679
4.92771870918948e-05,79.1524359244992,510237.787215289,5626010.46939679
3.89141851445512e-05,79.1524359244992,510737.787215289,5626010.46939679
7.53523283736107e-06,79.1524359244992,511237.787215289,5626010.46939679
7.97707614213904e-06,79.1524359244992,511737.787215289,5626010.46939679
2.41053387568114e-05,79.1524359244992,512237.787215289,5626010.46939679
3.88647812705582e-05,79.1524359244992,512737.787215289,5626010.46939679
4.74815006517407e-05,79.1524359244992,513237.787215289,5626010.46939679
2.18075760557847e-05,79.1524359244992,513737.787215289,5626010.46939679
2.68588879450188e-05,79.1524359244992,514237.787215289,5626010.46939679
3.44707579348861e-05,79.1524359244992,514737.787215289,5626010.46939679
3.6008856289652e-05,79.1524359244992,515237.787215289,5626010.46939679
4.46037302162377e-05,79.1524359244992,515737.787215289,5626010.46939679
5.52838163916637e-05,79.1524359244992,516237.787215289,5626010.46939679
0.000225842791474336,79.1524359244992,516737.787215289,5626010.46939679
0.000329783836300557,79.1524359244992,517237.787215289,5626010.46939679
0.0002642781233639,79.1524359244992,517737.787215289,5626010.46939679
0.000319422184929729,79.1524359244992,501737.787215289,5626510.46939679
0.000421507653576664,79.1524359244992,502237.787215289,5626510.46939679
0.000395323601970636,79.1524359244992,502737.787215289,5626510.46939679
0.000246148080569011,79.1524359244992,503237.787215289,5626510.46939679
6.52662469430448e-05,79.1524359244992,503737.787215289,5626510.46939679
0.000291468612828598,79.1524359244992,504237.787215289,5626510.46939679
0.000261230519779172,79.1524359244992,504737.787215289,5626510.46939679
0.000163932223782684,79.1524359244992,505237.787215289,5626510.46939679
0.00015433547612434,79.1524359244992,505737.787215289,5626510.46939679
5.28057156071501e-05,79.1524359244992,506237.787215289,5626510.46939679
7.46935181173877e-05,79.1524359244992,506737.787215289,5626510.46939679
6.73463586740031e-05,79.1524359244992,507237.787215289,5626510.46939679
4.86309230416425e-05,79.1524359244992,507737.787215289,5626510.46939679
2.17803616123157e-05,79.1524359244992,508237.787215289,5626510.46939679
0.00032242420501997,79.1524359244992,508737.787215289,5626510.46939679
2.32606654019942e-05,79.1524359244992,509237.787215289,5626510.46939679
3.72113808671919e-05,79.1524359244992,509737.787215289,5626510.46939679
4.31623141605847e-05,79.1524359244992,510237.787215289,5626510.46939679
8.52642254856335e-05,79.1524359244992,510737.787215289,5626510.46939679
3.63998138491025e-05,79.1524359244992,511237.787215289,5626510.46939679
1.60937872211247e-05,79.1524359244992,511737.787215289,5626510.46939679
1.34591330792405e-05,79.1524359244992,512237.787215289,5626510.46939679
3.76675925642551e-05,79.1524359244992,512737.787215289,5626510.46939679
4.63647086973437e-05,79.1524359244992,513237.787215289,5626510.46939679
3.6302391069583e-05,79.1524359244992,513737.787215289,5626510.46939679
2.0459858328394e-05,79.1524359244992,514237.787215289,5626510.46939679
3.6008856289652e-05,79.1524359244992,514737.787215289,5626510.46939679
4.46037302162377e-05,79.1524359244992,515237.787215289,5626510.46939679
5.24653408501719e-05,79.1524359244992,515737.787215289,5626510.46939679
8.3323599973895e-05,79.1524359244992,516237.787215289,5626510.46939679
0.000260214053256767,79.1524359244992,516737.787215289,5626510.46939679
0.000313804933141691,79.1524359244992,517237.787215289,5626510.46939679
0.000304658508085286,79.1524359244992,517737.787215289,5626510.46939679
0.000431791163955126,79.1524359244992,518237.787215289,5626510.46939679
0.00035084260856916,79.1524359244992,518737.787215289,5626510.46939679
0.000106556702800066,79.1524359244992,501237.787215289,5627010.46939679
0.000100257342791194,79.1524359244992,501737.787215289,5627010.46939679
0.000387348770048268,79.1524359244992,502237.787215289,5627010.46939679
0.000126411916977055,79.1524359244992,502737.787215289,5627010.46939679
0.000200439725343539,79.1524359244992,503237.787215289,5627010.46939679
6.58466606964436e-05,79.1524359244992,503737.787215289,5627010.46939679
4.84023359822533e-05,79.1524359244992,504237.787215289,5627010.46939679
4.7869031842252e-05,79.1524359244992,504737.787215289,5627010.46939679
4.7869031842252e-05,79.1524359244992,505237.787215289,5627010.46939679
5.1597075467651e-05,79.1524359244992,505737.787215289,5627010.46939679
4.54538051239879e-05,79.1524359244992,506237.787215289,5627010.46939679
6.56253933994506e-05,79.1524359244992,506737.787215289,5627010.46939679
2.58435845690397e-05,79.1524359244992,507237.787215289,5627010.46939679
3.90359569187907e-05,79.1524359244992,507737.787215289,5627010.46939679
1.7795134977099e-05,79.1524359244992,508237.787215289,5627010.46939679
0.000108706440229684,79.1524359244992,508737.787215289,5627010.46939679
2.44966407050574e-05,79.1524359244992,509237.787215289,5627010.46939679
3.77436311689331e-05,79.1524359244992,509737.787215289,5627010.46939679
0.000103611872290598,79.1524359244992,510237.787215289,5627010.46939679
4.95394155981723e-05,79.1524359244992,510737.787215289,5627010.46939679
3.97958314531729e-05,79.1524359244992,511237.787215289,5627010.46939679
3.05647874741166e-05,79.1524359244992,511737.787215289,5627010.46939679
1.21750635056877e-05,79.1524359244992,512237.787215289,5627010.46939679
3.69192600066298e-05,79.1524359244992,512737.787215289,5627010.46939679
5.32021434053863e-05,79.1524359244992,513237.787215289,5627010.46939679
3.18951196211964e-05,79.1524359244992,513737.787215289,5627010.46939679
1.90681020701555e-05,79.1524359244992,514237.787215289,5627010.46939679
4.0247886229442e-05,79.1524359244992,514737.787215289,5627010.46939679
5.72491462596087e-05,79.1524359244992,515237.787215289,5627010.46939679
0.000117148584600273,79.1524359244992,515737.787215289,5627010.46939679
0.0002046570521888,79.1524359244992,516237.787215289,5627010.46939679
0.000244159589489536,79.1524359244992,516737.787215289,5627010.46939679
0.000227411570703251,79.1524359244992,517237.787215289,5627010.46939679
0.00013006708269752,79.1524359244992,517737.787215289,5627010.46939679
0.00017753786293545,79.1524359244992,518237.787215289,5627010.46939679
0.000515078111674274,79.1524359244992,518737.787215289,5627010.46939679
0.000344935299641309,79.1524359244992,519237.787215289,5627010.46939679
0.000578688285129274,79.1524359244992,519737.787215289,5627010.46939679
0.000567576335564972,79.1524359244992,520237.787215289,5627010.46939679
0.000365357630082436,79.1524359244992,500237.787215289,5627510.46939679
0.000219288754982464,79.1524359244992,500737.787215289,5627510.46939679
8.37721253156415e-05,79.1524359244992,501237.787215289,5627510.46939679
6.61933682469595e-05,79.1524359244992,501737.787215289,5627510.46939679
0.000140941175236398,79.1524359244992,502237.787215289,5627510.46939679
6.80649779570284e-05,79.1524359244992,502737.787215289,5627510.46939679
6.64614645584278e-05,79.1524359244992,503237.787215289,5627510.46939679
5.2707896768883e-05,79.1524359244992,503737.787215289,5627510.46939679
4.75943042440251e-05,79.1524359244992,504237.787215289,5627510.46939679
0.000111867699505786,79.1524359244992,504737.787215289,5627510.46939679
2.15604269802065e-05,79.1524359244992,505237.787215289,5627510.46939679
2.2125829246241e-05,79.1524359244992,505737.787215289,5627510.46939679
2.2125829246241e-05,79.1524359244992,506237.787215289,5627510.46939679
3.01860262928032e-05,79.1524359244992,506737.787215289,5627510.46939679
2.86629936678515e-05,79.1524359244992,507237.787215289,5627510.46939679
2.27060586640167e-05,79.1524359244992,507737.787215289,5627510.46939679
2.27060586640167e-05,79.1524359244992,508237.787215289,5627510.46939679
2.36573163247376e-05,79.1524359244992,508737.787215289,5627510.46939679
1.56347265854196e-05,79.1524359244992,509237.787215289,5627510.46939679
1.73186649096003e-05,79.1524359244992,509737.787215289,5627510.46939679
3.6008856289652e-05,79.1524359244992,510237.787215289,5627510.46939679
5.88896665357531e-05,79.1524359244992,510737.787215289,5627510.46939679
3.4138847286375e-05,79.1524359244992,511237.787215289,5627510.46939679
4.70393693988161e-05,79.1524359244992,511737.787215289,5627510.46939679
1.54352330208649e-05,79.1524359244992,512237.787215289,5627510.46939679
2.79118376468632e-05,79.1524359244992,512737.787215289,5627510.46939679
3.50864269926715e-05,79.1524359244992,513237.787215289,5627510.46939679
1.82160848445713e-05,79.1524359244992,513737.787215289,5627510.46939679
8.83726099205622e-05,79.1524359244992,514237.787215289,5627510.46939679
4.13645679697097e-05,79.1524359244992,514737.787215289,5627510.46939679
6.71242287915329e-05,79.1524359244992,515237.787215289,5627510.46939679
0.000168190185363768,79.1524359244992,515737.787215289,5627510.46939679
0.00030514254800583,79.1524359244992,516237.787215289,5627510.46939679
0.000377976345020953,79.1524359244992,516737.787215289,5627510.46939679
0.000113451084066725,79.1524359244992,517237.787215289,5627510.46939679
0.000122437017801212,79.1524359244992,517737.787215289,5627510.46939679
0.000535366436241965,79.1524359244992,518237.787215289,5627510.46939679
0.000549405926113291,79.1524359244992,518737.787215289,5627510.46939679
0.000584145891702405,79.1524359244992,519237.787215289,5627510.46939679
0.000629929797747241,79.1524359244992,519737.787215289,5627510.46939679
0.000629922176063397,79.1524359244992,520237.787215289,5627510.46939679
0.000422347817473432,79.1524359244992,520737.787215289,5627510.46939679
0.000668928598930322,79.1524359244992,521237.787215289,5627510.46939679
6.31727402222085e-05,79.1524359244992,499737.787215289,5628010.46939679
8.79429710687398e-05,79.1524359244992,500237.787215289,5628010.46939679
7.99937704454816e-05,79.1524359244992,500737.787215289,5628010.46939679
6.86273077202727e-05,79.1524359244992,501237.787215289,5628010.46939679
0.000182023422146978,79.1524359244992,501737.787215289,5628010.46939679
0.000283225960612113,79.1524359244992,502237.787215289,5628010.46939679
5.52838163916637e-05,79.1524359244992,502737.787215289,5628010.46939679
5.69642369226198e-05,79.1524359244992,503237.787215289,5628010.46939679
4.15616428966309e-05,79.1524359244992,503737.787215289,5628010.46939679
0.000149186794404633,79.1524359244992,504237.787215289,5628010.46939679
7.72675850031822e-05,79.1524359244992,504737.787215289,5628010.46939679
2.45396493619823e-05,79.1524359244992,505237.787215289,5628010.46939679
1.89428954224986e-05,79.1524359244992,505737.787215289,5628010.46939679
2.27060586640167e-05,79.1524359244992,506237.787215289,5628010.46939679
2.04725980165587e-05,79.1524359244992,506737.787215289,5628010.46939679
2.2125829246241e-05,79.1524359244992,507237.787215289,5628010.46939679
2.10094729736643e-05,79.1524359244992,507737.787215289,5628010.46939679
2.10094729736643e-05,79.1524359244992,508237.787215289,5628010.46939679
2.27060586640167e-05,79.1524359244992,508737.787215289,5628010.46939679
1.56347265854196e-05,79.1524359244992,509237.787215289,5628010.46939679
1.73186649096003e-05,79.1524359244992,509737.787215289,5628010.46939679
4.48695335512352e-05,79.1524359244992,510237.787215289,5628010.46939679
3.57306244104607e-05,79.1524359244992,510737.787215289,5628010.46939679
3.35606592964379e-05,79.1524359244992,511237.787215289,5628010.46939679
4.54910409240601e-05,79.1524359244992,511737.787215289,5628010.46939679
1.18078814186881e-05,79.1524359244992,512237.787215289,5628010.46939679
3.18506361453779e-05,79.1524359244992,512737.787215289,5628010.46939679
5.0548807892828e-05,79.1524359244992,513237.787215289,5628010.46939679
1.96870950369871e-05,79.1524359244992,513737.787215289,5628010.46939679
2.85859313508022e-05,79.1524359244992,514237.787215289,5628010.46939679
4.90167569376843e-05,79.1524359244992,514737.787215289,5628010.46939679
8.00991853618627e-05,79.1524359244992,515237.787215289,5628010.46939679
0.000115170418308736,79.1524359244992,515737.787215289,5628010.46939679
0.00031471414798386,79.1524359244992,516237.787215289,5628010.46939679
0.000220673654143721,79.1524359244992,516737.787215289,5628010.46939679
0.000239211678610311,79.1524359244992,517237.787215289,5628010.46939679
0.00036958339323523,79.1524359244992,517737.787215289,5628010.46939679
0.000560823856917261,79.1524359244992,518237.787215289,5628010.46939679
0.00069067229857245,79.1524359244992,518737.787215289,5628010.46939679
0.000720465374997233,79.1524359244992,519237.787215289,5628010.46939679
0.000346428216389141,79.1524359244992,519737.787215289,5628010.46939679
0.000156051837722506,79.1524359244992,520237.787215289,5628010.46939679
0.000543933398290255,79.1524359244992,520737.787215289,5628010.46939679
0.000662457807227468,79.1524359244992,521237.787215289,5628010.46939679
0.000236331302302871,79.1524359244992,521737.787215289,5628010.46939679
0.000365763796037318,79.1524359244992,522237.787215289,5628010.46939679
0.000140383861597599,79.1524359244992,499237.787215289,5628510.46939679
0.000165474749394168,79.1524359244992,499737.787215289,5628510.46939679
7.74702047612481e-05,79.1524359244992,500237.787215289,5628510.46939679
0.000133693189318438,79.1524359244992,500737.787215289,5628510.46939679
8.43553239198878e-05,79.1524359244992,501237.787215289,5628510.46939679
7.98728102702241e-05,79.1524359244992,501737.787215289,5628510.46939679
4.60958155394116e-05,79.1524359244992,502237.787215289,5628510.46939679
5.16178864640003e-05,79.1524359244992,502737.787215289,5628510.46939679
4.48653600005276e-05,79.1524359244992,503237.787215289,5628510.46939679
4.96966778489665e-05,79.1524359244992,503737.787215289,5628510.46939679
4.09234492137918e-05,79.1524359244992,504237.787215289,5628510.46939679
3.54677667161953e-05,79.1524359244992,504737.787215289,5628510.46939679
4.16350718079375e-05,79.1524359244992,505237.787215289,5628510.46939679
4.71573224249701e-05,79.1524359244992,505737.787215289,5628510.46939679
1.52351976122071e-05,79.1524359244992,506237.787215289,5628510.46939679
1.60246226675533e-05,79.1524359244992,506737.787215289,5628510.46939679
1.86937848297736e-05,79.1524359244992,507237.787215289,5628510.46939679
1.60246226675533e-05,79.1524359244992,507737.787215289,5628510.46939679
1.55955913054286e-05,79.1524359244992,508237.787215289,5628510.46939679
1.64448535830589e-05,79.1524359244992,508737.787215289,5628510.46939679
1.7795134977099e-05,79.1524359244992,509237.787215289,5628510.46939679
1.48458781811674e-05,79.1524359244992,509737.787215289,5628510.46939679
2.26662635930769e-05,79.1524359244992,510237.787215289,5628510.46939679
3.25095188408479e-05,79.1524359244992,510737.787215289,5628510.46939679
3.7989942325047e-05,79.1524359244992,511237.787215289,5628510.46939679
7.23639500763106e-05,79.1524359244992,511737.787215289,5628510.46939679
1.28770919366777e-05,79.1524359244992,512237.787215289,5628510.46939679
3.19807148427522e-05,79.1524359244992,512737.787215289,5628510.46939679
4.11666528527853e-05,79.1524359244992,513237.787215289,5628510.46939679
1.52161020995101e-05,79.1524359244992,513737.787215289,5628510.46939679
3.51654665314576e-05,79.1524359244992,514237.787215289,5628510.46939679
5.50370435805885e-05,79.1524359244992,514737.787215289,5628510.46939679
0.000249507560970127,79.1524359244992,515237.787215289,5628510.46939679
0.000228275726875466,79.1524359244992,515737.787215289,5628510.46939679
0.000343175254221031,79.1524359244992,516237.787215289,5628510.46939679
0.000106707512954124,79.1524359244992,516737.787215289,5628510.46939679
0.000301623862693278,79.1524359244992,517237.787215289,5628510.46939679
0.000663900174512821,79.1524359244992,517737.787215289,5628510.46939679
0.000720465374997233,79.1524359244992,518237.787215289,5628510.46939679
0.000858626190397,79.1524359244992,518737.787215289,5628510.46939679
0.00079712684013852,79.1524359244992,519237.787215289,5628510.46939679
0.000461308388972428,79.1524359244992,519737.787215289,5628510.46939679
0.000807894295863501,79.1524359244992,520237.787215289,5628510.46939679
0.000320905120634572,79.1524359244992,520737.787215289,5628510.46939679
0.00021529098314066,79.1524359244992,521237.787215289,5628510.46939679
0.00028446783025375,79.1524359244992,521737.787215289,5628510.46939679
0.000871229511573886,79.1524359244992,522237.787215289,5628510.46939679
0.000982654288857292,79.1524359244992,522737.787215289,5628510.46939679
0.00111521005977704,79.1524359244992,523237.787215289,5628510.46939679
0.00124085303069056,79.1524359244992,523737.787215289,5628510.46939679
0.000158576539982028,79.1524359244992,498737.787215289,5629010.46939679
0.00020815570436581,79.1524359244992,499237.787215289,5629010.46939679
0.000284565025141394,79.1524359244992,499737.787215289,5629010.46939679
0.000241770532075078,79.1524359244992,500237.787215289,5629010.46939679
0.000197345779215275,79.1524359244992,500737.787215289,5629010.46939679
0.00020318565443285,79.1524359244992,501237.787215289,5629010.46939679
9.8595069223158e-05,79.1524359244992,501737.787215289,5629010.46939679
4.97599520749759e-05,79.1524359244992,502237.787215289,5629010.46939679
4.46037302162377e-05,79.1524359244992,502737.787215289,5629010.46939679
5.09999272834973e-05,79.1524359244992,503237.787215289,5629010.46939679
3.45614252882947e-05,79.1524359244992,503737.787215289,5629010.46939679
3.9337127173025e-05,79.1524359244992,504237.787215289,5629010.46939679
2.88368192053497e-05,79.1524359244992,504737.787215289,5629010.46939679
3.19827756120996e-05,79.1524359244992,505237.787215289,5629010.46939679
1.86471253888209e-05,79.1524359244992,505737.787215289,5629010.46939679
1.5102613382973e-05,79.1524359244992,506237.787215289,5629010.46939679
9.30683639517299e-05,79.1524359244992,506737.787215289,5629010.46939679
0.000417685721244527,79.1524359244992,507237.787215289,5629010.46939679
0.000417685721244527,79.1524359244992,507737.787215289,5629010.46939679
0.000417685721244527,79.1524359244992,508237.787215289,5629010.46939679
0.000417685721244527,79.1524359244992,508737.787215289,5629010.46939679
1.64242763562236e-05,79.1524359244992,509237.787215289,5629010.46939679
1.48458781811674e-05,79.1524359244992,509737.787215289,5629010.46939679
3.3947796231072e-05,79.1524359244992,510237.787215289,5629010.46939679
3.00804233610134e-05,79.1524359244992,510737.787215289,5629010.46939679
2.76395761050304e-05,79.1524359244992,511237.787215289,5629010.46939679
3.98980513898943e-05,79.1524359244992,511737.787215289,5629010.46939679
1.45541928106183e-05,79.1524359244992,512237.787215289,5629010.46939679
2.78833033618266e-05,79.1524359244992,512737.787215289,5629010.46939679
3.3372554577054e-05,79.1524359244992,513237.787215289,5629010.46939679
1.68549878202551e-05,79.1524359244992,513737.787215289,5629010.46939679
3.28657376947934e-05,79.1524359244992,514237.787215289,5629010.46939679
4.71196333166905e-05,79.1524359244992,514737.787215289,5629010.46939679
0.000105908176752965,79.1524359244992,515237.787215289,5629010.46939679
9.05370065308474e-05,79.1524359244992,515737.787215289,5629010.46939679
8.88966468190581e-05,79.1524359244992,516237.787215289,5629010.46939679
0.000300337120524542,79.1524359244992,516737.787215289,5629010.46939679
0.000521685710749541,79.1524359244992,517237.787215289,5629010.46939679
0.000629922176063397,79.1524359244992,517737.787215289,5629010.46939679
0.000772896660508795,79.1524359244992,518237.787215289,5629010.46939679
0.00074790277268525,79.1524359244992,518737.787215289,5629010.46939679
0.000883031921492706,79.1524359244992,519237.787215289,5629010.46939679
0.000888566471576485,79.1524359244992,519737.787215289,5629010.46939679
0.000883548569775545,79.1524359244992,520237.787215289,5629010.46939679
0.000678508997678546,79.1524359244992,520737.787215289,5629010.46939679
0.00040852633914704,79.1524359244992,521237.787215289,5629010.46939679
0.000261693856392569,79.1524359244992,521737.787215289,5629010.46939679
0.000817419114504631,79.1524359244992,522237.787215289,5629010.46939679
0.001338320493101,79.1524359244992,522737.787215289,5629010.46939679
0.000417685721244527,79.1524359244992,523237.787215289,5629010.46939679
0.000417685721244527,79.1524359244992,523737.787215289,5629010.46939679
0.00143793814931324,79.1524359244992,524237.787215289,5629010.46939679
0.00019685983128489,79.1524359244992,498737.787215289,5629510.46939679
7.44471549475388e-05,79.1524359244992,499237.787215289,5629510.46939679
0.0002435501694086,79.1524359244992,499737.787215289,5629510.46939679
0.000178823988101889,79.1524359244992,500237.787215289,5629510.46939679
0.000223319940192664,79.1524359244992,500737.787215289,5629510.46939679
5.58523101703363e-05,79.1524359244992,501237.787215289,5629510.46939679
4.90532317186652e-05,79.1524359244992,501737.787215289,5629510.46939679
8.12052701376021e-05,79.1524359244992,502237.787215289,5629510.46939679
4.14273389893709e-05,79.1524359244992,502737.787215289,5629510.46939679
3.45654924422292e-05,79.1524359244992,503237.787215289,5629510.46939679
2.0785213090997e-05,79.1524359244992,503737.787215289,5629510.46939679
3.56622860533424e-05,79.1524359244992,504237.787215289,5629510.46939679
8.79147179912825e-05,79.1524359244992,504737.787215289,5629510.46939679
8.74795166403654e-05,79.1524359244992,505237.787215289,5629510.46939679
0.000417685721244527,79.1524359244992,505737.787215289,5629510.46939679
0.000417685721244527,79.1524359244992,506237.787215289,5629510.46939679
0.000417685721244527,79.1524359244992,506737.787215289,5629510.46939679
0.000417685721244527,79.1524359244992,507237.787215289,5629510.46939679
0.000417685721244527,79.1524359244992,507737.787215289,5629510.46939679
0.000107564642976816,79.1524359244992,508237.787215289,5629510.46939679
0.000417685721244527,79.1524359244992,508737.787215289,5629510.46939679
3.5471940527482e-05,79.1524359244992,509237.787215289,5629510.46939679
2.36573163247376e-05,79.1524359244992,509737.787215289,5629510.46939679
1.52351976122071e-05,79.1524359244992,510237.787215289,5629510.46939679
3.76042227015314e-05,79.1524359244992,510737.787215289,5629510.46939679
4.04902810258432e-05,79.1524359244992,511237.787215289,5629510.46939679
4.71573224249701e-05,79.1524359244992,511737.787215289,5629510.46939679
2.84141207757399e-05,79.1524359244992,512237.787215289,5629510.46939679
2.78833033618266e-05,79.1524359244992,512737.787215289,5629510.46939679
1.59447346936019e-05,79.1524359244992,513237.787215289,5629510.46939679
1.64242763562236e-05,79.1524359244992,513737.787215289,5629510.46939679
3.64765673263038e-05,79.1524359244992,514237.787215289,5629510.46939679
5.4053518247892e-05,79.1524359244992,514737.787215289,5629510.46939679
7.79958625075864e-05,79.1524359244992,515237.787215289,5629510.46939679
0.000232510843735478,79.1524359244992,515737.787215289,5629510.46939679
0.000124859647852763,79.1524359244992,516237.787215289,5629510.46939679
0.00043540102698285,79.1524359244992,516737.787215289,5629510.46939679
0.000622007005903393,79.1524359244992,517237.787215289,5629510.46939679
0.000761361232828192,79.1524359244992,517737.787215289,5629510.46939679
0.000807894295863501,79.1524359244992,518237.787215289,5629510.46939679
0.00044123159878576,79.1524359244992,518737.787215289,5629510.46939679
0.00109979659363172,79.1524359244992,519237.787215289,5629510.46939679
0.000982654288857292,79.1524359244992,519737.787215289,5629510.46939679
0.000555005610872995,79.1524359244992,520237.787215289,5629510.46939679
0.00111521005977704,79.1524359244992,520737.787215289,5629510.46939679
0.000860853376608454,79.1524359244992,521237.787215289,5629510.46939679
0.000284576792467085,79.1524359244992,521737.787215289,5629510.46939679
0.000287125978709006,79.1524359244992,522237.787215289,5629510.46939679
0.00116185315463043,79.1524359244992,522737.787215289,5629510.46939679
0.000417685721244527,79.1524359244992,523237.787215289,5629510.46939679
0.00120914433821353,79.1524359244992,523737.787215289,5629510.46939679
0.00114813709408302,79.1524359244992,524237.787215289,5629510.46939679
0.000883097927777131,79.1524359244992,524737.787215289,5629510.46939679
0.000883439648120228,79.1524359244992,525237.787215289,5629510.46939679
8.02475771490765e-05,79.1524359244992,498237.787215289,5630010.46939679
7.4168545113477e-05,79.1524359244992,498737.787215289,5630010.46939679
4.97599520749759e-05,79.1524359244992,499237.787215289,5630010.46939679
4.20123476653457e-05,79.1524359244992,499737.787215289,5630010.46939679
4.19966288377701e-05,79.1524359244992,500237.787215289,5630010.46939679
3.73523767631748e-05,79.1524359244992,500737.787215289,5630010.46939679
3.47347297404744e-05,79.1524359244992,501237.787215289,5630010.46939679
3.45654924422292e-05,79.1524359244992,501737.787215289,5630010.46939679
2.30527785191963e-05,79.1524359244992,502237.787215289,5630010.46939679
3.97017325564888e-05,79.1524359244992,502737.787215289,5630010.46939679
2.41564928932194e-05,79.1524359244992,503237.787215289,5630010.46939679
7.37262742384871e-05,79.1524359244992,503737.787215289,5630010.46939679
7.76437827263493e-05,79.1524359244992,504237.787215289,5630010.46939679
0.000417685721244527,79.1524359244992,504737.787215289,5630010.46939679
0.000417685721244527,79.1524359244992,505237.787215289,5630010.46939679
0.000417685721244527,79.1524359244992,505737.787215289,5630010.46939679
8.50092161168601e-05,79.1524359244992,506237.787215289,5630010.46939679
4.09667592978018e-05,79.1524359244992,506737.787215289,5630010.46939679
2.39125644648449e-05,79.1524359244992,507237.787215289,5630010.46939679
2.58435845690397e-05,79.1524359244992,507737.787215289,5630010.46939679
3.2590744163227e-05,79.1524359244992,508237.787215289,5630010.46939679
0.000417685721244527,79.1524359244992,508737.787215289,5630010.46939679
4.68910381605986e-05,79.1524359244992,509237.787215289,5630010.46939679
3.95343788551584e-05,79.1524359244992,509737.787215289,5630010.46939679
1.60447328366105e-05,79.1524359244992,510237.787215289,5630010.46939679
1.68549878202551e-05,79.1524359244992,510737.787215289,5630010.46939679
3.06603627776146e-05,79.1524359244992,511237.787215289,5630010.46939679
3.56193542395781e-05,79.1524359244992,511737.787215289,5630010.46939679
7.6103136520137e-05,79.1524359244992,512237.787215289,5630010.46939679
1.5083873857426e-05,79.1524359244992,512737.787215289,5630010.46939679
1.81253933603359e-05,79.1524359244992,513237.787215289,5630010.46939679
4.00221978976466e-05,79.1524359244992,513737.787215289,5630010.46939679
2.17819942539432e-05,79.1524359244992,514237.787215289,5630010.46939679
5.43387300973091e-05,79.1524359244992,514737.787215289,5630010.46939679
8.53790216422121e-05,79.1524359244992,515237.787215289,5630010.46939679
0.00027238355985533,79.1524359244992,515737.787215289,5630010.46939679
0.000423277649556903,79.1524359244992,516237.787215289,5630010.46939679
0.000466842900219431,79.1524359244992,516737.787215289,5630010.46939679
0.000689597949216617,79.1524359244992,517237.787215289,5630010.46939679
0.00015767006472552,79.1524359244992,517737.787215289,5630010.46939679
0.000392331792270766,79.1524359244992,518237.787215289,5630010.46939679
0.000174921518763586,79.1524359244992,518737.787215289,5630010.46939679
0.00115055670438116,79.1524359244992,519237.787215289,5630010.46939679
0.000417685721244527,79.1524359244992,519737.787215289,5630010.46939679
0.00126929384534065,79.1524359244992,520237.787215289,5630010.46939679
0.00130678681522164,79.1524359244992,520737.787215289,5630010.46939679
0.000739394751042372,79.1524359244992,521237.787215289,5630010.46939679
0.000614866169763319,79.1524359244992,521737.787215289,5630010.46939679
0.000614636118936797,79.1524359244992,522237.787215289,5630010.46939679
0.00126881894183712,79.1524359244992,522737.787215289,5630010.46939679
0.00123687404107275,79.1524359244992,523237.787215289,5630010.46939679
0.00120660007379396,79.1524359244992,523737.787215289,5630010.46939679
0.00111843757615486,79.1524359244992,524237.787215289,5630010.46939679
0.000991616109804407,79.1524359244992,524737.787215289,5630010.46939679
0.000614949765747895,79.1524359244992,525237.787215289,5630010.46939679
0.000403352001025163,79.1524359244992,525737.787215289,5630010.46939679
0.000407012202496204,79.1524359244992,491237.787215289,5630510.46939679
8.85763198770589e-05,79.1524359244992,491737.787215289,5630510.46939679
0.000417685721244527,79.1524359244992,492237.787215289,5630510.46939679
2.11973459513513e-05,79.1524359244992,492737.787215289,5630510.46939679
0.000417685721244527,79.1524359244992,493237.787215289,5630510.46939679
0.000417685721244527,79.1524359244992,493737.787215289,5630510.46939679
8.76965346816409e-05,79.1524359244992,494237.787215289,5630510.46939679
0.000417685721244527,79.1524359244992,494737.787215289,5630510.46939679
0.000417685721244527,79.1524359244992,495237.787215289,5630510.46939679
1.47533518509028e-05,79.1524359244992,495737.787215289,5630510.46939679
5.62014383700034e-05,79.1524359244992,496237.787215289,5630510.46939679
1.60447328366105e-05,79.1524359244992,496737.787215289,5630510.46939679
3.28214943360729e-05,79.1524359244992,497237.787215289,5630510.46939679
3.47347297404744e-05,79.1524359244992,497737.787215289,5630510.46939679
3.80384341478662e-05,79.1524359244992,498237.787215289,5630510.46939679
3.69118621356113e-05,79.1524359244992,498737.787215289,5630510.46939679
4.25475113660884e-05,79.1524359244992,499237.787215289,5630510.46939679
3.90359569187907e-05,79.1524359244992,499737.787215289,5630510.46939679
6.43286479053229e-05,79.1524359244992,500237.787215289,5630510.46939679
3.28214943360729e-05,79.1524359244992,500737.787215289,5630510.46939679
3.11654894618764e-05,79.1524359244992,501237.787215289,5630510.46939679
1.48272706341883e-05,79.1524359244992,501737.787215289,5630510.46939679
3.46212240655308e-05,79.1524359244992,502237.787215289,5630510.46939679
2.88116327305169e-05,79.1524359244992,502737.787215289,5630510.46939679
0.000417685721244527,79.1524359244992,503237.787215289,5630510.46939679
0.000417685721244527,79.1524359244992,503737.787215289,5630510.46939679
0.000417685721244527,79.1524359244992,504237.787215289,5630510.46939679
0.000417685721244527,79.1524359244992,504737.787215289,5630510.46939679
0.000417685721244527,79.1524359244992,505237.787215289,5630510.46939679
0.000114482649683963,79.1524359244992,505737.787215289,5630510.46939679
4.81022654154323e-05,79.1524359244992,506237.787215289,5630510.46939679
2.94146541793069e-05,79.1524359244992,506737.787215289,5630510.46939679
3.61827307046145e-05,79.1524359244992,507237.787215289,5630510.46939679
2.18896531233607e-05,79.1524359244992,507737.787215289,5630510.46939679
2.15652490752418e-05,79.1524359244992,508237.787215289,5630510.46939679
0.000417685721244527,79.1524359244992,508737.787215289,5630510.46939679
5.42608841197637e-05,79.1524359244992,509237.787215289,5630510.46939679
3.79222175927962e-05,79.1524359244992,509737.787215289,5630510.46939679
3.93417563267773e-05,79.1524359244992,510237.787215289,5630510.46939679
2.82860578730527e-05,79.1524359244992,510737.787215289,5630510.46939679
3.22026379569481e-05,79.1524359244992,511237.787215289,5630510.46939679
5.66228149669399e-05,79.1524359244992,511737.787215289,5630510.46939679
2.28973338426123e-05,79.1524359244992,512237.787215289,5630510.46939679
2.46669058000771e-05,79.1524359244992,512737.787215289,5630510.46939679
2.54083744833003e-05,79.1524359244992,513237.787215289,5630510.46939679
8.17694513702888e-05,79.1524359244992,513737.787215289,5630510.46939679
2.12335960770476e-05,79.1524359244992,514237.787215289,5630510.46939679
0.000152394176583097,79.1524359244992,514737.787215289,5630510.46939679
0.000114577751553589,79.1524359244992,515237.787215289,5630510.46939679
0.000220966708563044,79.1524359244992,515737.787215289,5630510.46939679
0.000289286996685204,79.1524359244992,516237.787215289,5630510.46939679
0.000382994034206191,79.1524359244992,516737.787215289,5630510.46939679
0.000136771984732034,79.1524359244992,517237.787215289,5630510.46939679
0.000342580975875161,79.1524359244992,517737.787215289,5630510.46939679
0.000929952576079307,79.1524359244992,518237.787215289,5630510.46939679
0.000513031753992292,79.1524359244992,518737.787215289,5630510.46939679
0.00102186766895014,79.1524359244992,519237.787215289,5630510.46939679
0.000417685721244527,79.1524359244992,519737.787215289,5630510.46939679
0.00114572120024393,79.1524359244992,520237.787215289,5630510.46939679
0.00114444091971505,79.1524359244992,520737.787215289,5630510.46939679
0.000954411059207155,79.1524359244992,521237.787215289,5630510.46939679
0.000306003781730255,79.1524359244992,521737.787215289,5630510.46939679
0.0009330745751692,79.1524359244992,522237.787215289,5630510.46939679
0.00103486846293559,79.1524359244992,522737.787215289,5630510.46939679
0.00095987047559629,79.1524359244992,523237.787215289,5630510.46939679
0.000917523035039163,79.1524359244992,523737.787215289,5630510.46939679
0.00109979659363172,79.1524359244992,524237.787215289,5630510.46939679
0.000672485001488166,79.1524359244992,524737.787215289,5630510.46939679
0.000817052204611987,79.1524359244992,525237.787215289,5630510.46939679
0.000394742820733924,79.1524359244992,525737.787215289,5630510.46939679
0.000244831126651407,79.1524359244992,526237.787215289,5630510.46939679
0.000345067423240918,79.1524359244992,526737.787215289,5630510.46939679
4.97599520749759e-05,79.1524359244992,489737.787215289,5631010.46939679
5.72529367880897e-05,79.1524359244992,490237.787215289,5631010.46939679
9.50462379507713e-05,79.1524359244992,490737.787215289,5631010.46939679
5.73169853719252e-05,79.1524359244992,491237.787215289,5631010.46939679
3.77655729635769e-05,79.1524359244992,491737.787215289,5631010.46939679
0.000417685721244527,79.1524359244992,492237.787215289,5631010.46939679
0.000417685721244527,79.1524359244992,492737.787215289,5631010.46939679
0.000417685721244527,79.1524359244992,493237.787215289,5631010.46939679
0.000357599114091968,79.1524359244992,493737.787215289,5631010.46939679
0.000140824191187657,79.1524359244992,494237.787215289,5631010.46939679
7.76437827263493e-05,79.1524359244992,494737.787215289,5631010.46939679
0.000417685721244527,79.1524359244992,495237.787215289,5631010.46939679
0.000417685721244527,79.1524359244992,495737.787215289,5631010.46939679
7.8772126028559e-05,79.1524359244992,496237.787215289,5631010.46939679
0.000417685721244527,79.1524359244992,496737.787215289,5631010.46939679
1.59646240707865e-05,79.1524359244992,497237.787215289,5631010.46939679
1.48458781811674e-05,79.1524359244992,497737.787215289,5631010.46939679
3.36822076832294e-05,79.1524359244992,498237.787215289,5631010.46939679
3.29821927851138e-05,79.1524359244992,498737.787215289,5631010.46939679
3.03690881985512e-05,79.1524359244992,499237.787215289,5631010.46939679
3.03690881985512e-05,79.1524359244992,499737.787215289,5631010.46939679
1.60447328366105e-05,79.1524359244992,500237.787215289,5631010.46939679
1.81933218246093e-05,79.1524359244992,500737.787215289,5631010.46939679
4.47944767894198e-05,79.1524359244992,501237.787215289,5631010.46939679
0.000417685721244527,79.1524359244992,501737.787215289,5631010.46939679
0.000417685721244527,79.1524359244992,502237.787215289,5631010.46939679
0.000417685721244527,79.1524359244992,502737.787215289,5631010.46939679
0.000417685721244527,79.1524359244992,503237.787215289,5631010.46939679
0.000417685721244527,79.1524359244992,503737.787215289,5631010.46939679
0.000417685721244527,79.1524359244992,504237.787215289,5631010.46939679
0.000417685721244527,79.1524359244992,504737.787215289,5631010.46939679
0.000117484851338521,79.1524359244992,505237.787215289,5631010.46939679
4.93637028578472e-05,79.1524359244992,505737.787215289,5631010.46939679
6.07218958346489e-05,79.1524359244992,506237.787215289,5631010.46939679
5.53507498106155e-05,79.1524359244992,506737.787215289,5631010.46939679
5.55850560807648e-05,79.1524359244992,507237.787215289,5631010.46939679
2.30527785191963e-05,79.1524359244992,507737.787215289,5631010.46939679
2.79305410492048e-05,79.1524359244992,508237.787215289,5631010.46939679
0.00032242420501997,79.1524359244992,508737.787215289,5631010.46939679
0.000417685721244527,79.1524359244992,509237.787215289,5631010.46939679
3.18951196211964e-05,79.1524359244992,509737.787215289,5631010.46939679
1.73403990425282e-05,79.1524359244992,510237.787215289,5631010.46939679
1.86471253888209e-05,79.1524359244992,510737.787215289,5631010.46939679
3.78778884720095e-05,79.1524359244992,511237.787215289,5631010.46939679
2.69804894480852e-05,79.1524359244992,511737.787215289,5631010.46939679
1.3313645310352e-05,79.1524359244992,512237.787215289,5631010.46939679
3.10875362702072e-05,79.1524359244992,512737.787215289,5631010.46939679
3.68071931923867e-05,79.1524359244992,513237.787215289,5631010.46939679
4.09872053217548e-05,79.1524359244992,513737.787215289,5631010.46939679
5.12594680857204e-05,79.1524359244992,514237.787215289,5631010.46939679
8.15866501919082e-05,79.1524359244992,514737.787215289,5631010.46939679
0.000209640127717581,79.1524359244992,515237.787215289,5631010.46939679
0.000351338226440755,79.1524359244992,515737.787215289,5631010.46939679
0.000231985570023866,79.1524359244992,516237.787215289,5631010.46939679
0.000498637917377563,79.1524359244992,516737.787215289,5631010.46939679
0.000727371760466274,79.1524359244992,517237.787215289,5631010.46939679
0.000417685721244527,79.1524359244992,517737.787215289,5631010.46939679
0.000417685721244527,79.1524359244992,518237.787215289,5631010.46939679
0.000417685721244527,79.1524359244992,518737.787215289,5631010.46939679
0.000445657439467879,79.1524359244992,519237.787215289,5631010.46939679
0.000991552216285335,79.1524359244992,519737.787215289,5631010.46939679
0.00092568238757911,79.1524359244992,520237.787215289,5631010.46939679
0.00101762032558522,79.1524359244992,520737.787215289,5631010.46939679
0.00057578108267348,79.1524359244992,521237.787215289,5631010.46939679
0.000417067792640702,79.1524359244992,521737.787215289,5631010.46939679
0.000237321872514206,79.1524359244992,522237.787215289,5631010.46939679
0.000515945394566631,79.1524359244992,522737.787215289,5631010.46939679
0.000876900241488321,79.1524359244992,523237.787215289,5631010.46939679
0.000761591868982681,79.1524359244992,523737.787215289,5631010.46939679
0.000619134073510946,79.1524359244992,524237.787215289,5631010.46939679
0.000754385158820865,79.1524359244992,524737.787215289,5631010.46939679
0.000818030754617816,79.1524359244992,525237.787215289,5631010.46939679
0.000572699190327898,79.1524359244992,525737.787215289,5631010.46939679
0.000375355613458316,79.1524359244992,526237.787215289,5631010.46939679
0.000444760969666548,79.1524359244992,526737.787215289,5631010.46939679
0.000124192129833233,79.1524359244992,527237.787215289,5631010.46939679
0.000104823715226176,79.1524359244992,527737.787215289,5631010.46939679
0.000147761218502686,79.1524359244992,488737.787215289,5631510.46939679
0.000100213787647949,79.1524359244992,489237.787215289,5631510.46939679
0.00013672057192416,79.1524359244992,489737.787215289,5631510.46939679
0.000178518013896799,79.1524359244992,490237.787215289,5631510.46939679
0.000147761218502686,79.1524359244992,490737.787215289,5631510.46939679
0.000112226377833265,79.1524359244992,491237.787215289,5631510.46939679
0.00014930769376725,79.1524359244992,491737.787215289,5631510.46939679
8.72392337635797e-05,79.1524359244992,492237.787215289,5631510.46939679
5.89910354705257e-05,79.1524359244992,492737.787215289,5631510.46939679
8.31370981427327e-05,79.1524359244992,493237.787215289,5631510.46939679
5.63787746440224e-05,79.1524359244992,493737.787215289,5631510.46939679
5.65637707448294e-05,79.1524359244992,494237.787215289,5631510.46939679
7.59246950237958e-05,79.1524359244992,494737.787215289,5631510.46939679
0.000417685721244527,79.1524359244992,495237.787215289,5631510.46939679
0.000417685721244527,79.1524359244992,495737.787215289,5631510.46939679
0.000417685721244527,79.1524359244992,496237.787215289,5631510.46939679
0.000417685721244527,79.1524359244992,496737.787215289,5631510.46939679
0.000417685721244527,79.1524359244992,497237.787215289,5631510.46939679
5.25169935880732e-05,79.1524359244992,497737.787215289,5631510.46939679
1.87406946576267e-05,79.1524359244992,498237.787215289,5631510.46939679
3.28214943360729e-05,79.1524359244992,498737.787215289,5631510.46939679
1.27102091727832e-05,79.1524359244992,499237.787215289,5631510.46939679
4.75888109174723e-05,79.1524359244992,499737.787215289,5631510.46939679
8.78054849067346e-05,79.1524359244992,500237.787215289,5631510.46939679
0.000417685721244527,79.1524359244992,500737.787215289,5631510.46939679
0.000417685721244527,79.1524359244992,501237.787215289,5631510.46939679
0.000417685721244527,79.1524359244992,501737.787215289,5631510.46939679
0.000417685721244527,79.1524359244992,502237.787215289,5631510.46939679
0.000417685721244527,79.1524359244992,502737.787215289,5631510.46939679
0.000417685721244527,79.1524359244992,503237.787215289,5631510.46939679
0.000417685721244527,79.1524359244992,503737.787215289,5631510.46939679
0.000164486576020337,79.1524359244992,504237.787215289,5631510.46939679
6.33262705058916e-05,79.1524359244992,504737.787215289,5631510.46939679
4.98182078682109e-05,79.1524359244992,505237.787215289,5631510.46939679
4.07623244204187e-05,79.1524359244992,505737.787215289,5631510.46939679
3.44794310799719e-05,79.1524359244992,506237.787215289,5631510.46939679
8.45727672266035e-06,79.1524359244992,506737.787215289,5631510.46939679
2.17532267530542e-05,79.1524359244992,507237.787215289,5631510.46939679
1.68972834058903e-05,79.1524359244992,507737.787215289,5631510.46939679
3.52581191249068e-05,79.1524359244992,508237.787215289,5631510.46939679
3.76985860222576e-05,79.1524359244992,508737.787215289,5631510.46939679
0.000417685721244527,79.1524359244992,509237.787215289,5631510.46939679
0.000417685721244527,79.1524359244992,509737.787215289,5631510.46939679
1.85776038582989e-05,79.1524359244992,510237.787215289,5631510.46939679
2.01027854215321e-05,79.1524359244992,510737.787215289,5631510.46939679
6.81899879917091e-05,79.1524359244992,511237.787215289,5631510.46939679
4.76923509729922e-05,79.1524359244992,511737.787215289,5631510.46939679
1.60856371331828e-05,79.1524359244992,512237.787215289,5631510.46939679
2.99939240990222e-05,79.1524359244992,512737.787215289,5631510.46939679
3.32877308373358e-05,79.1524359244992,513237.787215289,5631510.46939679
3.61353724038557e-05,79.1524359244992,513737.787215289,5631510.46939679
5.92701058685025e-05,79.1524359244992,514237.787215289,5631510.46939679
0.000113991577232626,79.1524359244992,514737.787215289,5631510.46939679
0.000311851128292251,79.1524359244992,515237.787215289,5631510.46939679
0.000349734135849245,79.1524359244992,515737.787215289,5631510.46939679
0.000482720480205065,79.1524359244992,516237.787215289,5631510.46939679
0.000357557595725842,79.1524359244992,516737.787215289,5631510.46939679
0.000423211118882873,79.1524359244992,517237.787215289,5631510.46939679
0.000784811922254997,79.1524359244992,517737.787215289,5631510.46939679
0.000689532270546161,79.1524359244992,518237.787215289,5631510.46939679
0.000366658247801405,79.1524359244992,518737.787215289,5631510.46939679
0.000438033125121736,79.1524359244992,519237.787215289,5631510.46939679
0.000592468617491934,79.1524359244992,519737.787215289,5631510.46939679
0.000832656336588088,79.1524359244992,520237.787215289,5631510.46939679
0.000865860091130335,79.1524359244992,520737.787215289,5631510.46939679
0.000557609722582959,79.1524359244992,521237.787215289,5631510.46939679
0.000539976202278068,79.1524359244992,521737.787215289,5631510.46939679
0.000419905650462052,79.1524359244992,522237.787215289,5631510.46939679
0.00019821108736564,79.1524359244992,522737.787215289,5631510.46939679
0.000524781396097285,79.1524359244992,523237.787215289,5631510.46939679
0.000577040045109984,79.1524359244992,523737.787215289,5631510.46939679
0.000858626190397,79.1524359244992,524237.787215289,5631510.46939679
0.000793165160926873,79.1524359244992,524737.787215289,5631510.46939679
0.000702054641049618,79.1524359244992,525237.787215289,5631510.46939679
0.000547132163190156,79.1524359244992,525737.787215289,5631510.46939679
0.000606782515355799,79.1524359244992,526237.787215289,5631510.46939679
0.000195669912153195,79.1524359244992,526737.787215289,5631510.46939679
0.000129581455267668,79.1524359244992,527237.787215289,5631510.46939679
0.00016382143938921,79.1524359244992,527737.787215289,5631510.46939679
9.45011687590403e-05,79.1524359244992,528237.787215289,5631510.46939679
0.000192284500349169,79.1524359244992,488237.787215289,5632010.46939679
0.000255628027264673,79.1524359244992,488737.787215289,5632010.46939679
0.000160416443706895,79.1524359244992,489237.787215289,5632010.46939679
0.000207812121255123,79.1524359244992,489737.787215289,5632010.46939679
0.000225755386630581,79.1524359244992,490237.787215289,5632010.46939679
0.000117060361624284,79.1524359244992,490737.787215289,5632010.46939679
0.000160681665871999,79.1524359244992,491237.787215289,5632010.46939679
0.000100827443850352,79.1524359244992,491737.787215289,5632010.46939679
0.000114061340824767,79.1524359244992,492237.787215289,5632010.46939679
0.000140305942531636,79.1524359244992,492737.787215289,5632010.46939679
8.19674008811984e-05,79.1524359244992,493237.787215289,5632010.46939679
7.97537059481373e-05,79.1524359244992,493737.787215289,5632010.46939679
0.000127089730001868,79.1524359244992,494237.787215289,5632010.46939679
8.47342717325107e-05,79.1524359244992,494737.787215289,5632010.46939679
0.000135011970049915,79.1524359244992,495237.787215289,5632010.46939679
7.51973513408279e-05,79.1524359244992,495737.787215289,5632010.46939679
7.05060726536868e-05,79.1524359244992,496237.787215289,5632010.46939679
0.000417685721244527,79.1524359244992,496737.787215289,5632010.46939679
0.000417685721244527,79.1524359244992,497237.787215289,5632010.46939679
0.000417685721244527,79.1524359244992,497737.787215289,5632010.46939679
7.96799191506083e-05,79.1524359244992,498237.787215289,5632010.46939679
0.000417685721244527,79.1524359244992,498737.787215289,5632010.46939679
0.000417685721244527,79.1524359244992,499237.787215289,5632010.46939679
0.000417685721244527,79.1524359244992,499737.787215289,5632010.46939679
0.000417685721244527,79.1524359244992,500237.787215289,5632010.46939679
0.000417685721244527,79.1524359244992,500737.787215289,5632010.46939679
0.000417685721244527,79.1524359244992,501237.787215289,5632010.46939679
0.000417685721244527,79.1524359244992,501737.787215289,5632010.46939679
0.000417685721244527,79.1524359244992,502237.787215289,5632010.46939679
6.40345176726182e-05,79.1524359244992,502737.787215289,5632010.46939679
6.85047488843643e-05,79.1524359244992,503237.787215289,5632010.46939679
7.22203024149658e-05,79.1524359244992,503737.787215289,5632010.46939679
8.63283711233471e-05,79.1524359244992,504237.787215289,5632010.46939679
6.09227044168391e-05,79.1524359244992,504737.787215289,5632010.46939679
4.5209295313819e-05,79.1524359244992,505237.787215289,5632010.46939679
4.81022654154323e-05,79.1524359244992,505737.787215289,5632010.46939679
0.000290709243636503,79.1524359244992,506237.787215289,5632010.46939679
0.000120565782956087,79.1524359244992,506737.787215289,5632010.46939679
1.07222196446388e-05,79.1524359244992,507237.787215289,5632010.46939679
1.64654911227088e-05,79.1524359244992,507737.787215289,5632010.46939679
6.23142714185993e-05,79.1524359244992,508237.787215289,5632010.46939679
5.36672113805636e-05,79.1524359244992,508737.787215289,5632010.46939679
6.43362180362203e-05,79.1524359244992,509237.787215289,5632010.46939679
8.81340725838919e-05,79.1524359244992,509737.787215289,5632010.46939679
1.32664900011897e-05,79.1524359244992,510237.787215289,5632010.46939679
1.63447668803372e-05,79.1524359244992,510737.787215289,5632010.46939679
3.34225527702724e-05,79.1524359244992,511237.787215289,5632010.46939679
1.4382013574398e-05,79.1524359244992,511737.787215289,5632010.46939679
1.44675557708241e-05,79.1524359244992,512237.787215289,5632010.46939679
2.22853475014979e-05,79.1524359244992,512737.787215289,5632010.46939679
3.59087337598108e-05,79.1524359244992,513237.787215289,5632010.46939679
4.49149912894067e-05,79.1524359244992,513737.787215289,5632010.46939679
5.1597075467651e-05,79.1524359244992,514237.787215289,5632010.46939679
7.1732261916493e-05,79.1524359244992,514737.787215289,5632010.46939679
7.90232008730023e-05,79.1524359244992,515237.787215289,5632010.46939679
0.000107912356429117,79.1524359244992,515737.787215289,5632010.46939679
0.00024788253195413,79.1524359244992,516237.787215289,5632010.46939679
0.000290675491391774,79.1524359244992,516737.787215289,5632010.46939679
0.000515721250629228,79.1524359244992,517237.787215289,5632010.46939679
0.000357961232737582,79.1524359244992,517737.787215289,5632010.46939679
0.000570421096786884,79.1524359244992,518237.787215289,5632010.46939679
0.000248615817167123,79.1524359244992,518737.787215289,5632010.46939679
0.000126553979580181,79.1524359244992,519237.787215289,5632010.46939679
0.000322123551699893,79.1524359244992,519737.787215289,5632010.46939679
0.000198198315887075,79.1524359244992,520237.787215289,5632010.46939679
0.000371611005945535,79.1524359244992,520737.787215289,5632010.46939679
0.000445434613505386,79.1524359244992,521237.787215289,5632010.46939679
0.000177615099344688,79.1524359244992,521737.787215289,5632010.46939679
0.000215107540893686,79.1524359244992,522237.787215289,5632010.46939679
0.000174871100205324,79.1524359244992,522737.787215289,5632010.46939679
0.000522130600773369,79.1524359244992,523237.787215289,5632010.46939679
0.000718671879488059,79.1524359244992,523737.787215289,5632010.46939679
0.000576204497516267,79.1524359244992,524237.787215289,5632010.46939679
0.000271566873675536,79.1524359244992,524737.787215289,5632010.46939679
0.000224407232529222,79.1524359244992,525237.787215289,5632010.46939679
0.000451872370238939,79.1524359244992,525737.787215289,5632010.46939679
5.88384856881778e-05,79.1524359244992,526237.787215289,5632010.46939679
0.00010323815423076,79.1524359244992,526737.787215289,5632010.46939679
0.000164167538684429,79.1524359244992,527237.787215289,5632010.46939679
0.000351023472194724,79.1524359244992,527737.787215289,5632010.46939679
0.000237732713020372,79.1524359244992,528237.787215289,5632010.46939679
0.000213863288388988,79.1524359244992,528737.787215289,5632010.46939679
9.34349510021355e-05,79.1524359244992,487737.787215289,5632510.46939679
0.000127472279399264,79.1524359244992,488237.787215289,5632510.46939679
0.000225291150350161,79.1524359244992,488737.787215289,5632510.46939679
0.000203130592854331,79.1524359244992,489237.787215289,5632510.46939679
0.000187952773479823,79.1524359244992,489737.787215289,5632510.46939679
0.000193975919055382,79.1524359244992,490237.787215289,5632510.46939679
0.000167322114706841,79.1524359244992,490737.787215289,5632510.46939679
0.000105545826454014,79.1524359244992,491237.787215289,5632510.46939679
0.000105597343817204,79.1524359244992,491737.787215289,5632510.46939679
0.000114588665204345,79.1524359244992,492237.787215289,5632510.46939679
0.00016895640005816,79.1524359244992,492737.787215289,5632510.46939679
0.000177213570861475,79.1524359244992,493237.787215289,5632510.46939679
0.00011746224257453,79.1524359244992,493737.787215289,5632510.46939679
0.000148278464569501,79.1524359244992,494237.787215289,5632510.46939679
0.000124035023810962,79.1524359244992,494737.787215289,5632510.46939679
9.47853632097674e-05,79.1524359244992,495237.787215289,5632510.46939679
6.74031825671259e-05,79.1524359244992,495737.787215289,5632510.46939679
0.000112484860314277,79.1524359244992,496237.787215289,5632510.46939679
5.75021007138632e-05,79.1524359244992,496737.787215289,5632510.46939679
0.000417685721244527,79.1524359244992,497237.787215289,5632510.46939679
0.000180630309532799,79.1524359244992,497737.787215289,5632510.46939679
0.000171848418124472,79.1524359244992,498237.787215289,5632510.46939679
0.000417685721244527,79.1524359244992,498737.787215289,5632510.46939679
0.000417685721244527,79.1524359244992,499237.787215289,5632510.46939679
0.000417685721244527,79.1524359244992,499737.787215289,5632510.46939679
0.000417685721244527,79.1524359244992,500237.787215289,5632510.46939679
0.000417685721244527,79.1524359244992,500737.787215289,5632510.46939679
0.000417685721244527,79.1524359244992,501237.787215289,5632510.46939679
6.00767998170432e-05,79.1524359244992,501737.787215289,5632510.46939679
5.14563211536548e-05,79.1524359244992,502237.787215289,5632510.46939679
6.37374832364016e-05,79.1524359244992,502737.787215289,5632510.46939679
0.000106485945057344,79.1524359244992,503237.787215289,5632510.46939679
6.50693054541515e-05,79.1524359244992,503737.787215289,5632510.46939679
7.93920241094581e-05,79.1524359244992,504237.787215289,5632510.46939679
0.000106680746403854,79.1524359244992,504737.787215289,5632510.46939679
2.5183178980839e-05,79.1524359244992,505237.787215289,5632510.46939679
3.17899865557939e-05,79.1524359244992,505737.787215289,5632510.46939679
5.14317676505933e-05,79.1524359244992,506237.787215289,5632510.46939679
1.3949882019309e-05,79.1524359244992,506737.787215289,5632510.46939679
7.91101435776093e-06,79.1524359244992,507237.787215289,5632510.46939679
2.72168054858936e-05,79.1524359244992,507737.787215289,5632510.46939679
2.33015040618808e-05,79.1524359244992,508237.787215289,5632510.46939679
2.15604269802065e-05,79.1524359244992,508737.787215289,5632510.46939679
0.000117259296196253,79.1524359244992,509237.787215289,5632510.46939679
4.40329980475172e-05,79.1524359244992,509737.787215289,5632510.46939679
6.53980625496631e-05,79.1524359244992,510237.787215289,5632510.46939679
2.96155806651177e-05,79.1524359244992,510737.787215289,5632510.46939679
2.4241507579383e-05,79.1524359244992,511237.787215289,5632510.46939679
1.25098245329179e-05,79.1524359244992,511737.787215289,5632510.46939679
1.45460033979491e-05,79.1524359244992,512237.787215289,5632510.46939679
1.93666378711521e-05,79.1524359244992,512737.787215289,5632510.46939679
0.0001089388208874,79.1524359244992,513237.787215289,5632510.46939679
4.71370763951948e-05,79.1524359244992,513737.787215289,5632510.46939679
5.02653273080479e-05,79.1524359244992,514237.787215289,5632510.46939679
7.11698144927824e-05,79.1524359244992,514737.787215289,5632510.46939679
7.86670882386779e-05,79.1524359244992,515237.787215289,5632510.46939679
0.000107600994913742,79.1524359244992,515737.787215289,5632510.46939679
0.000202070066094299,79.1524359244992,516237.787215289,5632510.46939679
0.000322475699115319,79.1524359244992,516737.787215289,5632510.46939679
0.00046551298773819,79.1524359244992,517237.787215289,5632510.46939679
0.000339616813628682,79.1524359244992,517737.787215289,5632510.46939679
0.000527359250186272,79.1524359244992,518237.787215289,5632510.46939679
0.000473509706285163,79.1524359244992,518737.787215289,5632510.46939679
0.000137364537190077,79.1524359244992,519237.787215289,5632510.46939679
0.000421690850187241,79.1524359244992,519737.787215289,5632510.46939679
0.000500195596551136,79.1524359244992,520237.787215289,5632510.46939679
0.000162403618499264,79.1524359244992,520737.787215289,5632510.46939679
0.000353070697352752,79.1524359244992,521237.787215289,5632510.46939679
0.000411068785069317,79.1524359244992,521737.787215289,5632510.46939679
0.00013155132207126,79.1524359244992,522237.787215289,5632510.46939679
0.000199053768044752,79.1524359244992,522737.787215289,5632510.46939679
0.000347574418289304,79.1524359244992,523237.787215289,5632510.46939679
0.000555844586359731,79.1524359244992,523737.787215289,5632510.46939679
0.000535366436241965,79.1524359244992,524237.787215289,5632510.46939679
0.000309533669656445,79.1524359244992,524737.787215289,5632510.46939679
0.000151354747454636,79.1524359244992,525237.787215289,5632510.46939679
0.000485895750506509,79.1524359244992,525737.787215289,5632510.46939679
6.42493332157553e-05,79.1524359244992,526237.787215289,5632510.46939679
0.000271871795903862,79.1524359244992,526737.787215289,5632510.46939679
0.000387152300486378,79.1524359244992,527237.787215289,5632510.46939679
0.000175072843982758,79.1524359244992,527737.787215289,5632510.46939679
0.000189179316426053,79.1524359244992,528237.787215289,5632510.46939679
0.000173381783359874,79.1524359244992,528737.787215289,5632510.46939679
0.000205821594245474,79.1524359244992,529237.787215289,5632510.46939679
0.000174791949007119,79.1524359244992,487237.787215289,5633010.46939679
0.00034924756333752,79.1524359244992,487737.787215289,5633010.46939679
0.000377450480140412,79.1524359244992,488237.787215289,5633010.46939679
0.000387348770048268,79.1524359244992,488737.787215289,5633010.46939679
0.000387348770048268,79.1524359244992,489237.787215289,5633010.46939679
0.000387348770048268,79.1524359244992,489737.787215289,5633010.46939679
0.000389968562836907,79.1524359244992,490237.787215289,5633010.46939679
0.000349118042004089,79.1524359244992,490737.787215289,5633010.46939679
0.000279526566907749,79.1524359244992,491237.787215289,5633010.46939679
0.000289480844584423,79.1524359244992,491737.787215289,5633010.46939679
7.97461100476903e-05,79.1524359244992,492237.787215289,5633010.46939679
9.31456767623551e-05,79.1524359244992,492737.787215289,5633010.46939679
0.000129751282147069,79.1524359244992,493237.787215289,5633010.46939679
0.000111368847178633,79.1524359244992,493737.787215289,5633010.46939679
0.000263146335982854,79.1524359244992,494237.787215289,5633010.46939679
0.000208965237523229,79.1524359244992,494737.787215289,5633010.46939679
0.000147326504396405,79.1524359244992,495237.787215289,5633010.46939679
0.000145930235346323,79.1524359244992,495737.787215289,5633010.46939679
0.000135144020556806,79.1524359244992,496237.787215289,5633010.46939679
0.000130987508822959,79.1524359244992,496737.787215289,5633010.46939679
8.19674008811984e-05,79.1524359244992,497237.787215289,5633010.46939679
5.07670789983792e-05,79.1524359244992,497737.787215289,5633010.46939679
4.28211002656011e-05,79.1524359244992,498237.787215289,5633010.46939679
0.000417685721244527,79.1524359244992,498737.787215289,5633010.46939679
0.000417685721244527,79.1524359244992,499237.787215289,5633010.46939679
0.000417685721244527,79.1524359244992,499737.787215289,5633010.46939679
0.000225753411813471,79.1524359244992,500237.787215289,5633010.46939679
0.000192659704069513,79.1524359244992,500737.787215289,5633010.46939679
6.15642908766577e-05,79.1524359244992,501237.787215289,5633010.46939679
0.000114124684921098,79.1524359244992,501737.787215289,5633010.46939679
0.000126947714207181,79.1524359244992,502237.787215289,5633010.46939679
6.97534799040213e-05,79.1524359244992,502737.787215289,5633010.46939679
7.2273878271548e-05,79.1524359244992,503237.787215289,5633010.46939679
0.000170426381282824,79.1524359244992,503737.787215289,5633010.46939679
0.000139338765495895,79.1524359244992,504237.787215289,5633010.46939679
5.41812288401529e-05,79.1524359244992,504737.787215289,5633010.46939679
4.7869031842252e-05,79.1524359244992,505237.787215289,5633010.46939679
2.94146541793069e-05,79.1524359244992,505737.787215289,5633010.46939679
2.67251669817365e-05,79.1524359244992,506237.787215289,5633010.46939679
0.000417685721244527,79.1524359244992,506737.787215289,5633010.46939679
0.000417685721244527,79.1524359244992,507237.787215289,5633010.46939679
2.18896531233607e-05,79.1524359244992,507737.787215289,5633010.46939679
2.39125644648449e-05,79.1524359244992,508237.787215289,5633010.46939679
3.98926193008212e-05,79.1524359244992,508737.787215289,5633010.46939679
5.44047001832763e-05,79.1524359244992,509237.787215289,5633010.46939679
0.00010250947459406,79.1524359244992,509737.787215289,5633010.46939679
2.37351720520158e-05,79.1524359244992,510237.787215289,5633010.46939679
2.35415596917903e-05,79.1524359244992,510737.787215289,5633010.46939679
1.80447276838503e-05,79.1524359244992,511237.787215289,5633010.46939679
1.35932987803337e-05,79.1524359244992,511737.787215289,5633010.46939679
1.44266291682952e-05,79.1524359244992,512237.787215289,5633010.46939679
2.17819942539432e-05,79.1524359244992,512737.787215289,5633010.46939679
0.000101300530828344,79.1524359244992,513237.787215289,5633010.46939679
4.13524190166698e-05,79.1524359244992,513737.787215289,5633010.46939679
5.19170421628268e-05,79.1524359244992,514237.787215289,5633010.46939679
6.78902060183464e-05,79.1524359244992,514737.787215289,5633010.46939679
7.48995211582821e-05,79.1524359244992,515237.787215289,5633010.46939679
7.64660074179847e-05,79.1524359244992,515737.787215289,5633010.46939679
0.000101157196934734,79.1524359244992,516237.787215289,5633010.46939679
0.000243220070734053,79.1524359244992,516737.787215289,5633010.46939679
0.000235872915297057,79.1524359244992,517237.787215289,5633010.46939679
0.000305757535780096,79.1524359244992,517737.787215289,5633010.46939679
0.000357133314444995,79.1524359244992,518237.787215289,5633010.46939679
0.000363670112481622,79.1524359244992,518737.787215289,5633010.46939679
0.000106542253691463,79.1524359244992,519237.787215289,5633010.46939679
0.000597734988434004,79.1524359244992,519737.787215289,5633010.46939679
0.000467695266359753,79.1524359244992,520237.787215289,5633010.46939679
0.000338434102602267,79.1524359244992,520737.787215289,5633010.46939679
0.000145902930046447,79.1524359244992,521237.787215289,5633010.46939679
0.000390765013333785,79.1524359244992,521737.787215289,5633010.46939679
0.000140966795191339,79.1524359244992,522237.787215289,5633010.46939679
0.000376981808265907,79.1524359244992,522737.787215289,5633010.46939679
0.000430248765864038,79.1524359244992,523237.787215289,5633010.46939679
0.000584891573705315,79.1524359244992,523737.787215289,5633010.46939679
0.000482780029314417,79.1524359244992,524237.787215289,5633010.46939679
0.00014450039652449,79.1524359244992,524737.787215289,5633010.46939679
9.57480970878644e-05,79.1524359244992,525237.787215289,5633010.46939679
0.000209248611774938,79.1524359244992,525737.787215289,5633010.46939679
0.000462821266462715,79.1524359244992,526237.787215289,5633010.46939679
0.000206489816465344,79.1524359244992,526737.787215289,5633010.46939679
7.63433218157961e-05,79.1524359244992,527237.787215289,5633010.46939679
7.29012402442119e-05,79.1524359244992,527737.787215289,5633010.46939679
7.13215529922279e-05,79.1524359244992,528237.787215289,5633010.46939679
6.31865513164024e-05,79.1524359244992,528737.787215289,5633010.46939679
6.06238279424987e-05,79.1524359244992,529237.787215289,5633010.46939679
7.44008887079509e-05,79.1524359244992,486737.787215289,5633510.46939679
0.000184100552843619,79.1524359244992,487237.787215289,5633510.46939679
0.000380046439598663,79.1524359244992,487737.787215289,5633510.46939679
0.000421507653576664,79.1524359244992,488237.787215289,5633510.46939679
0.000421507653576664,79.1524359244992,488737.787215289,5633510.46939679
0.000380046439598663,79.1524359244992,489237.787215289,5633510.46939679
0.000176522095882088,79.1524359244992,489737.787215289,5633510.46939679
0.000421507653576664,79.1524359244992,490237.787215289,5633510.46939679
0.000356437958227806,79.1524359244992,490737.787215289,5633510.46939679
0.000367668727047426,79.1524359244992,491237.787215289,5633510.46939679
0.000241349775829658,79.1524359244992,491737.787215289,5633510.46939679
0.000237262187851419,79.1524359244992,492237.787215289,5633510.46939679
0.000256421908481965,79.1524359244992,492737.787215289,5633510.46939679
0.00014758598438079,79.1524359244992,493237.787215289,5633510.46939679
0.0002223067223109,79.1524359244992,493737.787215289,5633510.46939679
0.000243212089201563,79.1524359244992,494237.787215289,5633510.46939679
0.000104811218039512,79.1524359244992,494737.787215289,5633510.46939679
9.42279397295372e-05,79.1524359244992,495237.787215289,5633510.46939679
0.0001532769441632,79.1524359244992,495737.787215289,5633510.46939679
0.000150507721660714,79.1524359244992,496237.787215289,5633510.46939679
6.34065278767042e-05,79.1524359244992,496737.787215289,5633510.46939679
5.11530364449527e-05,79.1524359244992,497237.787215289,5633510.46939679
6.51598401447886e-05,79.1524359244992,497737.787215289,5633510.46939679
5.56381801154141e-05,79.1524359244992,498237.787215289,5633510.46939679
0.000117484851338521,79.1524359244992,498737.787215289,5633510.46939679
6.01024157127157e-05,79.1524359244992,499237.787215289,5633510.46939679
8.10636363237372e-05,79.1524359244992,499737.787215289,5633510.46939679
4.95187699870033e-05,79.1524359244992,500237.787215289,5633510.46939679
0.000120677431701602,79.1524359244992,500737.787215289,5633510.46939679
6.99929511853145e-05,79.1524359244992,501237.787215289,5633510.46939679
9.52954788936307e-05,79.1524359244992,501737.787215289,5633510.46939679
7.57225288668651e-05,79.1524359244992,502237.787215289,5633510.46939679
0.000143251820552736,79.1524359244992,502737.787215289,5633510.46939679
0.000149735861949265,79.1524359244992,503237.787215289,5633510.46939679
0.000131478071285023,79.1524359244992,503737.787215289,5633510.46939679
0.000126777711048596,79.1524359244992,504237.787215289,5633510.46939679
0.000123830290823005,79.1524359244992,504737.787215289,5633510.46939679
5.52703184466184e-05,79.1524359244992,505237.787215289,5633510.46939679
3.93683819534527e-05,79.1524359244992,505737.787215289,5633510.46939679
5.27143640934935e-05,79.1524359244992,506237.787215289,5633510.46939679
0.000417685721244527,79.1524359244992,506737.787215289,5633510.46939679
0.000417685721244527,79.1524359244992,507237.787215289,5633510.46939679
1.59934404108323e-05,79.1524359244992,507737.787215289,5633510.46939679
2.5183178980839e-05,79.1524359244992,508237.787215289,5633510.46939679
3.61192091512627e-05,79.1524359244992,508737.787215289,5633510.46939679
4.02163251785826e-05,79.1524359244992,509237.787215289,5633510.46939679
4.24485539387906e-05,79.1524359244992,509737.787215289,5633510.46939679
1.34296286325567e-05,79.1524359244992,510237.787215289,5633510.46939679
0.000357599114091968,79.1524359244992,510737.787215289,5633510.46939679
2.21732967941037e-05,79.1524359244992,511237.787215289,5633510.46939679
1.12861496080003e-05,79.1524359244992,511737.787215289,5633510.46939679
1.98486671378707e-05,79.1524359244992,512237.787215289,5633510.46939679
3.5899232090412e-05,79.1524359244992,512737.787215289,5633510.46939679
4.93758972699589e-05,79.1524359244992,513237.787215289,5633510.46939679
7.01713747959434e-05,79.1524359244992,513737.787215289,5633510.46939679
4.79213643937666e-05,79.1524359244992,514237.787215289,5633510.46939679
6.21525697094477e-05,79.1524359244992,514737.787215289,5633510.46939679
7.10788571162106e-05,79.1524359244992,515237.787215289,5633510.46939679
7.29012402442119e-05,79.1524359244992,515737.787215289,5633510.46939679
8.64289567433368e-05,79.1524359244992,516237.787215289,5633510.46939679
7.09290722126015e-05,79.1524359244992,516737.787215289,5633510.46939679
0.00024268150988133,79.1524359244992,517237.787215289,5633510.46939679
0.000288071195270122,79.1524359244992,517737.787215289,5633510.46939679
0.000366634656136552,79.1524359244992,518237.787215289,5633510.46939679
0.000268502896513113,79.1524359244992,518737.787215289,5633510.46939679
0.000134755096762081,79.1524359244992,519237.787215289,5633510.46939679
0.000173206598425384,79.1524359244992,519737.787215289,5633510.46939679
0.000120587201879052,79.1524359244992,520237.787215289,5633510.46939679
0.000114027061806186,79.1524359244992,520737.787215289,5633510.46939679
0.000251634569102187,79.1524359244992,521237.787215289,5633510.46939679
0.000145977414452197,79.1524359244992,521737.787215289,5633510.46939679
0.000118165494216134,79.1524359244992,522237.787215289,5633510.46939679
0.000338183421006253,79.1524359244992,522737.787215289,5633510.46939679
0.000397604328404945,79.1524359244992,523237.787215289,5633510.46939679
0.000101363362725373,79.1524359244992,523737.787215289,5633510.46939679
0.000103087214826181,79.1524359244992,524237.787215289,5633510.46939679
0.000104810785613305,79.1524359244992,524737.787215289,5633510.46939679
8.68635505489387e-05,79.1524359244992,525237.787215289,5633510.46939679
9.35987802436151e-05,79.1524359244992,525737.787215289,5633510.46939679
8.70320894790607e-05,79.1524359244992,526237.787215289,5633510.46939679
6.92625117746012e-05,79.1524359244992,526737.787215289,5633510.46939679
9.26158958729309e-05,79.1524359244992,527237.787215289,5633510.46939679
6.76201882199517e-05,79.1524359244992,527737.787215289,5633510.46939679
5.99240435176326e-05,79.1524359244992,528237.787215289,5633510.46939679
5.84799515207452e-05,79.1524359244992,528737.787215289,5633510.46939679
5.18080699061079e-05,79.1524359244992,529237.787215289,5633510.46939679
4.85451560288881e-05,79.1524359244992,529737.787215289,5633510.46939679
0.000442886174858996,79.1524359244992,486237.787215289,5634010.46939679
0.000442886174858996,79.1524359244992,486737.787215289,5634010.46939679
0.000207536293037861,79.1524359244992,487237.787215289,5634010.46939679
0.000454500455368866,79.1524359244992,487737.787215289,5634010.46939679
0.000478650724862822,79.1524359244992,488237.787215289,5634010.46939679
0.000205709586191281,79.1524359244992,488737.787215289,5634010.46939679
0.000491202897634029,79.1524359244992,489237.787215289,5634010.46939679
0.000417685721244527,79.1524359244992,489737.787215289,5634010.46939679
0.000482901156611852,79.1524359244992,490237.787215289,5634010.46939679
0.000455342640249364,79.1524359244992,490737.787215289,5634010.46939679
0.000424648179389834,79.1524359244992,491237.787215289,5634010.46939679
0.000356437958227806,79.1524359244992,491737.787215289,5634010.46939679
0.000387348770048268,79.1524359244992,492237.787215289,5634010.46939679
0.000387348770048268,79.1524359244992,492737.787215289,5634010.46939679
0.000385221523631171,79.1524359244992,493237.787215289,5634010.46939679
0.000409425726465201,79.1524359244992,493737.787215289,5634010.46939679
0.000351649553964159,79.1524359244992,494237.787215289,5634010.46939679
0.0002642781233639,79.1524359244992,494737.787215289,5634010.46939679
0.000156881070310812,79.1524359244992,495237.787215289,5634010.46939679
9.6232468622783e-05,79.1524359244992,495737.787215289,5634010.46939679
0.000185576141789526,79.1524359244992,496237.787215289,5634010.46939679
8.16314168722712e-05,79.1524359244992,496737.787215289,5634010.46939679
7.65284905737739e-05,79.1524359244992,497237.787215289,5634010.46939679
6.29229407603618e-05,79.1524359244992,497737.787215289,5634010.46939679
9.5597440916046e-05,79.1524359244992,498237.787215289,5634010.46939679
0.00011759364701792,79.1524359244992,498737.787215289,5634010.46939679
0.000148675609732788,79.1524359244992,499237.787215289,5634010.46939679
0.000148278464569501,79.1524359244992,499737.787215289,5634010.46939679
8.15866501919082e-05,79.1524359244992,500237.787215289,5634010.46939679
0.000197326983613557,79.1524359244992,500737.787215289,5634010.46939679
0.000155923764970874,79.1524359244992,501237.787215289,5634010.46939679
0.000181544338276881,79.1524359244992,501737.787215289,5634010.46939679
0.000259660440942968,79.1524359244992,502237.787215289,5634010.46939679
0.000104743167881851,79.1524359244992,502737.787215289,5634010.46939679
0.000170325324820818,79.1524359244992,503237.787215289,5634010.46939679
0.000193882892800906,79.1524359244992,503737.787215289,5634010.46939679
8.73994074868433e-05,79.1524359244992,504237.787215289,5634010.46939679
0.000107417484602305,79.1524359244992,504737.787215289,5634010.46939679
5.33993046485502e-05,79.1524359244992,505237.787215289,5634010.46939679
3.09776269268815e-05,79.1524359244992,505737.787215289,5634010.46939679
3.34791746159216e-05,79.1524359244992,506237.787215289,5634010.46939679
2.01071394326778e-05,79.1524359244992,506737.787215289,5634010.46939679
0.000417685721244527,79.1524359244992,507237.787215289,5634010.46939679
2.23918762460957e-05,79.1524359244992,507737.787215289,5634010.46939679
1.97364974585685e-05,79.1524359244992,508237.787215289,5634010.46939679
3.36822076832294e-05,79.1524359244992,508737.787215289,5634010.46939679
4.21882418904626e-05,79.1524359244992,509237.787215289,5634010.46939679
7.71080671954887e-05,79.1524359244992,509737.787215289,5634010.46939679
2.42777075753647e-05,79.1524359244992,510237.787215289,5634010.46939679
3.66178017179256e-05,79.1524359244992,510737.787215289,5634010.46939679
2.13611130360384e-05,79.1524359244992,511237.787215289,5634010.46939679
2.52689571174941e-05,79.1524359244992,511737.787215289,5634010.46939679
1.56144677794819e-05,79.1524359244992,512237.787215289,5634010.46939679
4.33873625325993e-05,79.1524359244992,512737.787215289,5634010.46939679
0.00010268182988422,79.1524359244992,513237.787215289,5634010.46939679
6.40345176726182e-05,79.1524359244992,513737.787215289,5634010.46939679
0.000126132699239623,79.1524359244992,514237.787215289,5634010.46939679
5.38082649017483e-05,79.1524359244992,514737.787215289,5634010.46939679
6.0926630146531e-05,79.1524359244992,515237.787215289,5634010.46939679
7.30807461243174e-05,79.1524359244992,515737.787215289,5634010.46939679
6.69212169073566e-05,79.1524359244992,516237.787215289,5634010.46939679
6.93511448312003e-05,79.1524359244992,516737.787215289,5634010.46939679
0.000293336028366482,79.1524359244992,517237.787215289,5634010.46939679
0.000125696453343094,79.1524359244992,517737.787215289,5634010.46939679
0.000155680269640121,79.1524359244992,518237.787215289,5634010.46939679
0.000122707752641685,79.1524359244992,518737.787215289,5634010.46939679
0.00033530925811095,79.1524359244992,519237.787215289,5634010.46939679
0.000375869995801199,79.1524359244992,519737.787215289,5634010.46939679
0.000212807231470466,79.1524359244992,520237.787215289,5634010.46939679
0.000190393725815423,79.1524359244992,520737.787215289,5634010.46939679
0.000420922326261009,79.1524359244992,521237.787215289,5634010.46939679
9.69793745482082e-05,79.1524359244992,521737.787215289,5634010.46939679
9.79222443184871e-05,79.1524359244992,522237.787215289,5634010.46939679
0.000100490164651591,79.1524359244992,522737.787215289,5634010.46939679
9.88663663648545e-05,79.1524359244992,523237.787215289,5634010.46939679
8.43920220202925e-05,79.1524359244992,523737.787215289,5634010.46939679
8.82076858540103e-05,79.1524359244992,524237.787215289,5634010.46939679
8.284713109414e-05,79.1524359244992,524737.787215289,5634010.46939679
0.000200300765057292,79.1524359244992,525237.787215289,5634010.46939679
7.38652794984958e-05,79.1524359244992,525737.787215289,5634010.46939679
6.85204444802948e-05,79.1524359244992,526237.787215289,5634010.46939679
6.09687903883103e-05,79.1524359244992,526737.787215289,5634010.46939679
5.30546022146324e-05,79.1524359244992,527237.787215289,5634010.46939679
9.53098575670744e-05,79.1524359244992,527737.787215289,5634010.46939679
0.000116348937005161,79.1524359244992,528237.787215289,5634010.46939679
4.41923425484303e-05,79.1524359244992,528737.787215289,5634010.46939679
4.32230602964829e-05,79.1524359244992,529237.787215289,5634010.46939679
4.12709611284378e-05,79.1524359244992,529737.787215289,5634010.46939679
3.86805055489548e-05,79.1524359244992,530237.787215289,5634010.46939679
0.000211295849511387,79.1524359244992,485737.787215289,5634510.46939679
0.000239807634827567,79.1524359244992,486237.787215289,5634510.46939679
0.000535448977143131,79.1524359244992,486737.787215289,5634510.46939679
0.000413329213815906,79.1524359244992,487237.787215289,5634510.46939679
0.0005217661424049,79.1524359244992,487737.787215289,5634510.46939679
0.000578688285129274,79.1524359244992,488237.787215289,5634510.46939679
0.000242347364482319,79.1524359244992,488737.787215289,5634510.46939679
0.000578688285129274,79.1524359244992,489237.787215289,5634510.46939679
0.000578688285129274,79.1524359244992,489737.787215289,5634510.46939679
0.000578688285129274,79.1524359244992,490237.787215289,5634510.46939679
0.000472080886475091,79.1524359244992,490737.787215289,5634510.46939679
0.000491202897634029,79.1524359244992,491237.787215289,5634510.46939679
0.000192244104112598,79.1524359244992,491737.787215289,5634510.46939679
0.000190691762105055,79.1524359244992,492237.787215289,5634510.46939679
0.000190691762105055,79.1524359244992,492737.787215289,5634510.46939679
0.000459049394544786,79.1524359244992,493237.787215289,5634510.46939679
0.000200429760472432,79.1524359244992,493737.787215289,5634510.46939679
0.000466419309648293,79.1524359244992,494237.787215289,5634510.46939679
0.000423277649556903,79.1524359244992,494737.787215289,5634510.46939679
0.000190541415584663,79.1524359244992,495237.787215289,5634510.46939679
0.000220478284118506,79.1524359244992,495737.787215289,5634510.46939679
8.57012031020957e-05,79.1524359244992,496237.787215289,5634510.46939679
0.000106106967729437,79.1524359244992,496737.787215289,5634510.46939679
9.18350629634894e-05,79.1524359244992,497237.787215289,5634510.46939679
0.000212184395362421,79.1524359244992,497737.787215289,5634510.46939679
0.000140941175236398,79.1524359244992,498237.787215289,5634510.46939679
0.000207812121255123,79.1524359244992,498737.787215289,5634510.46939679
0.000163046374269722,79.1524359244992,499237.787215289,5634510.46939679
7.79496138818937e-05,79.1524359244992,499737.787215289,5634510.46939679
0.000126354851465139,79.1524359244992,500237.787215289,5634510.46939679
0.000167220071606444,79.1524359244992,500737.787215289,5634510.46939679
0.000266025366959039,79.1524359244992,501237.787215289,5634510.46939679
0.000321377265188037,79.1524359244992,501737.787215289,5634510.46939679
0.000198332347673726,79.1524359244992,502237.787215289,5634510.46939679
0.000279737153179172,79.1524359244992,502737.787215289,5634510.46939679
0.000421319659022835,79.1524359244992,503237.787215289,5634510.46939679
0.000109436765003669,79.1524359244992,503737.787215289,5634510.46939679
0.000300101895655839,79.1524359244992,504237.787215289,5634510.46939679
0.000102255487047486,79.1524359244992,504737.787215289,5634510.46939679
0.000143143537293824,79.1524359244992,505237.787215289,5634510.46939679
9.33274314248043e-05,79.1524359244992,505737.787215289,5634510.46939679
8.50146773946689e-05,79.1524359244992,506237.787215289,5634510.46939679
2.5183178980839e-05,79.1524359244992,506737.787215289,5634510.46939679
0.000417685721244527,79.1524359244992,507237.787215289,5634510.46939679
0.000417685721244527,79.1524359244992,507737.787215289,5634510.46939679
0.000417685721244527,79.1524359244992,508237.787215289,5634510.46939679
8.97968213508388e-06,79.1524359244992,508737.787215289,5634510.46939679
3.19827756120996e-05,79.1524359244992,509237.787215289,5634510.46939679
3.45654924422292e-05,79.1524359244992,509737.787215289,5634510.46939679
4.40329980475172e-05,79.1524359244992,510237.787215289,5634510.46939679
5.8538615463005e-05,79.1524359244992,510737.787215289,5634510.46939679
3.02298662487973e-05,79.1524359244992,511237.787215289,5634510.46939679
2.78011904147572e-05,79.1524359244992,511737.787215289,5634510.46939679
2.02238684289e-05,79.1524359244992,512237.787215289,5634510.46939679
3.67899389061685e-05,79.1524359244992,512737.787215289,5634510.46939679
5.49380744295706e-05,79.1524359244992,513237.787215289,5634510.46939679
0.000184195350710404,79.1524359244992,513737.787215289,5634510.46939679
3.4898418499055e-05,79.1524359244992,514237.787215289,5634510.46939679
6.18309768552669e-05,79.1524359244992,514737.787215289,5634510.46939679
4.81467309941378e-05,79.1524359244992,515237.787215289,5634510.46939679
5.25493369442183e-05,79.1524359244992,515737.787215289,5634510.46939679
7.78465980748486e-05,79.1524359244992,516237.787215289,5634510.46939679
0.000155517459219601,79.1524359244992,516737.787215289,5634510.46939679
6.92679894303587e-05,79.1524359244992,517237.787215289,5634510.46939679
9.02491941862009e-05,79.1524359244992,517737.787215289,5634510.46939679
7.52918449093596e-05,79.1524359244992,518237.787215289,5634510.46939679
6.81130185586335e-05,79.1524359244992,518737.787215289,5634510.46939679
0.000267697108605781,79.1524359244992,519237.787215289,5634510.46939679
0.000290166711842004,79.1524359244992,519737.787215289,5634510.46939679
0.000229862325539956,79.1524359244992,520237.787215289,5634510.46939679
0.000181538744853045,79.1524359244992,520737.787215289,5634510.46939679
8.01340318636619e-05,79.1524359244992,521237.787215289,5634510.46939679
0.000272532709393567,79.1524359244992,521737.787215289,5634510.46939679
9.27661627652282e-05,79.1524359244992,522237.787215289,5634510.46939679
7.94211914252542e-05,79.1524359244992,522737.787215289,5634510.46939679
7.48995211582821e-05,79.1524359244992,523237.787215289,5634510.46939679
7.05853078749926e-05,79.1524359244992,523737.787215289,5634510.46939679
7.15252914961385e-05,79.1524359244992,524237.787215289,5634510.46939679
7.69170166717632e-05,79.1524359244992,524737.787215289,5634510.46939679
6.65337646936729e-05,79.1524359244992,525237.787215289,5634510.46939679
6.82890781108869e-05,79.1524359244992,525737.787215289,5634510.46939679
6.1243497388887e-05,79.1524359244992,526237.787215289,5634510.46939679
0.000275465988626068,79.1524359244992,526737.787215289,5634510.46939679
5.43387300973091e-05,79.1524359244992,527237.787215289,5634510.46939679
4.53836751941645e-05,79.1524359244992,527737.787215289,5634510.46939679
4.31650954484459e-05,79.1524359244992,528237.787215289,5634510.46939679
4.43847456616552e-05,79.1524359244992,528737.787215289,5634510.46939679
3.36822076832294e-05,79.1524359244992,529237.787215289,5634510.46939679
2.90173017465214e-05,79.1524359244992,529737.787215289,5634510.46939679
0.000417685721244527,79.1524359244992,530237.787215289,5634510.46939679
0.000417685721244527,79.1524359244992,530737.787215289,5634510.46939679
0.000223503414393236,79.1524359244992,485737.787215289,5635010.46939679
0.000253109148294343,79.1524359244992,486237.787215289,5635010.46939679
0.000396611434279384,79.1524359244992,486737.787215289,5635010.46939679
0.000407012202496204,79.1524359244992,487237.787215289,5635010.46939679
0.000578599078772389,79.1524359244992,487737.787215289,5635010.46939679
0.00062532290276963,79.1524359244992,488237.787215289,5635010.46939679
0.00062532290276963,79.1524359244992,488737.787215289,5635010.46939679
0.00026187735492658,79.1524359244992,489237.787215289,5635010.46939679
0.00026187735492658,79.1524359244992,489737.787215289,5635010.46939679
0.00062532290276963,79.1524359244992,490237.787215289,5635010.46939679
0.000234894924230874,79.1524359244992,490737.787215289,5635010.46939679
0.00022136497388376,79.1524359244992,491237.787215289,5635010.46939679
0.000207536293037861,79.1524359244992,491737.787215289,5635010.46939679
0.000205709586191281,79.1524359244992,492237.787215289,5635010.46939679
0.000205709586191281,79.1524359244992,492737.787215289,5635010.46939679
0.000174921518763586,79.1524359244992,493237.787215289,5635010.46939679
0.000513873920283785,79.1524359244992,493737.787215289,5635010.46939679
0.00052858555898934,79.1524359244992,494237.787215289,5635010.46939679
0.000454734755873339,79.1524359244992,494737.787215289,5635010.46939679
0.000344102433428505,79.1524359244992,495237.787215289,5635010.46939679
0.000138039305267815,79.1524359244992,495737.787215289,5635010.46939679
0.000228394047672966,79.1524359244992,496237.787215289,5635010.46939679
0.000161991485995203,79.1524359244992,496737.787215289,5635010.46939679
9.81984280962136e-05,79.1524359244992,497237.787215289,5635010.46939679
8.79429710687398e-05,79.1524359244992,497737.787215289,5635010.46939679
0.000127472279399264,79.1524359244992,498237.787215289,5635010.46939679
0.000225291150350161,79.1524359244992,498737.787215289,5635010.46939679
0.000131946937873788,79.1524359244992,499237.787215289,5635010.46939679
0.000299173244534612,79.1524359244992,499737.787215289,5635010.46939679
0.000267800751864534,79.1524359244992,500237.787215289,5635010.46939679
0.000295047437721528,79.1524359244992,500737.787215289,5635010.46939679
0.000188325510961921,79.1524359244992,501237.787215289,5635010.46939679
9.22018251063241e-05,79.1524359244992,501737.787215289,5635010.46939679
0.000408172172536596,79.1524359244992,502237.787215289,5635010.46939679
0.000443114488060816,79.1524359244992,502737.787215289,5635010.46939679
0.000442886174858996,79.1524359244992,503237.787215289,5635010.46939679
0.000389117826939438,79.1524359244992,503737.787215289,5635010.46939679
0.000178080296611203,79.1524359244992,504237.787215289,5635010.46939679
0.000106884746499191,79.1524359244992,504737.787215289,5635010.46939679
6.328518375522e-05,79.1524359244992,505237.787215289,5635010.46939679
0.000131371273495864,79.1524359244992,505737.787215289,5635010.46939679
9.18798988744516e-05,79.1524359244992,506237.787215289,5635010.46939679
3.09776269268815e-05,79.1524359244992,506737.787215289,5635010.46939679
2.16991585291037e-05,79.1524359244992,507237.787215289,5635010.46939679
0.000417685721244527,79.1524359244992,507737.787215289,5635010.46939679
0.000417685721244527,79.1524359244992,508237.787215289,5635010.46939679
1.55526482748494e-05,79.1524359244992,508737.787215289,5635010.46939679
5.55850560807648e-05,79.1524359244992,509237.787215289,5635010.46939679
4.88367834903408e-05,79.1524359244992,509737.787215289,5635010.46939679
2.49143680130192e-05,79.1524359244992,510237.787215289,5635010.46939679
6.27766827560491e-05,79.1524359244992,510737.787215289,5635010.46939679
7.86624219340465e-05,79.1524359244992,511237.787215289,5635010.46939679
3.79011831331225e-05,79.1524359244992,511737.787215289,5635010.46939679
1.81100007673303e-05,79.1524359244992,512237.787215289,5635010.46939679
4.1661343246549e-05,79.1524359244992,512737.787215289,5635010.46939679
3.78067684181939e-05,79.1524359244992,513237.787215289,5635010.46939679
9.4044843357869e-05,79.1524359244992,513737.787215289,5635010.46939679
4.31004909279651e-05,79.1524359244992,514237.787215289,5635010.46939679
4.31604384032236e-05,79.1524359244992,514737.787215289,5635010.46939679
4.35069714609883e-05,79.1524359244992,515237.787215289,5635010.46939679
4.28653333286473e-05,79.1524359244992,515737.787215289,5635010.46939679
4.75411202224705e-05,79.1524359244992,516237.787215289,5635010.46939679
6.64614645584278e-05,79.1524359244992,516737.787215289,5635010.46939679
6.21988151945444e-05,79.1524359244992,517237.787215289,5635010.46939679
6.72215789710661e-05,79.1524359244992,517737.787215289,5635010.46939679
5.96823182540971e-05,79.1524359244992,518237.787215289,5635010.46939679
9.5186601985925e-05,79.1524359244992,518737.787215289,5635010.46939679
0.00027726747309338,79.1524359244992,519237.787215289,5635010.46939679
0.000172664228175605,79.1524359244992,519737.787215289,5635010.46939679
0.000117103367663908,79.1524359244992,520237.787215289,5635010.46939679
8.99426362318916e-05,79.1524359244992,520737.787215289,5635010.46939679
7.59360976741196e-05,79.1524359244992,521237.787215289,5635010.46939679
7.10511146239705e-05,79.1524359244992,521737.787215289,5635010.46939679
8.51992614357717e-05,79.1524359244992,522237.787215289,5635010.46939679
6.96975379940829e-05,79.1524359244992,522737.787215289,5635010.46939679
6.61809564071549e-05,79.1524359244992,523237.787215289,5635010.46939679
7.23253305245e-05,79.1524359244992,523737.787215289,5635010.46939679
6.78858315995263e-05,79.1524359244992,524237.787215289,5635010.46939679
6.63620420765663e-05,79.1524359244992,524737.787215289,5635010.46939679
5.72748668836889e-05,79.1524359244992,525237.787215289,5635010.46939679
8.41329730116187e-05,79.1524359244992,525737.787215289,5635010.46939679
5.40296699051267e-05,79.1524359244992,526237.787215289,5635010.46939679
4.75417322425646e-05,79.1524359244992,526737.787215289,5635010.46939679
6.12809788105574e-05,79.1524359244992,527237.787215289,5635010.46939679
4.10709853501091e-05,79.1524359244992,527737.787215289,5635010.46939679
4.0018880838984e-05,79.1524359244992,528237.787215289,5635010.46939679
3.08695735420487e-05,79.1524359244992,528737.787215289,5635010.46939679
3.0516310188056e-05,79.1524359244992,529237.787215289,5635010.46939679
0.000417685721244527,79.1524359244992,529737.787215289,5635010.46939679
0.000417685721244527,79.1524359244992,530237.787215289,5635010.46939679
0.000417685721244527,79.1524359244992,530737.787215289,5635010.46939679
0.000207536293037861,79.1524359244992,485237.787215289,5635510.46939679
0.000250323883908398,79.1524359244992,485737.787215289,5635510.46939679
0.000278033030401836,79.1524359244992,486237.787215289,5635510.46939679
0.000727371760466274,79.1524359244992,486737.787215289,5635510.46939679
0.00069067229857245,79.1524359244992,487237.787215289,5635510.46939679
0.000708784541111,79.1524359244992,487737.787215289,5635510.46939679
0.00030461413109216,79.1524359244992,488237.787215289,5635510.46939679
0.00030461413109216,79.1524359244992,488737.787215289,5635510.46939679
0.00030461413109216,79.1524359244992,489237.787215289,5635510.46939679
0.000698643614840281,79.1524359244992,489737.787215289,5635510.46939679
0.000640165646384004,79.1524359244992,490237.787215289,5635510.46939679
0.000174921518763586,79.1524359244992,490737.787215289,5635510.46939679
0.000255961367742405,79.1524359244992,491237.787215289,5635510.46939679
0.000578688285129274,79.1524359244992,491737.787215289,5635510.46939679
0.000382445455434891,79.1524359244992,492237.787215289,5635510.46939679
0.00045842141622011,79.1524359244992,492737.787215289,5635510.46939679
0.000578688285129274,79.1524359244992,493237.787215289,5635510.46939679
0.000538939334197817,79.1524359244992,493737.787215289,5635510.46939679
0.000588941330074163,79.1524359244992,494237.787215289,5635510.46939679
0.000533691826490631,79.1524359244992,494737.787215289,5635510.46939679
0.000443288393214619,79.1524359244992,495237.787215289,5635510.46939679
0.000389072919618513,79.1524359244992,495737.787215289,5635510.46939679
0.000164190184783721,79.1524359244992,496237.787215289,5635510.46939679
0.000161677787083665,79.1524359244992,496737.787215289,5635510.46939679
0.000280642913533428,79.1524359244992,497237.787215289,5635510.46939679
0.000191501053796955,79.1524359244992,497737.787215289,5635510.46939679
0.00023081190141996,79.1524359244992,498237.787215289,5635510.46939679
0.000182843028705442,79.1524359244992,498737.787215289,5635510.46939679
0.000370887811614747,79.1524359244992,499237.787215289,5635510.46939679
0.000271448895941894,79.1524359244992,499737.787215289,5635510.46939679
0.000363559980691012,79.1524359244992,500237.787215289,5635510.46939679
0.000358618258619512,79.1524359244992,500737.787215289,5635510.46939679
0.000220141855724085,79.1524359244992,501237.787215289,5635510.46939679
0.00020027349426187,79.1524359244992,501737.787215289,5635510.46939679
0.000463327183146722,79.1524359244992,502237.787215289,5635510.46939679
0.000544227426384639,79.1524359244992,502737.787215289,5635510.46939679
0.000552212208827212,79.1524359244992,503237.787215289,5635510.46939679
0.000475477510202261,79.1524359244992,503737.787215289,5635510.46939679
0.000380638527565331,79.1524359244992,504237.787215289,5635510.46939679
0.000156539957574178,79.1524359244992,504737.787215289,5635510.46939679
6.35984367332449e-05,79.1524359244992,505237.787215289,5635510.46939679
5.43519128640223e-05,79.1524359244992,505737.787215289,5635510.46939679
2.65213086832795e-05,79.1524359244992,506237.787215289,5635510.46939679
6.91124546719357e-05,79.1524359244992,506737.787215289,5635510.46939679
5.9529047029276e-05,79.1524359244992,507237.787215289,5635510.46939679
0.000417685721244527,79.1524359244992,507737.787215289,5635510.46939679
0.000417685721244527,79.1524359244992,508237.787215289,5635510.46939679
0.000417685721244527,79.1524359244992,508737.787215289,5635510.46939679
1.03522870703483e-05,79.1524359244992,509237.787215289,5635510.46939679
1.87406946576267e-05,79.1524359244992,509737.787215289,5635510.46939679
3.39903991637891e-05,79.1524359244992,510237.787215289,5635510.46939679
2.5183178980839e-05,79.1524359244992,510737.787215289,5635510.46939679
6.39484055801685e-05,79.1524359244992,511237.787215289,5635510.46939679
4.57416063143206e-05,79.1524359244992,511737.787215289,5635510.46939679
2.81565379006855e-05,79.1524359244992,512237.787215289,5635510.46939679
3.38221836527519e-05,79.1524359244992,512737.787215289,5635510.46939679
3.00884365664932e-05,79.1524359244992,513237.787215289,5635510.46939679
9.42531620984428e-05,79.1524359244992,513737.787215289,5635510.46939679
7.41082801194859e-05,79.1524359244992,514237.787215289,5635510.46939679
3.50494782055456e-05,79.1524359244992,514737.787215289,5635510.46939679
3.71596100127132e-05,79.1524359244992,515237.787215289,5635510.46939679
3.80021812452341e-05,79.1524359244992,515737.787215289,5635510.46939679
4.30630537728467e-05,79.1524359244992,516237.787215289,5635510.46939679
5.935608423195e-05,79.1524359244992,516737.787215289,5635510.46939679
4.91940994570862e-05,79.1524359244992,517237.787215289,5635510.46939679
5.89669152092452e-05,79.1524359244992,517737.787215289,5635510.46939679
5.3634085734403e-05,79.1524359244992,518237.787215289,5635510.46939679
0.000111834432387876,79.1524359244992,518737.787215289,5635510.46939679
0.000156317170419929,79.1524359244992,519237.787215289,5635510.46939679
8.13719149250887e-05,79.1524359244992,519737.787215289,5635510.46939679
8.35058181697905e-05,79.1524359244992,520237.787215289,5635510.46939679
7.75248836189355e-05,79.1524359244992,520737.787215289,5635510.46939679
7.42219954564049e-05,79.1524359244992,521237.787215289,5635510.46939679
8.82234286720096e-05,79.1524359244992,521737.787215289,5635510.46939679
5.66710534737637e-05,79.1524359244992,522237.787215289,5635510.46939679
6.41640186243999e-05,79.1524359244992,522737.787215289,5635510.46939679
5.63742218929664e-05,79.1524359244992,523237.787215289,5635510.46939679
5.30546022146324e-05,79.1524359244992,523737.787215289,5635510.46939679
5.95140405543676e-05,79.1524359244992,524237.787215289,5635510.46939679
5.28979178837229e-05,79.1524359244992,524737.787215289,5635510.46939679
5.02907642968995e-05,79.1524359244992,525237.787215289,5635510.46939679
4.75943042440251e-05,79.1524359244992,525737.787215289,5635510.46939679
4.31604384032236e-05,79.1524359244992,526237.787215289,5635510.46939679
4.00214595706777e-05,79.1524359244992,526737.787215289,5635510.46939679
4.00260207490807e-05,79.1524359244992,527237.787215289,5635510.46939679
3.53439335634484e-05,79.1524359244992,527737.787215289,5635510.46939679
6.64742568526469e-05,79.1524359244992,528237.787215289,5635510.46939679
0.000417685721244527,79.1524359244992,528737.787215289,5635510.46939679
0.000417685721244527,79.1524359244992,529237.787215289,5635510.46939679
0.000417685721244527,79.1524359244992,529737.787215289,5635510.46939679
0.000417685721244527,79.1524359244992,530237.787215289,5635510.46939679
0.000417685721244527,79.1524359244992,530737.787215289,5635510.46939679
0.000417685721244527,79.1524359244992,531237.787215289,5635510.46939679
0.00022136497388376,79.1524359244992,485237.787215289,5636010.46939679
0.00026494637772824,79.1524359244992,485737.787215289,5636010.46939679
0.000417685721244527,79.1524359244992,486237.787215289,5636010.46939679
0.000793165160926873,79.1524359244992,486737.787215289,5636010.46939679
0.000715146196910356,79.1524359244992,487237.787215289,5636010.46939679
0.000772896660508795,79.1524359244992,487737.787215289,5636010.46939679
0.00033216757845181,79.1524359244992,488237.787215289,5636010.46939679
0.00033216757845181,79.1524359244992,488737.787215289,5636010.46939679
0.000313241330925164,79.1524359244992,489237.787215289,5636010.46939679
0.000622694825881343,79.1524359244992,489737.787215289,5636010.46939679
0.000591238729000648,79.1524359244992,490237.787215289,5636010.46939679
0.000407012202496204,79.1524359244992,490737.787215289,5636010.46939679
0.000472773156044216,79.1524359244992,491237.787215289,5636010.46939679
0.000535448977143131,79.1524359244992,491737.787215289,5636010.46939679
0.000543124539315371,79.1524359244992,492237.787215289,5636010.46939679
0.00026187735492658,79.1524359244992,492737.787215289,5636010.46939679
0.000632651257859889,79.1524359244992,493237.787215289,5636010.46939679
0.000647873360997524,79.1524359244992,493737.787215289,5636010.46939679
0.000534068508848959,79.1524359244992,494237.787215289,5636010.46939679
0.000557991002573504,79.1524359244992,494737.787215289,5636010.46939679
0.000544227426384639,79.1524359244992,495237.787215289,5636010.46939679
0.000518679660195321,79.1524359244992,495737.787215289,5636010.46939679
0.000475477510202261,79.1524359244992,496237.787215289,5636010.46939679
0.000474479497697171,79.1524359244992,496737.787215289,5636010.46939679
0.000443706838591765,79.1524359244992,497237.787215289,5636010.46939679
0.000424648179389834,79.1524359244992,497737.787215289,5636010.46939679
0.000390012806143479,79.1524359244992,498237.787215289,5636010.46939679
0.000421507653576664,79.1524359244992,498737.787215289,5636010.46939679
0.000252221064521842,79.1524359244992,499237.787215289,5636010.46939679
0.000333758190262095,79.1524359244992,499737.787215289,5636010.46939679
0.000393012373811953,79.1524359244992,500237.787215289,5636010.46939679
0.000442835062239088,79.1524359244992,500737.787215289,5636010.46939679
0.000487946468352471,79.1524359244992,501237.787215289,5636010.46939679
0.000485895750506509,79.1524359244992,501737.787215289,5636010.46939679
0.000541029809519489,79.1524359244992,502237.787215289,5636010.46939679
0.000591238729000648,79.1524359244992,502737.787215289,5636010.46939679
0.000417685721244527,79.1524359244992,503237.787215289,5636010.46939679
0.000476591724996117,79.1524359244992,503737.787215289,5636010.46939679
0.000386116101417693,79.1524359244992,504237.787215289,5636010.46939679
0.00023001352678794,79.1524359244992,504737.787215289,5636010.46939679
6.8676163955481e-05,79.1524359244992,505237.787215289,5636010.46939679
7.69057772979144e-05,79.1524359244992,505737.787215289,5636010.46939679
0.000111867699505786,79.1524359244992,506237.787215289,5636010.46939679
5.91702117318413e-05,79.1524359244992,506737.787215289,5636010.46939679
4.01300902474024e-05,79.1524359244992,507237.787215289,5636010.46939679
0.000133718922164143,79.1524359244992,507737.787215289,5636010.46939679
0.000417685721244527,79.1524359244992,508237.787215289,5636010.46939679
0.000417685721244527,79.1524359244992,508737.787215289,5636010.46939679
0.000417685721244527,79.1524359244992,509237.787215289,5636010.46939679
3.24141408130272e-05,79.1524359244992,509737.787215289,5636010.46939679
8.15914627687512e-06,79.1524359244992,510237.787215289,5636010.46939679
1.30018246180073e-05,79.1524359244992,510737.787215289,5636010.46939679
2.45396493619823e-05,79.1524359244992,511237.787215289,5636010.46939679
4.23238156763712e-05,79.1524359244992,511737.787215289,5636010.46939679
4.09089540843193e-05,79.1524359244992,512237.787215289,5636010.46939679
9.02719006095196e-05,79.1524359244992,512737.787215289,5636010.46939679
3.52121162924854e-05,79.1524359244992,513237.787215289,5636010.46939679
3.50780618286368e-05,79.1524359244992,513737.787215289,5636010.46939679
0.000100732921810574,79.1524359244992,514237.787215289,5636010.46939679
3.68406562649636e-05,79.1524359244992,514737.787215289,5636010.46939679
4.12365672706798e-05,79.1524359244992,515237.787215289,5636010.46939679
4.14602545192244e-05,79.1524359244992,515737.787215289,5636010.46939679
3.69555364403345e-05,79.1524359244992,516237.787215289,5636010.46939679
4.2272877005763e-05,79.1524359244992,516737.787215289,5636010.46939679
4.54538051239879e-05,79.1524359244992,517237.787215289,5636010.46939679
4.54538051239879e-05,79.1524359244992,517737.787215289,5636010.46939679
5.35175774139724e-05,79.1524359244992,518237.787215289,5636010.46939679
5.02785665401213e-05,79.1524359244992,518737.787215289,5636010.46939679
5.36599965075227e-05,79.1524359244992,519237.787215289,5636010.46939679
0.000311218713459523,79.1524359244992,519737.787215289,5636010.46939679
5.78525837470002e-05,79.1524359244992,520237.787215289,5636010.46939679
6.45569251188461e-05,79.1524359244992,520737.787215289,5636010.46939679
6.5189114847784e-05,79.1524359244992,521237.787215289,5636010.46939679
5.55329302147543e-05,79.1524359244992,521737.787215289,5636010.46939679
5.95140405543676e-05,79.1524359244992,522237.787215289,5636010.46939679
9.00522612573815e-05,79.1524359244992,522737.787215289,5636010.46939679
5.36599965075227e-05,79.1524359244992,523237.787215289,5636010.46939679
0.000203501206717159,79.1524359244992,523737.787215289,5636010.46939679
4.89808498022944e-05,79.1524359244992,524237.787215289,5636010.46939679
5.38579436629939e-05,79.1524359244992,524737.787215289,5636010.46939679
4.29127341333731e-05,79.1524359244992,525237.787215289,5636010.46939679
6.6868596715618e-05,79.1524359244992,525737.787215289,5636010.46939679
4.32230602964829e-05,79.1524359244992,526237.787215289,5636010.46939679
4.36638088183842e-05,79.1524359244992,526737.787215289,5636010.46939679
3.44707579348861e-05,79.1524359244992,527237.787215289,5636010.46939679
0.000417685721244527,79.1524359244992,527737.787215289,5636010.46939679
0.000417685721244527,79.1524359244992,528237.787215289,5636010.46939679
0.000417685721244527,79.1524359244992,528737.787215289,5636010.46939679
0.000417685721244527,79.1524359244992,529237.787215289,5636010.46939679
0.000417685721244527,79.1524359244992,529737.787215289,5636010.46939679
0.000417685721244527,79.1524359244992,530237.787215289,5636010.46939679
2.95388239779096e-05,79.1524359244992,530737.787215289,5636010.46939679
2.775444993783e-05,79.1524359244992,531237.787215289,5636010.46939679
0.000255961367742405,79.1524359244992,484737.787215289,5636510.46939679
0.000274633344515889,79.1524359244992,485237.787215289,5636510.46939679
0.000317754070404125,79.1524359244992,485737.787215289,5636510.46939679
0.000723119239022475,79.1524359244992,486237.787215289,5636510.46939679
0.000936828063122709,79.1524359244992,486737.787215289,5636510.46939679
0.000941523558650934,79.1524359244992,487237.787215289,5636510.46939679
0.000923495084026095,79.1524359244992,487737.787215289,5636510.46939679
0.000772896660508795,79.1524359244992,488237.787215289,5636510.46939679
0.000296479241995554,79.1524359244992,488737.787215289,5636510.46939679
0.000174921518763586,79.1524359244992,489237.787215289,5636510.46939679
0.000225686461765529,79.1524359244992,489737.787215289,5636510.46939679
0.000417685721244527,79.1524359244992,490237.787215289,5636510.46939679
0.000187666061074845,79.1524359244992,490737.787215289,5636510.46939679
0.000380638527565331,79.1524359244992,491237.787215289,5636510.46939679
0.00024904560813122,79.1524359244992,491737.787215289,5636510.46939679
0.00026390531747159,79.1524359244992,492237.787215289,5636510.46939679
0.000513873920283785,79.1524359244992,492737.787215289,5636510.46939679
0.000276732595102365,79.1524359244992,493237.787215289,5636510.46939679
0.00042430215161996,79.1524359244992,493737.787215289,5636510.46939679
0.00027395084143692,79.1524359244992,494237.787215289,5636510.46939679
0.000520420950524236,79.1524359244992,494737.787215289,5636510.46939679
0.000680798750153813,79.1524359244992,495237.787215289,5636510.46939679
0.000622694825881343,79.1524359244992,495737.787215289,5636510.46939679
0.000631317639522195,79.1524359244992,496237.787215289,5636510.46939679
0.000531010655982021,79.1524359244992,496737.787215289,5636510.46939679
0.00051095118042078,79.1524359244992,497237.787215289,5636510.46939679
0.00024788253195413,79.1524359244992,497737.787215289,5636510.46939679
0.000223503414393236,79.1524359244992,498237.787215289,5636510.46939679
0.000533691826490631,79.1524359244992,498737.787215289,5636510.46939679
0.000407012202496204,79.1524359244992,499237.787215289,5636510.46939679
0.000396611434279384,79.1524359244992,499737.787215289,5636510.46939679
0.000578688285129274,79.1524359244992,500237.787215289,5636510.46939679
0.000597734988434004,79.1524359244992,500737.787215289,5636510.46939679
0.000647873360997524,79.1524359244992,501237.787215289,5636510.46939679
0.000417685721244527,79.1524359244992,501737.787215289,5636510.46939679
0.000698643614840281,79.1524359244992,502237.787215289,5636510.46939679
0.000655782246762631,79.1524359244992,502737.787215289,5636510.46939679
0.000396611434279384,79.1524359244992,503237.787215289,5636510.46939679
0.000433863343336398,79.1524359244992,503737.787215289,5636510.46939679
0.000344784025706386,79.1524359244992,504237.787215289,5636510.46939679
0.000258154534448203,79.1524359244992,504737.787215289,5636510.46939679
0.000179374091364779,79.1524359244992,505237.787215289,5636510.46939679
6.49447791952577e-05,79.1524359244992,505737.787215289,5636510.46939679
5.44835803940642e-05,79.1524359244992,506237.787215289,5636510.46939679
4.63948672897231e-05,79.1524359244992,506737.787215289,5636510.46939679
2.39125644648449e-05,79.1524359244992,507237.787215289,5636510.46939679
3.34791746159216e-05,79.1524359244992,507737.787215289,5636510.46939679
2.61398318577289e-05,79.1524359244992,508237.787215289,5636510.46939679
0.000417685721244527,79.1524359244992,508737.787215289,5636510.46939679
0.000417685721244527,79.1524359244992,509237.787215289,5636510.46939679
0.000417685721244527,79.1524359244992,509737.787215289,5636510.46939679
0.000417685721244527,79.1524359244992,510237.787215289,5636510.46939679
0.000417685721244527,79.1524359244992,510737.787215289,5636510.46939679
4.51877227150398e-05,79.1524359244992,511237.787215289,5636510.46939679
2.9100675484876e-05,79.1524359244992,511737.787215289,5636510.46939679
2.83570383683109e-05,79.1524359244992,512237.787215289,5636510.46939679
2.78676681549194e-05,79.1524359244992,512737.787215289,5636510.46939679
6.66242828872641e-05,79.1524359244992,513237.787215289,5636510.46939679
0.000128065032810873,79.1524359244992,513737.787215289,5636510.46939679
6.76626545560221e-05,79.1524359244992,514237.787215289,5636510.46939679
3.15876768480371e-05,79.1524359244992,514737.787215289,5636510.46939679
2.66279048229214e-05,79.1524359244992,515237.787215289,5636510.46939679
3.37625565795282e-05,79.1524359244992,515737.787215289,5636510.46939679
2.88797406682694e-05,79.1524359244992,516237.787215289,5636510.46939679
3.52445818507387e-05,79.1524359244992,516737.787215289,5636510.46939679
3.79222175927962e-05,79.1524359244992,517237.787215289,5636510.46939679
3.6008856289652e-05,79.1524359244992,517737.787215289,5636510.46939679
3.53044386584526e-05,79.1524359244992,518237.787215289,5636510.46939679
4.04007813761094e-05,79.1524359244992,518737.787215289,5636510.46939679
4.15616428966309e-05,79.1524359244992,519237.787215289,5636510.46939679
5.04125936929589e-05,79.1524359244992,519737.787215289,5636510.46939679
5.73786119258685e-05,79.1524359244992,520237.787215289,5636510.46939679
4.87884702207055e-05,79.1524359244992,520737.787215289,5636510.46939679
5.69855579439242e-05,79.1524359244992,521237.787215289,5636510.46939679
5.00679027497771e-05,79.1524359244992,521737.787215289,5636510.46939679
4.70203059127284e-05,79.1524359244992,522237.787215289,5636510.46939679
4.42922810007117e-05,79.1524359244992,522737.787215289,5636510.46939679
5.17346173586705e-05,79.1524359244992,523237.787215289,5636510.46939679
4.6540540376412e-05,79.1524359244992,523737.787215289,5636510.46939679
4.30173161984703e-05,79.1524359244992,524237.787215289,5636510.46939679
7.09783869989371e-05,79.1524359244992,524737.787215289,5636510.46939679
0.000118461839343649,79.1524359244992,525237.787215289,5636510.46939679
3.69123373200669e-05,79.1524359244992,525737.787215289,5636510.46939679
3.09107209505091e-05,79.1524359244992,526237.787215289,5636510.46939679
0.000417685721244527,79.1524359244992,526737.787215289,5636510.46939679
0.000417685721244527,79.1524359244992,527237.787215289,5636510.46939679
0.000417685721244527,79.1524359244992,527737.787215289,5636510.46939679
0.000417685721244527,79.1524359244992,528237.787215289,5636510.46939679
0.000417685721244527,79.1524359244992,528737.787215289,5636510.46939679
0.000417685721244527,79.1524359244992,529237.787215289,5636510.46939679
0.000248888967698035,79.1524359244992,529737.787215289,5636510.46939679
1.33151518269598e-05,79.1524359244992,530237.787215289,5636510.46939679
7.77834017409924e-05,79.1524359244992,530737.787215289,5636510.46939679
8.60849961680143e-05,79.1524359244992,531237.787215289,5636510.46939679
3.46249912873557e-05,79.1524359244992,531737.787215289,5636510.46939679
0.000639024422040294,79.1524359244992,484737.787215289,5637010.46939679
0.000698643614840281,79.1524359244992,485237.787215289,5637010.46939679
0.000342580975875161,79.1524359244992,485737.787215289,5637010.46939679
0.000371957249466168,79.1524359244992,486237.787215289,5637010.46939679
0.000966214143585773,79.1524359244992,486737.787215289,5637010.46939679
0.00104866520390352,79.1524359244992,487237.787215289,5637010.46939679
0.000392331792270766,79.1524359244992,487737.787215289,5637010.46939679
0.000386476446741464,79.1524359244992,488237.787215289,5637010.46939679
0.000281524038713273,79.1524359244992,488737.787215289,5637010.46939679
0.000597734988434004,79.1524359244992,489237.787215289,5637010.46939679
0.000466842900219431,79.1524359244992,489737.787215289,5637010.46939679
0.000444596397626117,79.1524359244992,490237.787215289,5637010.46939679
0.000412376416033652,79.1524359244992,490737.787215289,5637010.46939679
0.000245725279245408,79.1524359244992,491237.787215289,5637010.46939679
0.000178080296611203,79.1524359244992,491737.787215289,5637010.46939679
0.000276215269975477,79.1524359244992,492237.787215289,5637010.46939679
0.000439087181312919,79.1524359244992,492737.787215289,5637010.46939679
0.000478650724862822,79.1524359244992,493237.787215289,5637010.46939679
0.000348516697730144,79.1524359244992,493737.787215289,5637010.46939679
0.000337679130410196,79.1524359244992,494237.787215289,5637010.46939679
0.000576130245904984,79.1524359244992,494737.787215289,5637010.46939679
0.00050116944312563,79.1524359244992,495237.787215289,5637010.46939679
0.000671975999828839,79.1524359244992,495737.787215289,5637010.46939679
0.000663393628363273,79.1524359244992,496237.787215289,5637010.46939679
0.000647873360997524,79.1524359244992,496737.787215289,5637010.46939679
0.000595577952759376,79.1524359244992,497237.787215289,5637010.46939679
0.000242347364482319,79.1524359244992,497737.787215289,5637010.46939679
0.000242347364482319,79.1524359244992,498237.787215289,5637010.46939679
0.000563900515410073,79.1524359244992,498737.787215289,5637010.46939679
0.000247603332286525,79.1524359244992,499237.787215289,5637010.46939679
0.000255961367742405,79.1524359244992,499737.787215289,5637010.46939679
0.00026494637772824,79.1524359244992,500237.787215289,5637010.46939679
0.000647873360997524,79.1524359244992,500737.787215289,5637010.46939679
0.000698643614840281,79.1524359244992,501237.787215289,5637010.46939679
0.000407012202496204,79.1524359244992,501737.787215289,5637010.46939679
0.000590616107781823,79.1524359244992,502237.787215289,5637010.46939679
0.000611196433988878,79.1524359244992,502737.787215289,5637010.46939679
0.000386476446741464,79.1524359244992,503237.787215289,5637010.46939679
0.000504542036468479,79.1524359244992,503737.787215289,5637010.46939679
0.000290892204023519,79.1524359244992,504237.787215289,5637010.46939679
0.000287013967442981,79.1524359244992,504737.787215289,5637010.46939679
7.11698144927824e-05,79.1524359244992,505237.787215289,5637010.46939679
5.78488560895668e-05,79.1524359244992,505737.787215289,5637010.46939679
9.09425471963527e-05,79.1524359244992,506237.787215289,5637010.46939679
2.58435845690397e-05,79.1524359244992,506737.787215289,5637010.46939679
4.68730626784591e-05,79.1524359244992,507237.787215289,5637010.46939679
2.2125829246241e-05,79.1524359244992,507737.787215289,5637010.46939679
2.2125829246241e-05,79.1524359244992,508237.787215289,5637010.46939679
2.62382142153243e-05,79.1524359244992,508737.787215289,5637010.46939679
0.000114482649683963,79.1524359244992,509237.787215289,5637010.46939679
0.000140824191187657,79.1524359244992,509737.787215289,5637010.46939679
0.000417685721244527,79.1524359244992,510237.787215289,5637010.46939679
0.000417685721244527,79.1524359244992,510737.787215289,5637010.46939679
1.31526281220029e-05,79.1524359244992,511237.787215289,5637010.46939679
1.87406946576267e-05,79.1524359244992,511737.787215289,5637010.46939679
2.24074601865357e-05,79.1524359244992,512237.787215289,5637010.46939679
1.66673150903489e-05,79.1524359244992,512737.787215289,5637010.46939679
2.46927108020748e-05,79.1524359244992,513237.787215289,5637010.46939679
6.38501810653093e-05,79.1524359244992,513737.787215289,5637010.46939679
6.63233453328296e-05,79.1524359244992,514237.787215289,5637010.46939679
0.000122696063781816,79.1524359244992,514737.787215289,5637010.46939679
0.000417685721244527,79.1524359244992,515237.787215289,5637010.46939679
2.49023056293713e-05,79.1524359244992,515737.787215289,5637010.46939679
2.90245146531422e-05,79.1524359244992,516237.787215289,5637010.46939679
3.2518179139654e-05,79.1524359244992,516737.787215289,5637010.46939679
3.4853088317606e-05,79.1524359244992,517237.787215289,5637010.46939679
3.87629748080307e-05,79.1524359244992,517737.787215289,5637010.46939679
6.22903459966621e-05,79.1524359244992,518237.787215289,5637010.46939679
5.44859482564114e-05,79.1524359244992,518737.787215289,5637010.46939679
4.32230602964829e-05,79.1524359244992,519237.787215289,5637010.46939679
4.55197544849771e-05,79.1524359244992,519737.787215289,5637010.46939679
4.10422455597816e-05,79.1524359244992,520237.787215289,5637010.46939679
4.77951754987698e-05,79.1524359244992,520737.787215289,5637010.46939679
3.59260467112773e-05,79.1524359244992,521237.787215289,5637010.46939679
4.55516296463336e-05,79.1524359244992,521737.787215289,5637010.46939679
5.3390247641154e-05,79.1524359244992,522237.787215289,5637010.46939679
3.98926193008212e-05,79.1524359244992,522737.787215289,5637010.46939679
3.78798415969731e-05,79.1524359244992,523237.787215289,5637010.46939679
3.79997326231635e-05,79.1524359244992,523737.787215289,5637010.46939679
3.57545879551881e-05,79.1524359244992,524237.787215289,5637010.46939679
3.29584846778439e-05,79.1524359244992,524737.787215289,5637010.46939679
3.2518179139654e-05,79.1524359244992,525237.787215289,5637010.46939679
0.000173701924756989,79.1524359244992,525737.787215289,5637010.46939679
0.000417685721244527,79.1524359244992,526237.787215289,5637010.46939679
0.000417685721244527,79.1524359244992,526737.787215289,5637010.46939679
0.000417685721244527,79.1524359244992,527237.787215289,5637010.46939679
0.000417685721244527,79.1524359244992,527737.787215289,5637010.46939679
0.000417685721244527,79.1524359244992,528237.787215289,5637010.46939679
1.40857202612492e-05,79.1524359244992,528737.787215289,5637010.46939679
7.72857439061556e-05,79.1524359244992,529237.787215289,5637010.46939679
5.82578935887801e-05,79.1524359244992,529737.787215289,5637010.46939679
6.98313071980421e-05,79.1524359244992,530237.787215289,5637010.46939679
9.45127641702005e-05,79.1524359244992,530737.787215289,5637010.46939679
7.81929029052418e-05,79.1524359244992,531237.787215289,5637010.46939679
6.77012033154085e-05,79.1524359244992,531737.787215289,5637010.46939679
0.000144517175416731,79.1524359244992,484237.787215289,5637510.46939679
0.000684114374019988,79.1524359244992,484737.787215289,5637510.46939679
0.000764756880054518,79.1524359244992,485237.787215289,5637510.46939679
0.000392331792270766,79.1524359244992,485737.787215289,5637510.46939679
0.000423540093386089,79.1524359244992,486237.787215289,5637510.46939679
0.00109979659363172,79.1524359244992,486737.787215289,5637510.46939679
0.0010761654794381,79.1524359244992,487237.787215289,5637510.46939679
0.000252031939197833,79.1524359244992,487737.787215289,5637510.46939679
0.000292583145572264,79.1524359244992,488237.787215289,5637510.46939679
0.000255961367742405,79.1524359244992,488737.787215289,5637510.46939679
0.000473479196291275,79.1524359244992,489237.787215289,5637510.46939679
0.000189165998822051,79.1524359244992,489737.787215289,5637510.46939679
0.000162216785735856,79.1524359244992,490237.787215289,5637510.46939679
0.000354251893127888,79.1524359244992,490737.787215289,5637510.46939679
0.000199231520819696,79.1524359244992,491237.787215289,5637510.46939679
0.000118545351319663,79.1524359244992,491737.787215289,5637510.46939679
0.000198944721450555,79.1524359244992,492237.787215289,5637510.46939679
0.000362312088290351,79.1524359244992,492737.787215289,5637510.46939679
0.000407723968306519,79.1524359244992,493237.787215289,5637510.46939679
0.000317553826850211,79.1524359244992,493737.787215289,5637510.46939679
0.000125632317218562,79.1524359244992,494237.787215289,5637510.46939679
0.000500742413403251,79.1524359244992,494737.787215289,5637510.46939679
0.000230192323096288,79.1524359244992,495237.787215289,5637510.46939679
0.000576130245904984,79.1524359244992,495737.787215289,5637510.46939679
0.000585379862724746,79.1524359244992,496237.787215289,5637510.46939679
0.000622734951013514,79.1524359244992,496737.787215289,5637510.46939679
0.00070794689471175,79.1524359244992,497237.787215289,5637510.46939679
0.000417685721244527,79.1524359244992,497737.787215289,5637510.46939679
0.000672236166189203,79.1524359244992,498237.787215289,5637510.46939679
0.000281524038713273,79.1524359244992,498737.787215289,5637510.46939679
0.000288794934750969,79.1524359244992,499237.787215289,5637510.46939679
0.000532520695715617,79.1524359244992,499737.787215289,5637510.46939679
0.000737518385151928,79.1524359244992,500237.787215289,5637510.46939679
0.00075874791742753,79.1524359244992,500737.787215289,5637510.46939679
0.000772896660508795,79.1524359244992,501237.787215289,5637510.46939679
0.000638310347337964,79.1524359244992,501737.787215289,5637510.46939679
0.000367348435149119,79.1524359244992,502237.787215289,5637510.46939679
0.000498637917377563,79.1524359244992,502737.787215289,5637510.46939679
0.000495564793026368,79.1524359244992,503237.787215289,5637510.46939679
0.000444596397626117,79.1524359244992,503737.787215289,5637510.46939679
0.000396131664445797,79.1524359244992,504237.787215289,5637510.46939679
0.000310846360217382,79.1524359244992,504737.787215289,5637510.46939679
0.000136230945048014,79.1524359244992,505237.787215289,5637510.46939679
9.7082009710679e-05,79.1524359244992,505737.787215289,5637510.46939679
7.78599139414773e-05,79.1524359244992,506237.787215289,5637510.46939679
5.61847852295667e-05,79.1524359244992,506737.787215289,5637510.46939679
2.10094729736643e-05,79.1524359244992,507237.787215289,5637510.46939679
5.61847852295667e-05,79.1524359244992,507737.787215289,5637510.46939679
2.58435845690397e-05,79.1524359244992,508237.787215289,5637510.46939679
4.56752709229756e-05,79.1524359244992,508737.787215289,5637510.46939679
3.17899865557939e-05,79.1524359244992,509237.787215289,5637510.46939679
5.76581792822275e-05,79.1524359244992,509737.787215289,5637510.46939679
4.51310852657061e-05,79.1524359244992,510237.787215289,5637510.46939679
1.36926876627609e-05,79.1524359244992,510737.787215289,5637510.46939679
1.66663546586977e-05,79.1524359244992,511237.787215289,5637510.46939679
1.82617959411736e-05,79.1524359244992,511737.787215289,5637510.46939679
4.40256423113709e-05,79.1524359244992,512237.787215289,5637510.46939679
2.15386803478888e-05,79.1524359244992,512737.787215289,5637510.46939679
5.83191200753859e-05,79.1524359244992,513237.787215289,5637510.46939679
3.8049252980551e-05,79.1524359244992,513737.787215289,5637510.46939679
1.03544283650155e-05,79.1524359244992,514237.787215289,5637510.46939679
1.99738673405639e-05,79.1524359244992,514737.787215289,5637510.46939679
0.000417685721244527,79.1524359244992,515237.787215289,5637510.46939679
6.64433562281715e-05,79.1524359244992,515737.787215289,5637510.46939679
7.36967510626529e-05,79.1524359244992,516237.787215289,5637510.46939679
7.76437827263493e-05,79.1524359244992,516737.787215289,5637510.46939679
2.51784569128802e-05,79.1524359244992,517237.787215289,5637510.46939679
2.41311811785777e-05,79.1524359244992,517737.787215289,5637510.46939679
2.62249439730959e-05,79.1524359244992,518237.787215289,5637510.46939679
3.11286578741167e-05,79.1524359244992,518737.787215289,5637510.46939679
3.68406562649636e-05,79.1524359244992,519237.787215289,5637510.46939679
3.8798215969521e-05,79.1524359244992,519737.787215289,5637510.46939679
3.56497301824684e-05,79.1524359244992,520237.787215289,5637510.46939679
4.24083565042728e-05,79.1524359244992,520737.787215289,5637510.46939679
4.90722234695069e-05,79.1524359244992,521237.787215289,5637510.46939679
4.14602545192244e-05,79.1524359244992,521737.787215289,5637510.46939679
3.18317499108802e-05,79.1524359244992,522237.787215289,5637510.46939679
3.6008856289652e-05,79.1524359244992,522737.787215289,5637510.46939679
3.5899232090412e-05,79.1524359244992,523237.787215289,5637510.46939679
3.6265792860875e-05,79.1524359244992,523737.787215289,5637510.46939679
3.53416562221761e-05,79.1524359244992,524237.787215289,5637510.46939679
0.000179528083754203,79.1524359244992,524737.787215289,5637510.46939679
0.000173701924756989,79.1524359244992,525237.787215289,5637510.46939679
0.000417685721244527,79.1524359244992,525737.787215289,5637510.46939679
0.000417685721244527,79.1524359244992,526237.787215289,5637510.46939679
0.000417685721244527,79.1524359244992,526737.787215289,5637510.46939679
0.000417685721244527,79.1524359244992,527237.787215289,5637510.46939679
0.000417685721244527,79.1524359244992,527737.787215289,5637510.46939679
3.46180795295495e-05,79.1524359244992,528237.787215289,5637510.46939679
4.41420606513929e-05,79.1524359244992,528737.787215289,5637510.46939679
0.000133673355410158,79.1524359244992,529237.787215289,5637510.46939679
9.54764496182467e-05,79.1524359244992,529737.787215289,5637510.46939679
0.000103186494434269,79.1524359244992,530237.787215289,5637510.46939679
5.60863147047156e-05,79.1524359244992,530737.787215289,5637510.46939679
7.24350399597443e-05,79.1524359244992,531237.787215289,5637510.46939679
0.000110617609222032,79.1524359244992,531737.787215289,5637510.46939679
0.000741905448300474,79.1524359244992,484237.787215289,5638010.46939679
0.000818030754617816,79.1524359244992,484737.787215289,5638010.46939679
0.000873134480774251,79.1524359244992,485237.787215289,5638010.46939679
0.000991552216285335,79.1524359244992,485737.787215289,5638010.46939679
0.000450684547088095,79.1524359244992,486237.787215289,5638010.46939679
0.00117786671105944,79.1524359244992,486737.787215289,5638010.46939679
0.000856515848558988,79.1524359244992,487237.787215289,5638010.46939679
0.000558197548821576,79.1524359244992,487737.787215289,5638010.46939679
0.000680798750153813,79.1524359244992,488237.787215289,5638010.46939679
0.000561407844184331,79.1524359244992,488737.787215289,5638010.46939679
0.000164512846031389,79.1524359244992,489237.787215289,5638010.46939679
0.000133469371218006,79.1524359244992,489737.787215289,5638010.46939679
0.000167006358824813,79.1524359244992,490237.787215289,5638010.46939679
0.00020613462874524,79.1524359244992,490737.787215289,5638010.46939679
0.000161497427690789,79.1524359244992,491237.787215289,5638010.46939679
7.68247894220407e-05,79.1524359244992,491737.787215289,5638010.46939679
0.000232370881459223,79.1524359244992,492237.787215289,5638010.46939679
0.000351338226440755,79.1524359244992,492737.787215289,5638010.46939679
0.000271418102602464,79.1524359244992,493237.787215289,5638010.46939679
0.000221554737391309,79.1524359244992,493737.787215289,5638010.46939679
0.000260199193729514,79.1524359244992,494237.787215289,5638010.46939679
0.000474544949795091,79.1524359244992,494737.787215289,5638010.46939679
0.000500742413403251,79.1524359244992,495237.787215289,5638010.46939679
0.00044684780847782,79.1524359244992,495737.787215289,5638010.46939679
0.000547061657935725,79.1524359244992,496237.787215289,5638010.46939679
0.00040567175155288,79.1524359244992,496737.787215289,5638010.46939679
0.000717518809054696,79.1524359244992,497237.787215289,5638010.46939679
0.000366976820276785,79.1524359244992,497737.787215289,5638010.46939679
0.000606821615132473,79.1524359244992,498237.787215289,5638010.46939679
0.000727371760466274,79.1524359244992,498737.787215289,5638010.46939679
0.000313241330925164,79.1524359244992,499237.787215289,5638010.46939679
0.000313241330925164,79.1524359244992,499737.787215289,5638010.46939679
0.000717518809054696,79.1524359244992,500237.787215289,5638010.46939679
0.000717518809054696,79.1524359244992,500737.787215289,5638010.46939679
0.000747972188647093,79.1524359244992,501237.787215289,5638010.46939679
0.000598596242396909,79.1524359244992,501737.787215289,5638010.46939679
0.000449618826316124,79.1524359244992,502237.787215289,5638010.46939679
0.000232076615311985,79.1524359244992,502737.787215289,5638010.46939679
0.00042823948591285,79.1524359244992,503237.787215289,5638010.46939679
0.000326673591831377,79.1524359244992,503737.787215289,5638010.46939679
0.000310725035071114,79.1524359244992,504237.787215289,5638010.46939679
0.000300338757056136,79.1524359244992,504737.787215289,5638010.46939679
0.000240260156942561,79.1524359244992,505237.787215289,5638010.46939679
6.16679975289592e-05,79.1524359244992,505737.787215289,5638010.46939679
5.44835803940642e-05,79.1524359244992,506237.787215289,5638010.46939679
2.10094729736643e-05,79.1524359244992,506737.787215289,5638010.46939679
2.79305410492048e-05,79.1524359244992,507237.787215289,5638010.46939679
7.78599139414773e-05,79.1524359244992,507737.787215289,5638010.46939679
3.09776269268815e-05,79.1524359244992,508237.787215289,5638010.46939679
7.46935181173877e-05,79.1524359244992,508737.787215289,5638010.46939679
2.86629936678515e-05,79.1524359244992,509237.787215289,5638010.46939679
5.91702117318413e-05,79.1524359244992,509737.787215289,5638010.46939679
4.11824647659074e-05,79.1524359244992,510237.787215289,5638010.46939679
3.86871965902604e-05,79.1524359244992,510737.787215289,5638010.46939679
1.33427854490871e-05,79.1524359244992,511237.787215289,5638010.46939679
3.1295567971073e-05,79.1524359244992,511737.787215289,5638010.46939679
4.18932155550133e-05,79.1524359244992,512237.787215289,5638010.46939679
8.61143409378091e-05,79.1524359244992,512737.787215289,5638010.46939679
2.63823954021823e-05,79.1524359244992,513237.787215289,5638010.46939679
6.82035838702972e-05,79.1524359244992,513737.787215289,5638010.46939679
4.72507272300826e-05,79.1524359244992,514237.787215289,5638010.46939679
3.49706932176631e-05,79.1524359244992,514737.787215289,5638010.46939679
2.61914914337493e-05,79.1524359244992,515237.787215289,5638010.46939679
1.781595554543e-05,79.1524359244992,515737.787215289,5638010.46939679
5.66640386516275e-05,79.1524359244992,516237.787215289,5638010.46939679
0.000141371287284605,79.1524359244992,516737.787215289,5638010.46939679
0.000126616524991649,79.1524359244992,517237.787215289,5638010.46939679
0.000141371287284605,79.1524359244992,517737.787215289,5638010.46939679
5.21273413475972e-05,79.1524359244992,518237.787215289,5638010.46939679
3.52972241102661e-05,79.1524359244992,518737.787215289,5638010.46939679
4.82613450239454e-05,79.1524359244992,519237.787215289,5638010.46939679
3.4524642707785e-05,79.1524359244992,519737.787215289,5638010.46939679
3.27393990350516e-05,79.1524359244992,520237.787215289,5638010.46939679
3.86805055489548e-05,79.1524359244992,520737.787215289,5638010.46939679
7.66058931596435e-05,79.1524359244992,521237.787215289,5638010.46939679
3.42668500664305e-05,79.1524359244992,521737.787215289,5638010.46939679
5.4428966853639e-05,79.1524359244992,522237.787215289,5638010.46939679
0.000116633076089347,79.1524359244992,522737.787215289,5638010.46939679
2.89793666593897e-05,79.1524359244992,523237.787215289,5638010.46939679
0.000417685721244527,79.1524359244992,523737.787215289,5638010.46939679
0.000417685721244527,79.1524359244992,524237.787215289,5638010.46939679
0.000417685721244527,79.1524359244992,524737.787215289,5638010.46939679
0.000417685721244527,79.1524359244992,525237.787215289,5638010.46939679
0.000417685721244527,79.1524359244992,525737.787215289,5638010.46939679
0.000417685721244527,79.1524359244992,526237.787215289,5638010.46939679
6.53214721020744e-05,79.1524359244992,526737.787215289,5638010.46939679
3.48401947619697e-05,79.1524359244992,527237.787215289,5638010.46939679
4.57237928490653e-05,79.1524359244992,527737.787215289,5638010.46939679
9.58911108200293e-05,79.1524359244992,528237.787215289,5638010.46939679
9.08701505668089e-05,79.1524359244992,528737.787215289,5638010.46939679
7.96835031657827e-05,79.1524359244992,529237.787215289,5638010.46939679
8.67233674514663e-05,79.1524359244992,529737.787215289,5638010.46939679
7.85245566749332e-05,79.1524359244992,530237.787215289,5638010.46939679
4.4430081752491e-05,79.1524359244992,530737.787215289,5638010.46939679
5.61847852295667e-05,79.1524359244992,531237.787215289,5638010.46939679
5.33499880919608e-05,79.1524359244992,531737.787215289,5638010.46939679
5.19866853282808e-05,79.1524359244992,532237.787215289,5638010.46939679
0.000709812341519262,79.1524359244992,483737.787215289,5638510.46939679
0.000851248067368964,79.1524359244992,484237.787215289,5638510.46939679
0.000756002460174733,79.1524359244992,484737.787215289,5638510.46939679
0.0010113486930161,79.1524359244992,485237.787215289,5638510.46939679
0.000481838655040249,79.1524359244992,485737.787215289,5638510.46939679
0.000517987268367831,79.1524359244992,486237.787215289,5638510.46939679
0.00126881894183712,79.1524359244992,486737.787215289,5638510.46939679
0.0006346603008178,79.1524359244992,487237.787215289,5638510.46939679
0.000188992530411423,79.1524359244992,487737.787215289,5638510.46939679
0.00057719633937173,79.1524359244992,488237.787215289,5638510.46939679
0.000259461814316813,79.1524359244992,488737.787215289,5638510.46939679
0.00013006708269752,79.1524359244992,489237.787215289,5638510.46939679
7.78190339787133e-05,79.1524359244992,489737.787215289,5638510.46939679
6.69777939337909e-05,79.1524359244992,490237.787215289,5638510.46939679
7.69057772979144e-05,79.1524359244992,490737.787215289,5638510.46939679
6.87018861552333e-05,79.1524359244992,491237.787215289,5638510.46939679
7.39188565609625e-05,79.1524359244992,491737.787215289,5638510.46939679
0.000259639228006179,79.1524359244992,492237.787215289,5638510.46939679
0.000271025149037554,79.1524359244992,492737.787215289,5638510.46939679
0.000139338765495895,79.1524359244992,493237.787215289,5638510.46939679
0.000308919907290027,79.1524359244992,493737.787215289,5638510.46939679
0.00028016085181587,79.1524359244992,494237.787215289,5638510.46939679
0.000401838570988849,79.1524359244992,494737.787215289,5638510.46939679
0.000444596397626117,79.1524359244992,495237.787215289,5638510.46939679
0.000305604658903899,79.1524359244992,495737.787215289,5638510.46939679
0.00026903054973249,79.1524359244992,496237.787215289,5638510.46939679
0.000293916182517365,79.1524359244992,496737.787215289,5638510.46939679
0.000611196433988878,79.1524359244992,497237.787215289,5638510.46939679
0.000611196433988878,79.1524359244992,497737.787215289,5638510.46939679
0.00062532290276963,79.1524359244992,498237.787215289,5638510.46939679
0.000480676915664306,79.1524359244992,498737.787215289,5638510.46939679
0.000663900174512821,79.1524359244992,499237.787215289,5638510.46939679
0.000640165646384004,79.1524359244992,499737.787215289,5638510.46939679
0.000611196433988878,79.1524359244992,500237.787215289,5638510.46939679
0.000417685721244527,79.1524359244992,500737.787215289,5638510.46939679
0.000655782246762631,79.1524359244992,501237.787215289,5638510.46939679
0.000582460500269626,79.1524359244992,501737.787215289,5638510.46939679
0.000352708044882043,79.1524359244992,502237.787215289,5638510.46939679
9.07471765216746e-05,79.1524359244992,502737.787215289,5638510.46939679
9.53934611805946e-05,79.1524359244992,503237.787215289,5638510.46939679
8.98412169339441e-05,79.1524359244992,503737.787215289,5638510.46939679
0.000162751557456339,79.1524359244992,504237.787215289,5638510.46939679
6.82741517243291e-05,79.1524359244992,504737.787215289,5638510.46939679
8.80747767767155e-05,79.1524359244992,505237.787215289,5638510.46939679
5.29501610729106e-05,79.1524359244992,505737.787215289,5638510.46939679
5.28057156071501e-05,79.1524359244992,506237.787215289,5638510.46939679
2.33015040618808e-05,79.1524359244992,506737.787215289,5638510.46939679
9.42893642841272e-05,79.1524359244992,507237.787215289,5638510.46939679
2.65213086832795e-05,79.1524359244992,507737.787215289,5638510.46939679
2.27060586640167e-05,79.1524359244992,508237.787215289,5638510.46939679
0.000149186794404633,79.1524359244992,508737.787215289,5638510.46939679
4.22624368332931e-05,79.1524359244992,509237.787215289,5638510.46939679
2.94146541793069e-05,79.1524359244992,509737.787215289,5638510.46939679
3.43571350204251e-05,79.1524359244992,510237.787215289,5638510.46939679
3.26236495649892e-05,79.1524359244992,510737.787215289,5638510.46939679
4.22624368332931e-05,79.1524359244992,511237.787215289,5638510.46939679
2.5183178980839e-05,79.1524359244992,511737.787215289,5638510.46939679
2.72168054858936e-05,79.1524359244992,512237.787215289,5638510.46939679
6.56253933994506e-05,79.1524359244992,512737.787215289,5638510.46939679
7.79782551083404e-05,79.1524359244992,513237.787215289,5638510.46939679
4.27705282391749e-05,79.1524359244992,513737.787215289,5638510.46939679
2.32199859740021e-05,79.1524359244992,514237.787215289,5638510.46939679
3.67235179621582e-05,79.1524359244992,514737.787215289,5638510.46939679
3.13663207700295e-05,79.1524359244992,515237.787215289,5638510.46939679
4.91051457099713e-05,79.1524359244992,515737.787215289,5638510.46939679
4.34299447455918e-05,79.1524359244992,516237.787215289,5638510.46939679
1.52543238318245e-05,79.1524359244992,516737.787215289,5638510.46939679
2.32662849112597e-05,79.1524359244992,517237.787215289,5638510.46939679
4.65667343691177e-05,79.1524359244992,517737.787215289,5638510.46939679
0.000417685721244527,79.1524359244992,518237.787215289,5638510.46939679
0.000153211665362913,79.1524359244992,518737.787215289,5638510.46939679
0.000153211665362913,79.1524359244992,519237.787215289,5638510.46939679
0.000417685721244527,79.1524359244992,519737.787215289,5638510.46939679
0.000417685721244527,79.1524359244992,520237.787215289,5638510.46939679
0.000417685721244527,79.1524359244992,520737.787215289,5638510.46939679
0.000417685721244527,79.1524359244992,521237.787215289,5638510.46939679
0.000417685721244527,79.1524359244992,521737.787215289,5638510.46939679
0.000417685721244527,79.1524359244992,522237.787215289,5638510.46939679
0.000417685721244527,79.1524359244992,522737.787215289,5638510.46939679
0.000417685721244527,79.1524359244992,523237.787215289,5638510.46939679
0.000417685721244527,79.1524359244992,523737.787215289,5638510.46939679
0.000417685721244527,79.1524359244992,524237.787215289,5638510.46939679
0.000417685721244527,79.1524359244992,524737.787215289,5638510.46939679
0.000417685721244527,79.1524359244992,525237.787215289,5638510.46939679
0.000417685721244527,79.1524359244992,525737.787215289,5638510.46939679
5.51901649212411e-05,79.1524359244992,526237.787215289,5638510.46939679
4.18340991004052e-05,79.1524359244992,526737.787215289,5638510.46939679
4.3636891125182e-05,79.1524359244992,527237.787215289,5638510.46939679
8.6458869600774e-05,79.1524359244992,527737.787215289,5638510.46939679
0.000119608031217888,79.1524359244992,528237.787215289,5638510.46939679
6.03594599363065e-05,79.1524359244992,528737.787215289,5638510.46939679
5.7556955935064e-05,79.1524359244992,529237.787215289,5638510.46939679
0.000128304348854427,79.1524359244992,529737.787215289,5638510.46939679
0.000128304348854427,79.1524359244992,530237.787215289,5638510.46939679
8.72441087175865e-05,79.1524359244992,530737.787215289,5638510.46939679
8.07252712298471e-05,79.1524359244992,531237.787215289,5638510.46939679
4.45080874744283e-05,79.1524359244992,531737.787215289,5638510.46939679
1.60447328366105e-05,79.1524359244992,532237.787215289,5638510.46939679
0.000822173215797905,79.1524359244992,483737.787215289,5639010.46939679
0.000852509573545277,79.1524359244992,484237.787215289,5639010.46939679
0.00109979659363172,79.1524359244992,484737.787215289,5639010.46939679
0.00103738324878816,79.1524359244992,485237.787215289,5639010.46939679
0.00100550071106165,79.1524359244992,485737.787215289,5639010.46939679
0.00138030044144344,79.1524359244992,486237.787215289,5639010.46939679
0.000930381967609071,79.1524359244992,486737.787215289,5639010.46939679
0.000561031451776212,79.1524359244992,487237.787215289,5639010.46939679
0.000193087520520093,79.1524359244992,487737.787215289,5639010.46939679
0.000141353013204386,79.1524359244992,488237.787215289,5639010.46939679
0.00011183644313965,79.1524359244992,488737.787215289,5639010.46939679
0.000103286632239529,79.1524359244992,489237.787215289,5639010.46939679
8.03991655197689e-05,79.1524359244992,489737.787215289,5639010.46939679
6.16679975289592e-05,79.1524359244992,490237.787215289,5639010.46939679
5.17346173586705e-05,79.1524359244992,490737.787215289,5639010.46939679
6.01024157127157e-05,79.1524359244992,491237.787215289,5639010.46939679
5.02785665401213e-05,79.1524359244992,491737.787215289,5639010.46939679
6.11006899214592e-05,79.1524359244992,492237.787215289,5639010.46939679
5.30330578717714e-05,79.1524359244992,492737.787215289,5639010.46939679
5.85565455199733e-05,79.1524359244992,493237.787215289,5639010.46939679
0.000311218713459523,79.1524359244992,493737.787215289,5639010.46939679
0.000328481216011502,79.1524359244992,494237.787215289,5639010.46939679
0.000325334630146679,79.1524359244992,494737.787215289,5639010.46939679
0.000353661057623534,79.1524359244992,495237.787215289,5639010.46939679
0.000279679627754745,79.1524359244992,495737.787215289,5639010.46939679
0.000411376370436192,79.1524359244992,496237.787215289,5639010.46939679
0.000306205223308311,79.1524359244992,496737.787215289,5639010.46939679
0.000219269801854894,79.1524359244992,497237.787215289,5639010.46939679
0.000219269801854894,79.1524359244992,497737.787215289,5639010.46939679
0.000498637917377563,79.1524359244992,498237.787215289,5639010.46939679
0.00048517119500667,79.1524359244992,498737.787215289,5639010.46939679
0.000448919438636292,79.1524359244992,499237.787215289,5639010.46939679
0.000230192323096288,79.1524359244992,499737.787215289,5639010.46939679
0.000523582609974296,79.1524359244992,500237.787215289,5639010.46939679
0.000219269801854894,79.1524359244992,500737.787215289,5639010.46939679
0.000566693463511524,79.1524359244992,501237.787215289,5639010.46939679
0.000481195719175196,79.1524359244992,501737.787215289,5639010.46939679
0.000270794734961809,79.1524359244992,502237.787215289,5639010.46939679
9.78950665136387e-05,79.1524359244992,502737.787215289,5639010.46939679
6.92625117746012e-05,79.1524359244992,503237.787215289,5639010.46939679
6.75793482641975e-05,79.1524359244992,503737.787215289,5639010.46939679
4.63869326821207e-05,79.1524359244992,504237.787215289,5639010.46939679
5.58510146517099e-05,79.1524359244992,504737.787215289,5639010.46939679
4.88600981491154e-05,79.1524359244992,505237.787215289,5639010.46939679
4.45080874744283e-05,79.1524359244992,505737.787215289,5639010.46939679
2.45396493619823e-05,79.1524359244992,506237.787215289,5639010.46939679
3.61827307046145e-05,79.1524359244992,506737.787215289,5639010.46939679
3.17899865557939e-05,79.1524359244992,507237.787215289,5639010.46939679
2.27060586640167e-05,79.1524359244992,507737.787215289,5639010.46939679
3.17899865557939e-05,79.1524359244992,508237.787215289,5639010.46939679
2.45396493619823e-05,79.1524359244992,508737.787215289,5639010.46939679
4.01300902474024e-05,79.1524359244992,509237.787215289,5639010.46939679
2.33015040618808e-05,79.1524359244992,509737.787215289,5639010.46939679
6.18722076020179e-05,79.1524359244992,510237.787215289,5639010.46939679
4.23532539311207e-05,79.1524359244992,510737.787215289,5639010.46939679
4.48083096857607e-05,79.1524359244992,511237.787215289,5639010.46939679
3.26236495649892e-05,79.1524359244992,511737.787215289,5639010.46939679
6.49169066244211e-05,79.1524359244992,512237.787215289,5639010.46939679
0.000163056258830997,79.1524359244992,512737.787215289,5639010.46939679
2.78328287172582e-05,79.1524359244992,513237.787215289,5639010.46939679
5.64777676827437e-05,79.1524359244992,513737.787215289,5639010.46939679
2.39125644648449e-05,79.1524359244992,514237.787215289,5639010.46939679
0.000140830525481712,79.1524359244992,514737.787215289,5639010.46939679
8.43075424881671e-05,79.1524359244992,515237.787215289,5639010.46939679
3.99896989570084e-05,79.1524359244992,515737.787215289,5639010.46939679
3.16787723221188e-05,79.1524359244992,516237.787215289,5639010.46939679
2.7074249332418e-05,79.1524359244992,516737.787215289,5639010.46939679
5.44622777379729e-05,79.1524359244992,517237.787215289,5639010.46939679
6.80468416808169e-05,79.1524359244992,517737.787215289,5639010.46939679
0.000417685721244527,79.1524359244992,518237.787215289,5639010.46939679
0.000417685721244527,79.1524359244992,518737.787215289,5639010.46939679
7.10278709422487e-05,79.1524359244992,519237.787215289,5639010.46939679
7.10278709422487e-05,79.1524359244992,519737.787215289,5639010.46939679
0.000417685721244527,79.1524359244992,520237.787215289,5639010.46939679
0.000417685721244527,79.1524359244992,520737.787215289,5639010.46939679
0.000417685721244527,79.1524359244992,521237.787215289,5639010.46939679
0.000417685721244527,79.1524359244992,521737.787215289,5639010.46939679
0.000417685721244527,79.1524359244992,522237.787215289,5639010.46939679
0.000417685721244527,79.1524359244992,522737.787215289,5639010.46939679
0.000417685721244527,79.1524359244992,523237.787215289,5639010.46939679
0.000417685721244527,79.1524359244992,523737.787215289,5639010.46939679
3.78404118249703e-05,79.1524359244992,524237.787215289,5639010.46939679
3.73950478963027e-05,79.1524359244992,524737.787215289,5639010.46939679
6.05147939907761e-05,79.1524359244992,525237.787215289,5639010.46939679
3.74384461937837e-05,79.1524359244992,525737.787215289,5639010.46939679
5.25193120452481e-05,79.1524359244992,526237.787215289,5639010.46939679
9.0659195890557e-05,79.1524359244992,526737.787215289,5639010.46939679
8.50031192448879e-05,79.1524359244992,527237.787215289,5639010.46939679
3.92805597352035e-05,79.1524359244992,527737.787215289,5639010.46939679
6.78953271030856e-05,79.1524359244992,528237.787215289,5639010.46939679
9.64654637930368e-05,79.1524359244992,528737.787215289,5639010.46939679
6.2366849457989e-05,79.1524359244992,529237.787215289,5639010.46939679
8.66309256331451e-05,79.1524359244992,529737.787215289,5639010.46939679
7.88314583977106e-05,79.1524359244992,530237.787215289,5639010.46939679
4.73882110157522e-05,79.1524359244992,530737.787215289,5639010.46939679
3.43571350204251e-05,79.1524359244992,531237.787215289,5639010.46939679
2.13302860894331e-05,79.1524359244992,531737.787215289,5639010.46939679
2.36573163247376e-05,79.1524359244992,532237.787215289,5639010.46939679
0.000749011126411022,79.1524359244992,483737.787215289,5639510.46939679
0.000740952968404422,79.1524359244992,484237.787215289,5639510.46939679
0.000348287420930711,79.1524359244992,484737.787215289,5639510.46939679
0.000540225528118435,79.1524359244992,485237.787215289,5639510.46939679
0.00124452845374403,79.1524359244992,485737.787215289,5639510.46939679
0.000421251794532501,79.1524359244992,486237.787215289,5639510.46939679
0.000718189899758754,79.1524359244992,486737.787215289,5639510.46939679
0.000185531750401702,79.1524359244992,487237.787215289,5639510.46939679
0.00016715615979474,79.1524359244992,487737.787215289,5639510.46939679
0.000139757608778343,79.1524359244992,488237.787215289,5639510.46939679
0.000116664215282947,79.1524359244992,488737.787215289,5639510.46939679
0.000113646371563108,79.1524359244992,489237.787215289,5639510.46939679
8.75454192455304e-05,79.1524359244992,489737.787215289,5639510.46939679
9.46011811880176e-05,79.1524359244992,490237.787215289,5639510.46939679
5.56115923618806e-05,79.1524359244992,490737.787215289,5639510.46939679
2.33015040618808e-05,79.1524359244992,491237.787215289,5639510.46939679
4.63948672897231e-05,79.1524359244992,491737.787215289,5639510.46939679
6.18472623286885e-05,79.1524359244992,492237.787215289,5639510.46939679
5.02785665401213e-05,79.1524359244992,492737.787215289,5639510.46939679
5.50905765639889e-05,79.1524359244992,493237.787215289,5639510.46939679
0.000236948629457149,79.1524359244992,493737.787215289,5639510.46939679
0.000176106492309443,79.1524359244992,494237.787215289,5639510.46939679
0.000140702022228896,79.1524359244992,494737.787215289,5639510.46939679
0.000336378152959136,79.1524359244992,495237.787215289,5639510.46939679
0.000314894146900211,79.1524359244992,495737.787215289,5639510.46939679
0.000381563850240795,79.1524359244992,496237.787215289,5639510.46939679
0.00030615632734186,79.1524359244992,496737.787215289,5639510.46939679
0.000417685721244527,79.1524359244992,497237.787215289,5639510.46939679
0.000470385066678559,79.1524359244992,497737.787215289,5639510.46939679
0.000500010302660961,79.1524359244992,498237.787215289,5639510.46939679
0.000355101270981799,79.1524359244992,498737.787215289,5639510.46939679
0.000484460771308062,79.1524359244992,499237.787215289,5639510.46939679
0.00033961072053695,79.1524359244992,499737.787215289,5639510.46939679
0.000102132456361501,79.1524359244992,500237.787215289,5639510.46939679
0.000104810785613305,79.1524359244992,500737.787215289,5639510.46939679
0.000404169207125979,79.1524359244992,501237.787215289,5639510.46939679
0.00013131157217274,79.1524359244992,501737.787215289,5639510.46939679
8.84282279900478e-05,79.1524359244992,502237.787215289,5639510.46939679
0.000227756015377051,79.1524359244992,502737.787215289,5639510.46939679
9.61511797865684e-05,79.1524359244992,503237.787215289,5639510.46939679
5.21586063862458e-05,79.1524359244992,503737.787215289,5639510.46939679
5.50905765639889e-05,79.1524359244992,504237.787215289,5639510.46939679
6.34691496086009e-05,79.1524359244992,504737.787215289,5639510.46939679
4.45080874744283e-05,79.1524359244992,505237.787215289,5639510.46939679
3.26236495649892e-05,79.1524359244992,505737.787215289,5639510.46939679
2.27060586640167e-05,79.1524359244992,506237.787215289,5639510.46939679
2.15604269802065e-05,79.1524359244992,506737.787215289,5639510.46939679
2.04725980165587e-05,79.1524359244992,507237.787215289,5639510.46939679
2.39125644648449e-05,79.1524359244992,507737.787215289,5639510.46939679
4.81022654154323e-05,79.1524359244992,508237.787215289,5639510.46939679
0.000137607561900562,79.1524359244992,508737.787215289,5639510.46939679
2.65213086832795e-05,79.1524359244992,509237.787215289,5639510.46939679
4.76115297946942e-05,79.1524359244992,509737.787215289,5639510.46939679
6.32731087572935e-05,79.1524359244992,510237.787215289,5639510.46939679
6.6868596715618e-05,79.1524359244992,510737.787215289,5639510.46939679
5.24039895856571e-05,79.1524359244992,511237.787215289,5639510.46939679
3.26236495649892e-05,79.1524359244992,511737.787215289,5639510.46939679
6.01024157127157e-05,79.1524359244992,512237.787215289,5639510.46939679
4.70571732308263e-05,79.1524359244992,512737.787215289,5639510.46939679
5.05919155721923e-05,79.1524359244992,513237.787215289,5639510.46939679
5.76802907789521e-05,79.1524359244992,513737.787215289,5639510.46939679
6.0615293898566e-05,79.1524359244992,514237.787215289,5639510.46939679
4.97660871135832e-05,79.1524359244992,514737.787215289,5639510.46939679
0.000107130191869439,79.1524359244992,515237.787215289,5639510.46939679
7.2530173231082e-05,79.1524359244992,515737.787215289,5639510.46939679
6.71107538662568e-05,79.1524359244992,516237.787215289,5639510.46939679
4.91051457099713e-05,79.1524359244992,516737.787215289,5639510.46939679
3.04962351563281e-05,79.1524359244992,517237.787215289,5639510.46939679
3.75103630564842e-05,79.1524359244992,517737.787215289,5639510.46939679
0.000330879481731793,79.1524359244992,518237.787215289,5639510.46939679
0.00032242420501997,79.1524359244992,518737.787215289,5639510.46939679
0.000268987589953451,79.1524359244992,519237.787215289,5639510.46939679
0.000348461045313194,79.1524359244992,519737.787215289,5639510.46939679
0.000417685721244527,79.1524359244992,520237.787215289,5639510.46939679
0.000417685721244527,79.1524359244992,520737.787215289,5639510.46939679
0.000417685721244527,79.1524359244992,521237.787215289,5639510.46939679
0.000283280475056577,79.1524359244992,521737.787215289,5639510.46939679
0.000298332824804918,79.1524359244992,522237.787215289,5639510.46939679
2.56412890136391e-05,79.1524359244992,522737.787215289,5639510.46939679
3.72067461361262e-05,79.1524359244992,523237.787215289,5639510.46939679
5.51375012641493e-05,79.1524359244992,523737.787215289,5639510.46939679
0.00011371432292158,79.1524359244992,524237.787215289,5639510.46939679
9.26391977512102e-05,79.1524359244992,524737.787215289,5639510.46939679
9.02719006095196e-05,79.1524359244992,525237.787215289,5639510.46939679
7.77834017409924e-05,79.1524359244992,525737.787215289,5639510.46939679
0.000104561656715098,79.1524359244992,526237.787215289,5639510.46939679
9.57131643735448e-05,79.1524359244992,526737.787215289,5639510.46939679
0.000102949442165661,79.1524359244992,527237.787215289,5639510.46939679
0.000102151570147271,79.1524359244992,527737.787215289,5639510.46939679
0.000135525186107027,79.1524359244992,528237.787215289,5639510.46939679
8.54935247255981e-05,79.1524359244992,528737.787215289,5639510.46939679
9.22407897138076e-05,79.1524359244992,529237.787215289,5639510.46939679
0.000101300530828344,79.1524359244992,529737.787215289,5639510.46939679
5.87980629265759e-05,79.1524359244992,530237.787215289,5639510.46939679
4.56752709229756e-05,79.1524359244992,530737.787215289,5639510.46939679
5.01174829902454e-05,79.1524359244992,531237.787215289,5639510.46939679
2.62382142153243e-05,79.1524359244992,531737.787215289,5639510.46939679
2.72168054858936e-05,79.1524359244992,532237.787215289,5639510.46939679
0.000883439648120228,79.1524359244992,483737.787215289,5640010.46939679
0.000757236862420813,79.1524359244992,484237.787215289,5640010.46939679
0.000291177085402852,79.1524359244992,484737.787215289,5640010.46939679
0.000351436099432564,79.1524359244992,485237.787215289,5640010.46939679
0.000514313672481799,79.1524359244992,485737.787215289,5640010.46939679
0.000379815747894852,79.1524359244992,486237.787215289,5640010.46939679
0.000290243380466728,79.1524359244992,486737.787215289,5640010.46939679
0.000246650745452837,79.1524359244992,487237.787215289,5640010.46939679
0.000216543113318701,79.1524359244992,487737.787215289,5640010.46939679
0.000206066999888835,79.1524359244992,488237.787215289,5640010.46939679
0.000172016715568386,79.1524359244992,488737.787215289,5640010.46939679
0.00011074225821697,79.1524359244992,489237.787215289,5640010.46939679
0.000185462966284297,79.1524359244992,489737.787215289,5640010.46939679
0.00012906335445741,79.1524359244992,490237.787215289,5640010.46939679
5.01414090543931e-05,79.1524359244992,490737.787215289,5640010.46939679
2.86629936678515e-05,79.1524359244992,491237.787215289,5640010.46939679
6.23142714185993e-05,79.1524359244992,491737.787215289,5640010.46939679
2.72168054858936e-05,79.1524359244992,492237.787215289,5640010.46939679
2.72168054858936e-05,79.1524359244992,492737.787215289,5640010.46939679
4.88600981491154e-05,79.1524359244992,493237.787215289,5640010.46939679
5.02785665401213e-05,79.1524359244992,493737.787215289,5640010.46939679
0.000241711502044799,79.1524359244992,494237.787215289,5640010.46939679
0.000256083029191474,79.1524359244992,494737.787215289,5640010.46939679
0.000273459334197696,79.1524359244992,495237.787215289,5640010.46939679
0.000146742649689916,79.1524359244992,495737.787215289,5640010.46939679
0.000246244191112121,79.1524359244992,496237.787215289,5640010.46939679
0.000391570009476932,79.1524359244992,496737.787215289,5640010.46939679
0.000412376416033652,79.1524359244992,497237.787215289,5640010.46939679
0.000279679627754745,79.1524359244992,497737.787215289,5640010.46939679
0.000198286872964621,79.1524359244992,498237.787215289,5640010.46939679
0.000361433452668348,79.1524359244992,498737.787215289,5640010.46939679
0.000444596397626117,79.1524359244992,499237.787215289,5640010.46939679
0.000245129375905306,79.1524359244992,499737.787215289,5640010.46939679
0.000125358174713387,79.1524359244992,500237.787215289,5640010.46939679
9.93054006165708e-05,79.1524359244992,500737.787215289,5640010.46939679
0.00042216433545429,79.1524359244992,501237.787215289,5640010.46939679
0.000221017449537034,79.1524359244992,501737.787215289,5640010.46939679
0.000108574941068966,79.1524359244992,502237.787215289,5640010.46939679
7.42219954564049e-05,79.1524359244992,502737.787215289,5640010.46939679
6.15584273720214e-05,79.1524359244992,503237.787215289,5640010.46939679
0.000141979946212968,79.1524359244992,503737.787215289,5640010.46939679
4.5209295313819e-05,79.1524359244992,504237.787215289,5640010.46939679
2.04725980165587e-05,79.1524359244992,504737.787215289,5640010.46939679
2.2125829246241e-05,79.1524359244992,505237.787215289,5640010.46939679
2.04725980165587e-05,79.1524359244992,505737.787215289,5640010.46939679
2.45396493619823e-05,79.1524359244992,506237.787215289,5640010.46939679
2.5183178980839e-05,79.1524359244992,506737.787215289,5640010.46939679
6.66592962904976e-05,79.1524359244992,507237.787215289,5640010.46939679
0.000103508999257428,79.1524359244992,507737.787215289,5640010.46939679
9.60368408714624e-05,79.1524359244992,508237.787215289,5640010.46939679
0.000111181196455248,79.1524359244992,508737.787215289,5640010.46939679
6.02668206702309e-05,79.1524359244992,509237.787215289,5640010.46939679
0.000107417484602305,79.1524359244992,509737.787215289,5640010.46939679
9.68514621913624e-05,79.1524359244992,510237.787215289,5640010.46939679
0.000128756858575284,79.1524359244992,510737.787215289,5640010.46939679
8.24405395799287e-05,79.1524359244992,511237.787215289,5640010.46939679
2.72168054858936e-05,79.1524359244992,511737.787215289,5640010.46939679
6.07218958346489e-05,79.1524359244992,512237.787215289,5640010.46939679
2.94146541793069e-05,79.1524359244992,512737.787215289,5640010.46939679
4.01300902474024e-05,79.1524359244992,513237.787215289,5640010.46939679
3.09776269268815e-05,79.1524359244992,513737.787215289,5640010.46939679
3.09776269268815e-05,79.1524359244992,514237.787215289,5640010.46939679
2.78815894509162e-05,79.1524359244992,514737.787215289,5640010.46939679
0.000224407232529222,79.1524359244992,515237.787215289,5640010.46939679
6.6993611991512e-05,79.1524359244992,515737.787215289,5640010.46939679
7.26572398866137e-05,79.1524359244992,516237.787215289,5640010.46939679
6.41598901586362e-05,79.1524359244992,516737.787215289,5640010.46939679
0.000177769420929439,79.1524359244992,517237.787215289,5640010.46939679
5.89652420727152e-05,79.1524359244992,517737.787215289,5640010.46939679
5.86555785061969e-05,79.1524359244992,518237.787215289,5640010.46939679
7.01860088503224e-05,79.1524359244992,518737.787215289,5640010.46939679
5.71566969667124e-05,79.1524359244992,519237.787215289,5640010.46939679
4.3636891125182e-05,79.1524359244992,519737.787215289,5640010.46939679
2.78082751464959e-05,79.1524359244992,520237.787215289,5640010.46939679
2.47610179095268e-05,79.1524359244992,520737.787215289,5640010.46939679
3.99544208358703e-05,79.1524359244992,521237.787215289,5640010.46939679
9.24437547646375e-05,79.1524359244992,521737.787215289,5640010.46939679
7.15109906070631e-05,79.1524359244992,522237.787215289,5640010.46939679
9.32357194412889e-05,79.1524359244992,522737.787215289,5640010.46939679
7.3701150890601e-05,79.1524359244992,523237.787215289,5640010.46939679
9.0659195890557e-05,79.1524359244992,523737.787215289,5640010.46939679
0.000115968823764307,79.1524359244992,524237.787215289,5640010.46939679
4.63649823800211e-05,79.1524359244992,524737.787215289,5640010.46939679
0.000123992000201982,79.1524359244992,525237.787215289,5640010.46939679
6.59206756958105e-05,79.1524359244992,525737.787215289,5640010.46939679
7.26572398866137e-05,79.1524359244992,526237.787215289,5640010.46939679
5.91702117318413e-05,79.1524359244992,526737.787215289,5640010.46939679
0.000119071826819428,79.1524359244992,527237.787215289,5640010.46939679
6.5896220185307e-05,79.1524359244992,527737.787215289,5640010.46939679
0.000102721541725941,79.1524359244992,528237.787215289,5640010.46939679
4.19654011737584e-05,79.1524359244992,528737.787215289,5640010.46939679
4.53879980367268e-05,79.1524359244992,529237.787215289,5640010.46939679
3.09233349478401e-05,79.1524359244992,529737.787215289,5640010.46939679
2.51390424616456e-05,79.1524359244992,530237.787215289,5640010.46939679
2.69262871272229e-05,79.1524359244992,530737.787215289,5640010.46939679
2.30527785191963e-05,79.1524359244992,531237.787215289,5640010.46939679
4.99062240415875e-05,79.1524359244992,531737.787215289,5640010.46939679
6.03399877709981e-05,79.1524359244992,532237.787215289,5640010.46939679
0.000979806199267009,79.1524359244992,483237.787215289,5640510.46939679
0.00100669042466355,79.1524359244992,483737.787215289,5640510.46939679
0.000985882228744469,79.1524359244992,484237.787215289,5640510.46939679
0.00102079902335281,79.1524359244992,484737.787215289,5640510.46939679
0.000346273497773813,79.1524359244992,485237.787215289,5640510.46939679
0.000813654085075951,79.1524359244992,485737.787215289,5640510.46939679
0.000443635368063832,79.1524359244992,486237.787215289,5640510.46939679
0.000375996943837348,79.1524359244992,486737.787215289,5640510.46939679
0.000334305272544772,79.1524359244992,487237.787215289,5640510.46939679
0.000169645838273961,79.1524359244992,487737.787215289,5640510.46939679
0.00017387721031438,79.1524359244992,488237.787215289,5640510.46939679
0.000291437017662427,79.1524359244992,488737.787215289,5640510.46939679
0.00035782417219983,79.1524359244992,489237.787215289,5640510.46939679
0.000220646634282126,79.1524359244992,489737.787215289,5640510.46939679
0.000219243942790296,79.1524359244992,490237.787215289,5640510.46939679
0.000214833593729855,79.1524359244992,490737.787215289,5640510.46939679
0.000152619876119254,79.1524359244992,491237.787215289,5640510.46939679
6.56253933994506e-05,79.1524359244992,491737.787215289,5640510.46939679
4.56752709229756e-05,79.1524359244992,492237.787215289,5640510.46939679
3.91046080514793e-05,79.1524359244992,492737.787215289,5640510.46939679
2.65213086832795e-05,79.1524359244992,493237.787215289,5640510.46939679
4.5209295313819e-05,79.1524359244992,493737.787215289,5640510.46939679
4.66457891436268e-05,79.1524359244992,494237.787215289,5640510.46939679
0.000181225154024671,79.1524359244992,494737.787215289,5640510.46939679
0.000195289158761373,79.1524359244992,495237.787215289,5640510.46939679
0.000132456456278321,79.1524359244992,495737.787215289,5640510.46939679
0.000121376443977324,79.1524359244992,496237.787215289,5640510.46939679
0.000387348770048268,79.1524359244992,496737.787215289,5640510.46939679
0.000353661057623534,79.1524359244992,497237.787215289,5640510.46939679
0.000327235674932621,79.1524359244992,497737.787215289,5640510.46939679
0.000334405771991724,79.1524359244992,498237.787215289,5640510.46939679
0.000412376416033652,79.1524359244992,498737.787215289,5640510.46939679
0.000412376416033652,79.1524359244992,499237.787215289,5640510.46939679
0.000326673591831377,79.1524359244992,499737.787215289,5640510.46939679
0.000171319053262302,79.1524359244992,500237.787215289,5640510.46939679
7.67887313888325e-05,79.1524359244992,500737.787215289,5640510.46939679
0.000194657008630471,79.1524359244992,501237.787215289,5640510.46939679
8.95373159111152e-05,79.1524359244992,501737.787215289,5640510.46939679
0.000104762024460082,79.1524359244992,502237.787215289,5640510.46939679
6.35984367332449e-05,79.1524359244992,502737.787215289,5640510.46939679
5.41812288401529e-05,79.1524359244992,503237.787215289,5640510.46939679
4.76115297946942e-05,79.1524359244992,503737.787215289,5640510.46939679
3.09776269268815e-05,79.1524359244992,504237.787215289,5640510.46939679
2.10094729736643e-05,79.1524359244992,504737.787215289,5640510.46939679
3.61827307046145e-05,79.1524359244992,505237.787215289,5640510.46939679
0.000106223427074134,79.1524359244992,505737.787215289,5640510.46939679
6.16785460031464e-05,79.1524359244992,506237.787215289,5640510.46939679
4.18312786956425e-05,79.1524359244992,506737.787215289,5640510.46939679
9.35827205378366e-05,79.1524359244992,507237.787215289,5640510.46939679
6.85944971668077e-05,79.1524359244992,507737.787215289,5640510.46939679
5.23109876038363e-05,79.1524359244992,508237.787215289,5640510.46939679
7.89225602120613e-05,79.1524359244992,508737.787215289,5640510.46939679
5.7711478316831e-05,79.1524359244992,509237.787215289,5640510.46939679
6.56860573010377e-05,79.1524359244992,509737.787215289,5640510.46939679
5.92249084843551e-05,79.1524359244992,510237.787215289,5640510.46939679
0.000113125204299534,79.1524359244992,510737.787215289,5640510.46939679
8.36309736353178e-05,79.1524359244992,511237.787215289,5640510.46939679
9.09425471963527e-05,79.1524359244992,511737.787215289,5640510.46939679
5.06582203310545e-05,79.1524359244992,512237.787215289,5640510.46939679
4.56752709229756e-05,79.1524359244992,512737.787215289,5640510.46939679
7.0924864904748e-05,79.1524359244992,513237.787215289,5640510.46939679
2.37351720520158e-05,79.1524359244992,513737.787215289,5640510.46939679
2.86629936678515e-05,79.1524359244992,514237.787215289,5640510.46939679
5.05694357691195e-05,79.1524359244992,514737.787215289,5640510.46939679
0.000202333620799624,79.1524359244992,515237.787215289,5640510.46939679
6.46814517920248e-05,79.1524359244992,515737.787215289,5640510.46939679
4.51310852657061e-05,79.1524359244992,516237.787215289,5640510.46939679
5.13673040317288e-05,79.1524359244992,516737.787215289,5640510.46939679
4.49060920762312e-05,79.1524359244992,517237.787215289,5640510.46939679
5.80291834615865e-05,79.1524359244992,517737.787215289,5640510.46939679
7.03079955217254e-05,79.1524359244992,518237.787215289,5640510.46939679
9.09227448544255e-05,79.1524359244992,518737.787215289,5640510.46939679
7.04304600924022e-05,79.1524359244992,519237.787215289,5640510.46939679
4.6546318767297e-05,79.1524359244992,519737.787215289,5640510.46939679
8.33506095638249e-05,79.1524359244992,520237.787215289,5640510.46939679
7.51519032556511e-05,79.1524359244992,520737.787215289,5640510.46939679
7.71226924444073e-05,79.1524359244992,521237.787215289,5640510.46939679
7.1651521695944e-05,79.1524359244992,521737.787215289,5640510.46939679
7.1651521695944e-05,79.1524359244992,522237.787215289,5640510.46939679
4.83623280609875e-05,79.1524359244992,522737.787215289,5640510.46939679
7.78097610553182e-05,79.1524359244992,523237.787215289,5640510.46939679
7.78097610553182e-05,79.1524359244992,523737.787215289,5640510.46939679
8.36924737377343e-05,79.1524359244992,524237.787215289,5640510.46939679
0.000124255625448831,79.1524359244992,524737.787215289,5640510.46939679
9.61844640969055e-05,79.1524359244992,525237.787215289,5640510.46939679
0.000128951036884812,79.1524359244992,525737.787215289,5640510.46939679
4.4430081752491e-05,79.1524359244992,526237.787215289,5640510.46939679
2.86629936678515e-05,79.1524359244992,526737.787215289,5640510.46939679
3.01860262928032e-05,79.1524359244992,527237.787215289,5640510.46939679
6.41995855885057e-05,79.1524359244992,527737.787215289,5640510.46939679
2.45396493619823e-05,79.1524359244992,528237.787215289,5640510.46939679
2.27060586640167e-05,79.1524359244992,528737.787215289,5640510.46939679
2.20870510964316e-05,79.1524359244992,529237.787215289,5640510.46939679
2.42419464829184e-05,79.1524359244992,529737.787215289,5640510.46939679
3.20742621034172e-05,79.1524359244992,530237.787215289,5640510.46939679
2.76324041151474e-05,79.1524359244992,530737.787215289,5640510.46939679
8.33446100330447e-05,79.1524359244992,531237.787215289,5640510.46939679
7.08003508754783e-05,79.1524359244992,531737.787215289,5640510.46939679
4.3463928862029e-05,79.1524359244992,532237.787215289,5640510.46939679
0.00160651517197232,79.1524359244992,483237.787215289,5641010.46939679
0.00166290831333426,79.1524359244992,483737.787215289,5641010.46939679
0.00178946281584581,79.1524359244992,484237.787215289,5641010.46939679
0.00159313073052932,79.1524359244992,484737.787215289,5641010.46939679
0.00165967668771653,79.1524359244992,485237.787215289,5641010.46939679
0.000596394211588861,79.1524359244992,485737.787215289,5641010.46939679
0.000481855112399419,79.1524359244992,486237.787215289,5641010.46939679
0.000313677538474023,79.1524359244992,486737.787215289,5641010.46939679
0.000191840668716494,79.1524359244992,487237.787215289,5641010.46939679
0.000451023376305989,79.1524359244992,487737.787215289,5641010.46939679
0.000493282223416171,79.1524359244992,488237.787215289,5641010.46939679
0.000524350402778862,79.1524359244992,488737.787215289,5641010.46939679
0.000470561126090037,79.1524359244992,489237.787215289,5641010.46939679
0.000396131664445797,79.1524359244992,489737.787215289,5641010.46939679
0.000324592123055292,79.1524359244992,490237.787215289,5641010.46939679
0.00028798982924671,79.1524359244992,490737.787215289,5641010.46939679
0.000252988118939237,79.1524359244992,491237.787215289,5641010.46939679
0.00010522823737966,79.1524359244992,491737.787215289,5641010.46939679
8.22213627832417e-05,79.1524359244992,492237.787215289,5641010.46939679
7.20422589358328e-05,79.1524359244992,492737.787215289,5641010.46939679
2.58435845690397e-05,79.1524359244992,493237.787215289,5641010.46939679
4.81022654154323e-05,79.1524359244992,493737.787215289,5641010.46939679
2.58435845690397e-05,79.1524359244992,494237.787215289,5641010.46939679
0.000119026181135726,79.1524359244992,494737.787215289,5641010.46939679
5.56115923618806e-05,79.1524359244992,495237.787215289,5641010.46939679
5.52703184466184e-05,79.1524359244992,495737.787215289,5641010.46939679
0.00017445677066109,79.1524359244992,496237.787215289,5641010.46939679
0.000190311012412395,79.1524359244992,496737.787215289,5641010.46939679
0.00028798982924671,79.1524359244992,497237.787215289,5641010.46939679
0.000222308034548174,79.1524359244992,497737.787215289,5641010.46939679
0.000157370530996481,79.1524359244992,498237.787215289,5641010.46939679
0.000324866542110639,79.1524359244992,498737.787215289,5641010.46939679
0.000292911342477966,79.1524359244992,499237.787215289,5641010.46939679
0.000193580230764488,79.1524359244992,499737.787215289,5641010.46939679
0.000135941912528262,79.1524359244992,500237.787215289,5641010.46939679
0.000176106492309443,79.1524359244992,500737.787215289,5641010.46939679
8.90420252425133e-05,79.1524359244992,501237.787215289,5641010.46939679
0.00020386628149654,79.1524359244992,501737.787215289,5641010.46939679
8.75382672302373e-05,79.1524359244992,502237.787215289,5641010.46939679
4.9671642497883e-05,79.1524359244992,502737.787215289,5641010.46939679
4.7869031842252e-05,79.1524359244992,503237.787215289,5641010.46939679
2.33015040618808e-05,79.1524359244992,503737.787215289,5641010.46939679
4.5209295313819e-05,79.1524359244992,504237.787215289,5641010.46939679
5.56115923618806e-05,79.1524359244992,504737.787215289,5641010.46939679
6.18472623286885e-05,79.1524359244992,505237.787215289,5641010.46939679
0.000125765276348783,79.1524359244992,505737.787215289,5641010.46939679
0.000103881989704635,79.1524359244992,506237.787215289,5641010.46939679
7.614368130702e-05,79.1524359244992,506737.787215289,5641010.46939679
9.21896877506599e-05,79.1524359244992,507237.787215289,5641010.46939679
0.000145611881249183,79.1524359244992,507737.787215289,5641010.46939679
8.97334929385519e-05,79.1524359244992,508237.787215289,5641010.46939679
6.74086134303287e-05,79.1524359244992,508737.787215289,5641010.46939679
8.07998934097046e-05,79.1524359244992,509237.787215289,5641010.46939679
6.40075192796346e-05,79.1524359244992,509737.787215289,5641010.46939679
7.0990427620669e-05,79.1524359244992,510237.787215289,5641010.46939679
5.47996520480094e-05,79.1524359244992,510737.787215289,5641010.46939679
6.32960088533913e-05,79.1524359244992,511237.787215289,5641010.46939679
2.04725980165587e-05,79.1524359244992,511737.787215289,5641010.46939679
2.33015040618808e-05,79.1524359244992,512237.787215289,5641010.46939679
6.04274734282718e-05,79.1524359244992,512737.787215289,5641010.46939679
0.000103508999257428,79.1524359244992,513237.787215289,5641010.46939679
5.65637707448294e-05,79.1524359244992,513737.787215289,5641010.46939679
3.28214943360729e-05,79.1524359244992,514237.787215289,5641010.46939679
1.68972834058903e-05,79.1524359244992,514737.787215289,5641010.46939679
4.28540013397727e-05,79.1524359244992,515237.787215289,5641010.46939679
3.34204983767486e-05,79.1524359244992,515737.787215289,5641010.46939679
7.65179443220464e-05,79.1524359244992,516237.787215289,5641010.46939679
9.70820185789988e-05,79.1524359244992,516737.787215289,5641010.46939679
9.45661368553638e-05,79.1524359244992,517237.787215289,5641010.46939679
6.71107538662568e-05,79.1524359244992,517737.787215289,5641010.46939679
8.04428615735144e-05,79.1524359244992,518237.787215289,5641010.46939679
5.7456467645366e-05,79.1524359244992,518737.787215289,5641010.46939679
6.89913268673622e-05,79.1524359244992,519237.787215289,5641010.46939679
7.7051999328783e-05,79.1524359244992,519737.787215289,5641010.46939679
9.87068127501879e-05,79.1524359244992,520237.787215289,5641010.46939679
0.000117986321580986,79.1524359244992,520737.787215289,5641010.46939679
7.61947656151804e-05,79.1524359244992,521237.787215289,5641010.46939679
0.000119646857754832,79.1524359244992,521737.787215289,5641010.46939679
0.000124602547306726,79.1524359244992,522237.787215289,5641010.46939679
9.69975239500267e-05,79.1524359244992,522737.787215289,5641010.46939679
9.88223309694283e-05,79.1524359244992,523237.787215289,5641010.46939679
7.05840387937426e-05,79.1524359244992,523737.787215289,5641010.46939679
8.47790828091184e-05,79.1524359244992,524237.787215289,5641010.46939679
0.000138203203732073,79.1524359244992,524737.787215289,5641010.46939679
0.000127876727381324,79.1524359244992,525237.787215289,5641010.46939679
9.22590743187117e-05,79.1524359244992,525737.787215289,5641010.46939679
0.000169168377778853,79.1524359244992,526237.787215289,5641010.46939679
0.000173708908876154,79.1524359244992,526737.787215289,5641010.46939679
0.000101903547962004,79.1524359244992,527237.787215289,5641010.46939679
0.000104575874302645,79.1524359244992,527737.787215289,5641010.46939679
0.000100667304559842,79.1524359244992,528237.787215289,5641010.46939679
2.39518634877924e-05,79.1524359244992,528737.787215289,5641010.46939679
0.000417685721244527,79.1524359244992,529237.787215289,5641010.46939679
1.66674286031977e-05,79.1524359244992,529737.787215289,5641010.46939679
1.73403990425282e-05,79.1524359244992,530237.787215289,5641010.46939679
4.38473868731575e-05,79.1524359244992,530737.787215289,5641010.46939679
4.19966288377701e-05,79.1524359244992,531237.787215289,5641010.46939679
5.07670789983792e-05,79.1524359244992,531737.787215289,5641010.46939679
5.97150079310617e-05,79.1524359244992,532237.787215289,5641010.46939679
0.00172370755029797,79.1524359244992,483237.787215289,5641510.46939679
0.00178946281584581,79.1524359244992,483737.787215289,5641510.46939679
0.00186082104791462,79.1524359244992,484237.787215289,5641510.46939679
0.00160301014268999,79.1524359244992,484737.787215289,5641510.46939679
0.00190872307190329,79.1524359244992,485237.787215289,5641510.46939679
0.000781577963993943,79.1524359244992,485737.787215289,5641510.46939679
0.00029645996915693,79.1524359244992,486237.787215289,5641510.46939679
0.000487080570960182,79.1524359244992,486737.787215289,5641510.46939679
0.00092568238757911,79.1524359244992,487237.787215289,5641510.46939679
0.000742082372578775,79.1524359244992,487737.787215289,5641510.46939679
0.000613832605134697,79.1524359244992,488237.787215289,5641510.46939679
0.000247603332286525,79.1524359244992,488737.787215289,5641510.46939679
0.000215203924906052,79.1524359244992,489237.787215289,5641510.46939679
0.000179173668499045,79.1524359244992,489737.787215289,5641510.46939679
0.000152052159215845,79.1524359244992,490237.787215289,5641510.46939679
0.000308475436584182,79.1524359244992,490737.787215289,5641510.46939679
0.000266471368887877,79.1524359244992,491237.787215289,5641510.46939679
0.000269690219447826,79.1524359244992,491737.787215289,5641510.46939679
0.000132834867835174,79.1524359244992,492237.787215289,5641510.46939679
0.000145315871749457,79.1524359244992,492737.787215289,5641510.46939679
0.000109009038250982,79.1524359244992,493237.787215289,5641510.46939679
4.40540193812523e-05,79.1524359244992,493737.787215289,5641510.46939679
1.99494423336076e-05,79.1524359244992,494237.787215289,5641510.46939679
3.26236495649892e-05,79.1524359244992,494737.787215289,5641510.46939679
2.79305410492048e-05,79.1524359244992,495237.787215289,5641510.46939679
9.62928454721356e-05,79.1524359244992,495737.787215289,5641510.46939679
0.00013102200922554,79.1524359244992,496237.787215289,5641510.46939679
0.000284020439368647,79.1524359244992,496737.787215289,5641510.46939679
0.000150749591283711,79.1524359244992,497237.787215289,5641510.46939679
0.000143143537293824,79.1524359244992,497737.787215289,5641510.46939679
0.000198424473910049,79.1524359244992,498237.787215289,5641510.46939679
0.000263790668174237,79.1524359244992,498737.787215289,5641510.46939679
0.000292568944192614,79.1524359244992,499237.787215289,5641510.46939679
0.000127784404182682,79.1524359244992,499737.787215289,5641510.46939679
0.000154702859954775,79.1524359244992,500237.787215289,5641510.46939679
5.49300984403841e-05,79.1524359244992,500737.787215289,5641510.46939679
0.000178906632415481,79.1524359244992,501237.787215289,5641510.46939679
6.35240934336501e-05,79.1524359244992,501737.787215289,5641510.46939679
5.85565455199733e-05,79.1524359244992,502237.787215289,5641510.46939679
4.98337042349842e-05,79.1524359244992,502737.787215289,5641510.46939679
5.14563211536548e-05,79.1524359244992,503237.787215289,5641510.46939679
2.5183178980839e-05,79.1524359244992,503737.787215289,5641510.46939679
4.91243529498228e-05,79.1524359244992,504237.787215289,5641510.46939679
0.000183439493988174,79.1524359244992,504737.787215289,5641510.46939679
7.81951210105444e-05,79.1524359244992,505237.787215289,5641510.46939679
0.000205697286031855,79.1524359244992,505737.787215289,5641510.46939679
6.19732456570124e-05,79.1524359244992,506237.787215289,5641510.46939679
0.000161497427690789,79.1524359244992,506737.787215289,5641510.46939679
0.000185240587153568,79.1524359244992,507237.787215289,5641510.46939679
8.26272463740204e-05,79.1524359244992,507737.787215289,5641510.46939679
8.03991655197689e-05,79.1524359244992,508237.787215289,5641510.46939679
0.00011913620855293,79.1524359244992,508737.787215289,5641510.46939679
0.000150391595560177,79.1524359244992,509237.787215289,5641510.46939679
5.92249084843551e-05,79.1524359244992,509737.787215289,5641510.46939679
8.07998934097046e-05,79.1524359244992,510237.787215289,5641510.46939679
6.27029990301604e-05,79.1524359244992,510737.787215289,5641510.46939679
4.88600981491154e-05,79.1524359244992,511237.787215289,5641510.46939679
2.45396493619823e-05,79.1524359244992,511737.787215289,5641510.46939679
3.61827307046145e-05,79.1524359244992,512237.787215289,5641510.46939679
5.41904966827415e-05,79.1524359244992,512737.787215289,5641510.46939679
2.33015040618808e-05,79.1524359244992,513237.787215289,5641510.46939679
5.65637707448294e-05,79.1524359244992,513737.787215289,5641510.46939679
3.43571350204251e-05,79.1524359244992,514237.787215289,5641510.46939679
6.00737365375411e-05,79.1524359244992,514737.787215289,5641510.46939679
3.09776269268815e-05,79.1524359244992,515237.787215289,5641510.46939679
2.27060586640167e-05,79.1524359244992,515737.787215289,5641510.46939679
2.44966407050574e-05,79.1524359244992,516237.787215289,5641510.46939679
6.89913268673622e-05,79.1524359244992,516737.787215289,5641510.46939679
9.21971329389777e-05,79.1524359244992,517237.787215289,5641510.46939679
7.85245566749332e-05,79.1524359244992,517737.787215289,5641510.46939679
8.69388935305128e-05,79.1524359244992,518237.787215289,5641510.46939679
6.89913268673622e-05,79.1524359244992,518737.787215289,5641510.46939679
0.000115298250307955,79.1524359244992,519237.787215289,5641510.46939679
0.000115663173310919,79.1524359244992,519737.787215289,5641510.46939679
7.65177176232224e-05,79.1524359244992,520237.787215289,5641510.46939679
7.43345819201676e-05,79.1524359244992,520737.787215289,5641510.46939679
0.000124748371733396,79.1524359244992,521237.787215289,5641510.46939679
0.00013864062171535,79.1524359244992,521737.787215289,5641510.46939679
5.32116353879931e-05,79.1524359244992,522237.787215289,5641510.46939679
7.47498841537189e-05,79.1524359244992,522737.787215289,5641510.46939679
7.02710648487762e-05,79.1524359244992,523237.787215289,5641510.46939679
0.000138552534152755,79.1524359244992,523737.787215289,5641510.46939679
0.000157113962017452,79.1524359244992,524237.787215289,5641510.46939679
0.000157469266246428,79.1524359244992,524737.787215289,5641510.46939679
0.00015012187904573,79.1524359244992,525237.787215289,5641510.46939679
0.000155301283462854,79.1524359244992,525737.787215289,5641510.46939679
7.81043826651908e-05,79.1524359244992,526237.787215289,5641510.46939679
0.000127876727381324,79.1524359244992,526737.787215289,5641510.46939679
0.000112309888714186,79.1524359244992,527237.787215289,5641510.46939679
4.05711313931066e-05,79.1524359244992,527737.787215289,5641510.46939679
0.000108706440229684,79.1524359244992,528237.787215289,5641510.46939679
0.000417685721244527,79.1524359244992,528737.787215289,5641510.46939679
1.56347265854196e-05,79.1524359244992,529237.787215289,5641510.46939679
1.92321520502012e-05,79.1524359244992,529737.787215289,5641510.46939679
4.36286159940305e-05,79.1524359244992,530237.787215289,5641510.46939679
4.42281555442651e-05,79.1524359244992,530737.787215289,5641510.46939679
4.53512458781834e-05,79.1524359244992,531237.787215289,5641510.46939679
5.70493074123381e-05,79.1524359244992,531737.787215289,5641510.46939679
6.02814416125315e-05,79.1524359244992,532237.787215289,5641510.46939679
0.000847441392512985,79.1524359244992,483237.787215289,5642010.46939679
0.00211695545474708,79.1524359244992,483737.787215289,5642010.46939679
0.000929738146729179,79.1524359244992,484237.787215289,5642010.46939679
0.00125426864776138,79.1524359244992,484737.787215289,5642010.46939679
0.000729424693085478,79.1524359244992,485237.787215289,5642010.46939679
0.000901411374951689,79.1524359244992,485737.787215289,5642010.46939679
0.000397014234737903,79.1524359244992,486237.787215289,5642010.46939679
0.000933374980694296,79.1524359244992,486737.787215289,5642010.46939679
0.00101762032558522,79.1524359244992,487237.787215289,5642010.46939679
0.000378493323208805,79.1524359244992,487737.787215289,5642010.46939679
0.00030461413109216,79.1524359244992,488237.787215289,5642010.46939679
0.000268093308988665,79.1524359244992,488737.787215289,5642010.46939679
0.000237324084279147,79.1524359244992,489237.787215289,5642010.46939679
0.000417685721244527,79.1524359244992,489737.787215289,5642010.46939679
0.000412376416033652,79.1524359244992,490237.787215289,5642010.46939679
0.000362870165560177,79.1524359244992,490737.787215289,5642010.46939679
0.000354251893127888,79.1524359244992,491237.787215289,5642010.46939679
0.00031087094363648,79.1524359244992,491737.787215289,5642010.46939679
0.000280605969982123,79.1524359244992,492237.787215289,5642010.46939679
0.000285092652923397,79.1524359244992,492737.787215289,5642010.46939679
0.000112349318888294,79.1524359244992,493237.787215289,5642010.46939679
9.73656345210561e-05,79.1524359244992,493737.787215289,5642010.46939679
5.17346173586705e-05,79.1524359244992,494237.787215289,5642010.46939679
8.19970669019443e-05,79.1524359244992,494737.787215289,5642010.46939679
2.45396493619823e-05,79.1524359244992,495237.787215289,5642010.46939679
2.72168054858936e-05,79.1524359244992,495737.787215289,5642010.46939679
0.000119026181135726,79.1524359244992,496237.787215289,5642010.46939679
9.60368408714624e-05,79.1524359244992,496737.787215289,5642010.46939679
0.000145703239049143,79.1524359244992,497237.787215289,5642010.46939679
4.91243529498228e-05,79.1524359244992,497737.787215289,5642010.46939679
0.000134457940294277,79.1524359244992,498237.787215289,5642010.46939679
0.000198252850845622,79.1524359244992,498737.787215289,5642010.46939679
0.00013102200922554,79.1524359244992,499237.787215289,5642010.46939679
0.000101139840353634,79.1524359244992,499737.787215289,5642010.46939679
6.53071953923144e-05,79.1524359244992,500237.787215289,5642010.46939679
4.91243529498228e-05,79.1524359244992,500737.787215289,5642010.46939679
6.18472623286885e-05,79.1524359244992,501237.787215289,5642010.46939679
4.77417670146181e-05,79.1524359244992,501737.787215289,5642010.46939679
5.43387300973091e-05,79.1524359244992,502237.787215289,5642010.46939679
5.70699549614741e-05,79.1524359244992,502737.787215289,5642010.46939679
2.65213086832795e-05,79.1524359244992,503237.787215289,5642010.46939679
5.73786119258685e-05,79.1524359244992,503737.787215289,5642010.46939679
5.23109876038363e-05,79.1524359244992,504237.787215289,5642010.46939679
6.51899540591449e-05,79.1524359244992,504737.787215289,5642010.46939679
0.000250774281355643,79.1524359244992,505237.787215289,5642010.46939679
9.78635385890165e-05,79.1524359244992,505737.787215289,5642010.46939679
0.000174657012848993,79.1524359244992,506237.787215289,5642010.46939679
0.000157477035875755,79.1524359244992,506737.787215289,5642010.46939679
0.000138465517389586,79.1524359244992,507237.787215289,5642010.46939679
0.000107324646119396,79.1524359244992,507737.787215289,5642010.46939679
0.000180268132996643,79.1524359244992,508237.787215289,5642010.46939679
0.000217075371325792,79.1524359244992,508737.787215289,5642010.46939679
0.000170610034861117,79.1524359244992,509237.787215289,5642010.46939679
0.000200105423936791,79.1524359244992,509737.787215289,5642010.46939679
7.69057772979144e-05,79.1524359244992,510237.787215289,5642010.46939679
8.24405395799287e-05,79.1524359244992,510737.787215289,5642010.46939679
3.81053309731544e-05,79.1524359244992,511237.787215289,5642010.46939679
2.72168054858936e-05,79.1524359244992,511737.787215289,5642010.46939679
3.71315893682435e-05,79.1524359244992,512237.787215289,5642010.46939679
2.5183178980839e-05,79.1524359244992,512737.787215289,5642010.46939679
4.11824647659074e-05,79.1524359244992,513237.787215289,5642010.46939679
4.11824647659074e-05,79.1524359244992,513737.787215289,5642010.46939679
2.65213086832795e-05,79.1524359244992,514237.787215289,5642010.46939679
7.91382573499694e-06,79.1524359244992,514737.787215289,5642010.46939679
1.39775607230526e-05,79.1524359244992,515237.787215289,5642010.46939679
5.38975494323307e-05,79.1524359244992,515737.787215289,5642010.46939679
8.12707739988509e-05,79.1524359244992,516237.787215289,5642010.46939679
2.65213086832795e-05,79.1524359244992,516737.787215289,5642010.46939679
0.000126010132729781,79.1524359244992,517237.787215289,5642010.46939679
0.000140592735342986,79.1524359244992,517737.787215289,5642010.46939679
0.00011844905859714,79.1524359244992,518237.787215289,5642010.46939679
0.000145703239049143,79.1524359244992,518737.787215289,5642010.46939679
0.000142547496207528,79.1524359244992,519237.787215289,5642010.46939679
0.000104224233553401,79.1524359244992,519737.787215289,5642010.46939679
7.86818540660631e-05,79.1524359244992,520237.787215289,5642010.46939679
0.000142706963402987,79.1524359244992,520737.787215289,5642010.46939679
0.000157697739912297,79.1524359244992,521237.787215289,5642010.46939679
0.000107739810479139,79.1524359244992,521737.787215289,5642010.46939679
5.56514733464585e-05,79.1524359244992,522237.787215289,5642010.46939679
5.71108817880046e-05,79.1524359244992,522737.787215289,5642010.46939679
0.000145709571327806,79.1524359244992,523237.787215289,5642010.46939679
0.000148656450903538,79.1524359244992,523737.787215289,5642010.46939679
0.000168522647949631,79.1524359244992,524237.787215289,5642010.46939679
0.000156332059794018,79.1524359244992,524737.787215289,5642010.46939679
0.000144651004111283,79.1524359244992,525237.787215289,5642010.46939679
0.000152564659212329,79.1524359244992,525737.787215289,5642010.46939679
6.57664147938353e-05,79.1524359244992,526237.787215289,5642010.46939679
3.90359569187907e-05,79.1524359244992,526737.787215289,5642010.46939679
4.4772736116031e-05,79.1524359244992,527237.787215289,5642010.46939679
3.93417563267773e-05,79.1524359244992,527737.787215289,5642010.46939679
0.000111557166131116,79.1524359244992,528237.787215289,5642010.46939679
0.000236331302302871,79.1524359244992,528737.787215289,5642010.46939679
1.64654911227088e-05,79.1524359244992,529237.787215289,5642010.46939679
5.3673526884282e-05,79.1524359244992,529737.787215289,5642010.46939679
5.87980629265759e-05,79.1524359244992,530237.787215289,5642010.46939679
4.3463928862029e-05,79.1524359244992,530737.787215289,5642010.46939679
5.2786610832871e-05,79.1524359244992,531237.787215289,5642010.46939679
5.67335833694505e-05,79.1524359244992,531737.787215289,5642010.46939679
7.91195169336931e-05,79.1524359244992,532237.787215289,5642010.46939679
0.00211695545474708,79.1524359244992,483237.787215289,5642510.46939679
0.00171374045317459,79.1524359244992,483737.787215289,5642510.46939679
0.000639872416734808,79.1524359244992,484237.787215289,5642510.46939679
0.000974576536593061,79.1524359244992,484737.787215289,5642510.46939679
0.000901756650473538,79.1524359244992,485237.787215289,5642510.46939679
0.00132909499043138,79.1524359244992,485737.787215289,5642510.46939679
0.000893419701859313,79.1524359244992,486237.787215289,5642510.46939679
0.00124452845374403,79.1524359244992,486737.787215289,5642510.46939679
0.000481838655040249,79.1524359244992,487237.787215289,5642510.46939679
0.000392331792270766,79.1524359244992,487737.787215289,5642510.46939679
0.000317754070404125,79.1524359244992,488237.787215289,5642510.46939679
0.000281524038713273,79.1524359244992,488737.787215289,5642510.46939679
0.000250323883908398,79.1524359244992,489237.787215289,5642510.46939679
0.000211295849511387,79.1524359244992,489737.787215289,5642510.46939679
0.000417685721244527,79.1524359244992,490237.787215289,5642510.46939679
0.000167866010582409,79.1524359244992,490737.787215289,5642510.46939679
0.000372453139678093,79.1524359244992,491237.787215289,5642510.46939679
0.000360827052412783,79.1524359244992,491737.787215289,5642510.46939679
0.00031087094363648,79.1524359244992,492237.787215289,5642510.46939679
0.000308475436584182,79.1524359244992,492737.787215289,5642510.46939679
0.000270708334586012,79.1524359244992,493237.787215289,5642510.46939679
0.000134068212845861,79.1524359244992,493737.787215289,5642510.46939679
0.000126544227494299,79.1524359244992,494237.787215289,5642510.46939679
6.53071953923144e-05,79.1524359244992,494737.787215289,5642510.46939679
0.000109009038250982,79.1524359244992,495237.787215289,5642510.46939679
3.43571350204251e-05,79.1524359244992,495737.787215289,5642510.46939679
2.45396493619823e-05,79.1524359244992,496237.787215289,5642510.46939679
4.76115297946942e-05,79.1524359244992,496737.787215289,5642510.46939679
5.41904966827415e-05,79.1524359244992,497237.787215289,5642510.46939679
4.76115297946942e-05,79.1524359244992,497737.787215289,5642510.46939679
4.76115297946942e-05,79.1524359244992,498237.787215289,5642510.46939679
4.76115297946942e-05,79.1524359244992,498737.787215289,5642510.46939679
6.01024157127157e-05,79.1524359244992,499237.787215289,5642510.46939679
5.56115923618806e-05,79.1524359244992,499737.787215289,5642510.46939679
4.88600981491154e-05,79.1524359244992,500237.787215289,5642510.46939679
7.20422589358328e-05,79.1524359244992,500737.787215289,5642510.46939679
4.40540193812523e-05,79.1524359244992,501237.787215289,5642510.46939679
4.63948672897231e-05,79.1524359244992,501737.787215289,5642510.46939679
4.5209295313819e-05,79.1524359244992,502237.787215289,5642510.46939679
6.91124546719357e-05,79.1524359244992,502737.787215289,5642510.46939679
6.73463586740031e-05,79.1524359244992,503237.787215289,5642510.46939679
0.000118134149386621,79.1524359244992,503737.787215289,5642510.46939679
0.000117791736580724,79.1524359244992,504237.787215289,5642510.46939679
0.0001279339523892,79.1524359244992,504737.787215289,5642510.46939679
0.000144295870341686,79.1524359244992,505237.787215289,5642510.46939679
0.000327176774342106,79.1524359244992,505737.787215289,5642510.46939679
0.000110139135747684,79.1524359244992,506237.787215289,5642510.46939679
7.86670882386779e-05,79.1524359244992,506737.787215289,5642510.46939679
0.00029121762372706,79.1524359244992,507237.787215289,5642510.46939679
0.000245129375905306,79.1524359244992,507737.787215289,5642510.46939679
0.000107417484602305,79.1524359244992,508237.787215289,5642510.46939679
0.000139338190617222,79.1524359244992,508737.787215289,5642510.46939679
8.9320180800804e-05,79.1524359244992,509237.787215289,5642510.46939679
9.62975966196706e-05,79.1524359244992,509737.787215289,5642510.46939679
9.93913022530658e-05,79.1524359244992,510237.787215289,5642510.46939679
5.01414090543931e-05,79.1524359244992,510737.787215289,5642510.46939679
2.39125644648449e-05,79.1524359244992,511237.787215289,5642510.46939679
2.39125644648449e-05,79.1524359244992,511737.787215289,5642510.46939679
7.39315005770102e-05,79.1524359244992,512237.787215289,5642510.46939679
2.94146541793069e-05,79.1524359244992,512737.787215289,5642510.46939679
5.33499880919608e-05,79.1524359244992,513237.787215289,5642510.46939679
4.01300902474024e-05,79.1524359244992,513737.787215289,5642510.46939679
6.23142714185993e-05,79.1524359244992,514237.787215289,5642510.46939679
1.80804104677978e-05,79.1524359244992,514737.787215289,5642510.46939679
0.000417685721244527,79.1524359244992,515237.787215289,5642510.46939679
2.35004347304807e-05,79.1524359244992,515737.787215289,5642510.46939679
2.2125829246241e-05,79.1524359244992,516237.787215289,5642510.46939679
3.9036072570509e-05,79.1524359244992,516737.787215289,5642510.46939679
0.000100478067251163,79.1524359244992,517237.787215289,5642510.46939679
0.000107889767787273,79.1524359244992,517737.787215289,5642510.46939679
0.000132133388162235,79.1524359244992,518237.787215289,5642510.46939679
0.000146548496710595,79.1524359244992,518737.787215289,5642510.46939679
0.000157692840312294,79.1524359244992,519237.787215289,5642510.46939679
0.000127800159066285,79.1524359244992,519737.787215289,5642510.46939679
0.000115883605892016,79.1524359244992,520237.787215289,5642510.46939679
8.06549846098674e-05,79.1524359244992,520737.787215289,5642510.46939679
0.000104484821220703,79.1524359244992,521237.787215289,5642510.46939679
0.000135295916957988,79.1524359244992,521737.787215289,5642510.46939679
0.000124748371733396,79.1524359244992,522237.787215289,5642510.46939679
9.96279047688304e-05,79.1524359244992,522737.787215289,5642510.46939679
5.49301034581798e-05,79.1524359244992,523237.787215289,5642510.46939679
6.0615293898566e-05,79.1524359244992,523737.787215289,5642510.46939679
0.000154524283497178,79.1524359244992,524237.787215289,5642510.46939679
0.000155430668563246,79.1524359244992,524737.787215289,5642510.46939679
0.000147588431335873,79.1524359244992,525237.787215289,5642510.46939679
4.5773421807272e-05,79.1524359244992,525737.787215289,5642510.46939679
3.80384341478662e-05,79.1524359244992,526237.787215289,5642510.46939679
4.71573224249701e-05,79.1524359244992,526737.787215289,5642510.46939679
3.86871965902604e-05,79.1524359244992,527237.787215289,5642510.46939679
3.57965080253225e-05,79.1524359244992,527737.787215289,5642510.46939679
3.31218103078984e-05,79.1524359244992,528237.787215289,5642510.46939679
3.64021593758051e-05,79.1524359244992,528737.787215289,5642510.46939679
9.73373703674552e-05,79.1524359244992,529237.787215289,5642510.46939679
0.000115780972591337,79.1524359244992,529737.787215289,5642510.46939679
4.35410840709594e-05,79.1524359244992,530237.787215289,5642510.46939679
4.63780819198614e-05,79.1524359244992,530737.787215289,5642510.46939679
0.000106408900212581,79.1524359244992,531237.787215289,5642510.46939679
9.12349318700292e-05,79.1524359244992,531737.787215289,5642510.46939679
0.000172934287659995,79.1524359244992,532237.787215289,5642510.46939679
0.00175879503800761,79.1524359244992,483237.787215289,5643010.46939679
0.000611584354788184,79.1524359244992,483737.787215289,5643010.46939679
0.00160801739798342,79.1524359244992,484237.787215289,5643010.46939679
0.00190358002271693,79.1524359244992,484737.787215289,5643010.46939679
0.000714347553629213,79.1524359244992,485237.787215289,5643010.46939679
0.00168818745437407,79.1524359244992,485737.787215289,5643010.46939679
0.00155415663711295,79.1524359244992,486237.787215289,5643010.46939679
0.00150512729911821,79.1524359244992,486737.787215289,5643010.46939679
0.000517987268367831,79.1524359244992,487237.787215289,5643010.46939679
0.000960321206333194,79.1524359244992,487737.787215289,5643010.46939679
0.00084462340367884,79.1524359244992,488237.787215289,5643010.46939679
0.000313241330925164,79.1524359244992,488737.787215289,5643010.46939679
0.000663900174512821,79.1524359244992,489237.787215289,5643010.46939679
0.00046551298773819,79.1524359244992,489737.787215289,5643010.46939679
0.000500742413403251,79.1524359244992,490237.787215289,5643010.46939679
0.000462821266462715,79.1524359244992,490737.787215289,5643010.46939679
0.000400864080503501,79.1524359244992,491237.787215289,5643010.46939679
0.000377259031151277,79.1524359244992,491737.787215289,5643010.46939679
0.000389968562836907,79.1524359244992,492237.787215289,5643010.46939679
0.000372386100196928,79.1524359244992,492737.787215289,5643010.46939679
0.000301462458210527,79.1524359244992,493237.787215289,5643010.46939679
0.000319023246748926,79.1524359244992,493737.787215289,5643010.46939679
0.000200440908503797,79.1524359244992,494237.787215289,5643010.46939679
0.00013592124591851,79.1524359244992,494737.787215289,5643010.46939679
0.000151683287532991,79.1524359244992,495237.787215289,5643010.46939679
0.000160729463458221,79.1524359244992,495737.787215289,5643010.46939679
7.99017182070507e-05,79.1524359244992,496237.787215289,5643010.46939679
2.72168054858936e-05,79.1524359244992,496737.787215289,5643010.46939679
6.07218958346489e-05,79.1524359244992,497237.787215289,5643010.46939679
3.71315893682435e-05,79.1524359244992,497737.787215289,5643010.46939679
2.79305410492048e-05,79.1524359244992,498237.787215289,5643010.46939679
3.34791746159216e-05,79.1524359244992,498737.787215289,5643010.46939679
4.01300902474024e-05,79.1524359244992,499237.787215289,5643010.46939679
5.61847852295667e-05,79.1524359244992,499737.787215289,5643010.46939679
3.52581191249068e-05,79.1524359244992,500237.787215289,5643010.46939679
3.81053309731544e-05,79.1524359244992,500737.787215289,5643010.46939679
2.2125829246241e-05,79.1524359244992,501237.787215289,5643010.46939679
2.27060586640167e-05,79.1524359244992,501737.787215289,5643010.46939679
4.68730626784591e-05,79.1524359244992,502237.787215289,5643010.46939679
4.56752709229756e-05,79.1524359244992,502737.787215289,5643010.46939679
9.09425471963527e-05,79.1524359244992,503237.787215289,5643010.46939679
6.91763420016945e-05,79.1524359244992,503737.787215289,5643010.46939679
0.000113401797120949,79.1524359244992,504237.787215289,5643010.46939679
7.63426344971781e-05,79.1524359244992,504737.787215289,5643010.46939679
0.000115702728518706,79.1524359244992,505237.787215289,5643010.46939679
0.000121252912855103,79.1524359244992,505737.787215289,5643010.46939679
0.000282770027016727,79.1524359244992,506237.787215289,5643010.46939679
0.000259348025413054,79.1524359244992,506737.787215289,5643010.46939679
5.78020782944316e-05,79.1524359244992,507237.787215289,5643010.46939679
0.000199934507567817,79.1524359244992,507737.787215289,5643010.46939679
7.28520859579709e-05,79.1524359244992,508237.787215289,5643010.46939679
9.33013552975572e-05,79.1524359244992,508737.787215289,5643010.46939679
7.0990427620669e-05,79.1524359244992,509237.787215289,5643010.46939679
0.000104672543902909,79.1524359244992,509737.787215289,5643010.46939679
5.47996520480094e-05,79.1524359244992,510237.787215289,5643010.46939679
5.52703184466184e-05,79.1524359244992,510737.787215289,5643010.46939679
5.01414090543931e-05,79.1524359244992,511237.787215289,5643010.46939679
7.22393243013293e-05,79.1524359244992,511737.787215289,5643010.46939679
5.62367222634692e-05,79.1524359244992,512237.787215289,5643010.46939679
8.65902650492783e-05,79.1524359244992,512737.787215289,5643010.46939679
0.000127673879756941,79.1524359244992,513237.787215289,5643010.46939679
0.000129177140182713,79.1524359244992,513737.787215289,5643010.46939679
0.000113784468323284,79.1524359244992,514237.787215289,5643010.46939679
3.07136440029967e-05,79.1524359244992,514737.787215289,5643010.46939679
0.000314184994000402,79.1524359244992,515237.787215289,5643010.46939679
0.000417685721244527,79.1524359244992,515737.787215289,5643010.46939679
3.24556164713198e-05,79.1524359244992,516237.787215289,5643010.46939679
4.93637028578472e-05,79.1524359244992,516737.787215289,5643010.46939679
0.000109598602389605,79.1524359244992,517237.787215289,5643010.46939679
0.000190298749965082,79.1524359244992,517737.787215289,5643010.46939679
0.000185447814903647,79.1524359244992,518237.787215289,5643010.46939679
0.000132456456278321,79.1524359244992,518737.787215289,5643010.46939679
0.000106016557530664,79.1524359244992,519237.787215289,5643010.46939679
0.000203853145632756,79.1524359244992,519737.787215289,5643010.46939679
8.77510705535297e-05,79.1524359244992,520237.787215289,5643010.46939679
9.5490616025148e-05,79.1524359244992,520737.787215289,5643010.46939679
8.01202824433039e-05,79.1524359244992,521237.787215289,5643010.46939679
0.0001359409820271,79.1524359244992,521737.787215289,5643010.46939679
8.98280972380545e-05,79.1524359244992,522237.787215289,5643010.46939679
4.88367834903408e-05,79.1524359244992,522737.787215289,5643010.46939679
4.51877227150398e-05,79.1524359244992,523237.787215289,5643010.46939679
4.96630669885309e-05,79.1524359244992,523737.787215289,5643010.46939679
4.59468597305501e-05,79.1524359244992,524237.787215289,5643010.46939679
4.03687069679584e-05,79.1524359244992,524737.787215289,5643010.46939679
4.25137326568932e-05,79.1524359244992,525237.787215289,5643010.46939679
4.4772736116031e-05,79.1524359244992,525737.787215289,5643010.46939679
3.36822076832294e-05,79.1524359244992,526237.787215289,5643010.46939679
1.64654911227088e-05,79.1524359244992,526737.787215289,5643010.46939679
2.49143680130192e-05,79.1524359244992,527237.787215289,5643010.46939679
0.000143536945657176,79.1524359244992,527737.787215289,5643010.46939679
9.00643692647296e-05,79.1524359244992,528237.787215289,5643010.46939679
5.16597170402119e-05,79.1524359244992,528737.787215289,5643010.46939679
9.20773381701878e-05,79.1524359244992,529237.787215289,5643010.46939679
4.77641853328961e-05,79.1524359244992,529737.787215289,5643010.46939679
7.35152538943415e-05,79.1524359244992,530237.787215289,5643010.46939679
5.7711478316831e-05,79.1524359244992,530737.787215289,5643010.46939679
8.1493435883254e-05,79.1524359244992,531237.787215289,5643010.46939679
0.000113125204299534,79.1524359244992,531737.787215289,5643010.46939679
0.000216079892317467,79.1524359244992,532237.787215289,5643010.46939679
0.0009711223761815,79.1524359244992,483737.787215289,5643510.46939679
0.000620881516296403,79.1524359244992,484237.787215289,5643510.46939679
0.00161796863662053,79.1524359244992,484737.787215289,5643510.46939679
0.0026296171696911,79.1524359244992,485237.787215289,5643510.46939679
0.00211695545474708,79.1524359244992,485737.787215289,5643510.46939679
0.00077928841541106,79.1524359244992,486237.787215289,5643510.46939679
0.00160651517197232,79.1524359244992,486737.787215289,5643510.46939679
0.00123832183497639,79.1524359244992,487237.787215289,5643510.46939679
0.00109979659363172,79.1524359244992,487737.787215289,5643510.46939679
0.000936828063122709,79.1524359244992,488237.787215289,5643510.46939679
0.000348054112877825,79.1524359244992,488737.787215289,5643510.46939679
0.000624007854385275,79.1524359244992,489237.787215289,5643510.46939679
0.000221099261474412,79.1524359244992,489737.787215289,5643510.46939679
0.000519459722364135,79.1524359244992,490237.787215289,5643510.46939679
0.000225686461765529,79.1524359244992,490737.787215289,5643510.46939679
0.00042870760074761,79.1524359244992,491237.787215289,5643510.46939679
0.000478650724862822,79.1524359244992,491737.787215289,5643510.46939679
0.000451699351866009,79.1524359244992,492237.787215289,5643510.46939679
0.000431082048297047,79.1524359244992,492737.787215289,5643510.46939679
0.000172698048618859,79.1524359244992,493237.787215289,5643510.46939679
0.000178170667655912,79.1524359244992,493737.787215289,5643510.46939679
0.000319406230377862,79.1524359244992,494237.787215289,5643510.46939679
0.000131288902022156,79.1524359244992,494737.787215289,5643510.46939679
0.000224993412510065,79.1524359244992,495237.787215289,5643510.46939679
0.000238009459782298,79.1524359244992,495737.787215289,5643510.46939679
0.000191477401446469,79.1524359244992,496237.787215289,5643510.46939679
6.84073747125771e-05,79.1524359244992,496737.787215289,5643510.46939679
7.02012948752659e-05,79.1524359244992,497237.787215289,5643510.46939679
0.000173708908876154,79.1524359244992,497737.787215289,5643510.46939679
0.000160729463458221,79.1524359244992,498237.787215289,5643510.46939679
0.000156622191281146,79.1524359244992,498737.787215289,5643510.46939679
0.000213677938640529,79.1524359244992,499237.787215289,5643510.46939679
5.41904966827415e-05,79.1524359244992,499737.787215289,5643510.46939679
7.0924864904748e-05,79.1524359244992,500237.787215289,5643510.46939679
5.47490422103141e-05,79.1524359244992,500737.787215289,5643510.46939679
4.22624368332931e-05,79.1524359244992,501237.787215289,5643510.46939679
2.86629936678515e-05,79.1524359244992,501737.787215289,5643510.46939679
9.33274314248043e-05,79.1524359244992,502237.787215289,5643510.46939679
7.60778224355557e-05,79.1524359244992,502737.787215289,5643510.46939679
0.000101997747272434,79.1524359244992,503237.787215289,5643510.46939679
7.37875193838434e-05,79.1524359244992,503737.787215289,5643510.46939679
0.000169935063558346,79.1524359244992,504237.787215289,5643510.46939679
0.00023081190141996,79.1524359244992,504737.787215289,5643510.46939679
9.54199444852607e-05,79.1524359244992,505237.787215289,5643510.46939679
0.000111411854561391,79.1524359244992,505737.787215289,5643510.46939679
0.000125687438377206,79.1524359244992,506237.787215289,5643510.46939679
0.000426269257907433,79.1524359244992,506737.787215289,5643510.46939679
0.000543732130114043,79.1524359244992,507237.787215289,5643510.46939679
0.000189846834055387,79.1524359244992,507737.787215289,5643510.46939679
6.48935658214791e-05,79.1524359244992,508237.787215289,5643510.46939679
0.000300061201783297,79.1524359244992,508737.787215289,5643510.46939679
5.07050486262241e-05,79.1524359244992,509237.787215289,5643510.46939679
6.23718745297274e-05,79.1524359244992,509737.787215289,5643510.46939679
0.000271025149037554,79.1524359244992,510237.787215289,5643510.46939679
8.19830434853806e-05,79.1524359244992,510737.787215289,5643510.46939679
5.44238007880861e-05,79.1524359244992,511237.787215289,5643510.46939679
0.000182907793102572,79.1524359244992,511737.787215289,5643510.46939679
5.33993046485502e-05,79.1524359244992,512237.787215289,5643510.46939679
6.23718745297274e-05,79.1524359244992,512737.787215289,5643510.46939679
0.000203251113153122,79.1524359244992,513237.787215289,5643510.46939679
0.000176050639052745,79.1524359244992,513737.787215289,5643510.46939679
9.14442664254227e-05,79.1524359244992,514237.787215289,5643510.46939679
7.54601402734565e-05,79.1524359244992,514737.787215289,5643510.46939679
3.5881350970288e-05,79.1524359244992,515237.787215289,5643510.46939679
7.27760387078474e-06,79.1524359244992,515737.787215289,5643510.46939679
9.55089957593815e-05,79.1524359244992,516237.787215289,5643510.46939679
6.73463586740031e-05,79.1524359244992,516737.787215289,5643510.46939679
7.55432631879148e-05,79.1524359244992,517237.787215289,5643510.46939679
5.85453727600353e-05,79.1524359244992,517737.787215289,5643510.46939679
0.00012754791053382,79.1524359244992,518237.787215289,5643510.46939679
8.49023120253367e-05,79.1524359244992,518737.787215289,5643510.46939679
0.000103881989704635,79.1524359244992,519237.787215289,5643510.46939679
0.000117637660890285,79.1524359244992,519737.787215289,5643510.46939679
0.000108527772482812,79.1524359244992,520237.787215289,5643510.46939679
0.000167521155301547,79.1524359244992,520737.787215289,5643510.46939679
0.00016242622869378,79.1524359244992,521237.787215289,5643510.46939679
9.88223309694283e-05,79.1524359244992,521737.787215289,5643510.46939679
6.60233758786493e-05,79.1524359244992,522237.787215289,5643510.46939679
2.5567724282091e-05,79.1524359244992,522737.787215289,5643510.46939679
7.91394669326271e-05,79.1524359244992,523237.787215289,5643510.46939679
4.29077811528513e-05,79.1524359244992,523737.787215289,5643510.46939679
1.82617959411736e-05,79.1524359244992,524237.787215289,5643510.46939679
1.97364974585685e-05,79.1524359244992,524737.787215289,5643510.46939679
1.92321520502012e-05,79.1524359244992,525237.787215289,5643510.46939679
1.7795134977099e-05,79.1524359244992,525737.787215289,5643510.46939679
1.73403990425282e-05,79.1524359244992,526237.787215289,5643510.46939679
2.36573163247376e-05,79.1524359244992,526737.787215289,5643510.46939679
3.43571350204251e-05,79.1524359244992,527237.787215289,5643510.46939679
0.000115780972591337,79.1524359244992,527737.787215289,5643510.46939679
4.46037302162377e-05,79.1524359244992,528237.787215289,5643510.46939679
5.38411959124208e-05,79.1524359244992,528737.787215289,5643510.46939679
9.8250904702507e-05,79.1524359244992,529237.787215289,5643510.46939679
0.000124378548522474,79.1524359244992,529737.787215289,5643510.46939679
0.000234669144670824,79.1524359244992,530237.787215289,5643510.46939679
6.78858315995263e-05,79.1524359244992,530737.787215289,5643510.46939679
5.33993046485502e-05,79.1524359244992,531237.787215289,5643510.46939679
0.000128756858575284,79.1524359244992,531737.787215289,5643510.46939679
0.000724396518228977,79.1524359244992,483737.787215289,5644010.46939679
0.00165854296438298,79.1524359244992,484237.787215289,5644010.46939679
0.00325105190782577,79.1524359244992,484737.787215289,5644010.46939679
0.0012378902265316,79.1524359244992,485237.787215289,5644010.46939679
0.00222007189927263,79.1524359244992,485737.787215289,5644010.46939679
0.000811839726194708,79.1524359244992,486237.787215289,5644010.46939679
0.0012634474825672,79.1524359244992,486737.787215289,5644010.46939679
0.00106549553859556,79.1524359244992,487237.787215289,5644010.46939679
0.000451996196344787,79.1524359244992,487737.787215289,5644010.46939679
0.000726790429898081,79.1524359244992,488237.787215289,5644010.46939679
0.000888176784157613,79.1524359244992,488737.787215289,5644010.46939679
0.000753146100274471,79.1524359244992,489237.787215289,5644010.46939679
0.000449923118349156,79.1524359244992,489737.787215289,5644010.46939679
0.000570421096786884,79.1524359244992,490237.787215289,5644010.46939679
0.0005217661424049,79.1524359244992,490737.787215289,5644010.46939679
0.00044684780847782,79.1524359244992,491237.787215289,5644010.46939679
0.000515078111674274,79.1524359244992,491737.787215289,5644010.46939679
0.000478650724862822,79.1524359244992,492237.787215289,5644010.46939679
0.000396241639232618,79.1524359244992,492737.787215289,5644010.46939679
0.000444596397626117,79.1524359244992,493237.787215289,5644010.46939679
0.000391570009476932,79.1524359244992,493737.787215289,5644010.46939679
0.000310725035071114,79.1524359244992,494237.787215289,5644010.46939679
0.000324592123055292,79.1524359244992,494737.787215289,5644010.46939679
0.000287964602138916,79.1524359244992,495237.787215289,5644010.46939679
0.000244080357393523,79.1524359244992,495737.787215289,5644010.46939679
0.000267209235480586,79.1524359244992,496237.787215289,5644010.46939679
0.000225647453514317,79.1524359244992,496737.787215289,5644010.46939679
0.000209343747479873,79.1524359244992,497237.787215289,5644010.46939679
0.000203994188469541,79.1524359244992,497737.787215289,5644010.46939679
0.000174184074565339,79.1524359244992,498237.787215289,5644010.46939679
0.000193186708019135,79.1524359244992,498737.787215289,5644010.46939679
0.000231564849383102,79.1524359244992,499237.787215289,5644010.46939679
0.000115115355604209,79.1524359244992,499737.787215289,5644010.46939679
6.49558881716213e-05,79.1524359244992,500237.787215289,5644010.46939679
0.000109009038250982,79.1524359244992,500737.787215289,5644010.46939679
8.19970669019443e-05,79.1524359244992,501237.787215289,5644010.46939679
7.02012948752659e-05,79.1524359244992,501737.787215289,5644010.46939679
6.18472623286885e-05,79.1524359244992,502237.787215289,5644010.46939679
9.43765250677713e-05,79.1524359244992,502737.787215289,5644010.46939679
7.0990427620669e-05,79.1524359244992,503237.787215289,5644010.46939679
5.44494184902435e-05,79.1524359244992,503737.787215289,5644010.46939679
0.000167006358824813,79.1524359244992,504237.787215289,5644010.46939679
0.00024223549179054,79.1524359244992,504737.787215289,5644010.46939679
0.000280396161406748,79.1524359244992,505237.787215289,5644010.46939679
0.000126458709679881,79.1524359244992,505737.787215289,5644010.46939679
0.000131739292042441,79.1524359244992,506237.787215289,5644010.46939679
0.000484173504212671,79.1524359244992,506737.787215289,5644010.46939679
0.000349769583790708,79.1524359244992,507237.787215289,5644010.46939679
0.000128756858575284,79.1524359244992,507737.787215289,5644010.46939679
0.000460691935911274,79.1524359244992,508237.787215289,5644010.46939679
0.000221746387738591,79.1524359244992,508737.787215289,5644010.46939679
6.23718745297274e-05,79.1524359244992,509237.787215289,5644010.46939679
0.000111422218526473,79.1524359244992,509737.787215289,5644010.46939679
8.02156715261749e-05,79.1524359244992,510237.787215289,5644010.46939679
6.58466606964436e-05,79.1524359244992,510737.787215289,5644010.46939679
5.87776039831086e-05,79.1524359244992,511237.787215289,5644010.46939679
5.92249084843551e-05,79.1524359244992,511737.787215289,5644010.46939679
6.0778026958933e-05,79.1524359244992,512237.787215289,5644010.46939679
7.23864763363374e-05,79.1524359244992,512737.787215289,5644010.46939679
0.000166535979719177,79.1524359244992,513237.787215289,5644010.46939679
6.15881264860989e-05,79.1524359244992,513737.787215289,5644010.46939679
7.06833779440222e-05,79.1524359244992,514237.787215289,5644010.46939679
7.15030032397116e-05,79.1524359244992,514737.787215289,5644010.46939679
3.52581191249068e-05,79.1524359244992,515237.787215289,5644010.46939679
1.80635976061717e-05,79.1524359244992,515737.787215289,5644010.46939679
2.96725740709691e-05,79.1524359244992,516237.787215289,5644010.46939679
3.04142903300254e-05,79.1524359244992,516737.787215289,5644010.46939679
3.91886393398058e-05,79.1524359244992,517237.787215289,5644010.46939679
5.87504521963346e-05,79.1524359244992,517737.787215289,5644010.46939679
0.00012126151958038,79.1524359244992,518237.787215289,5644010.46939679
9.91391380776822e-05,79.1524359244992,518737.787215289,5644010.46939679
0.000168767600558615,79.1524359244992,519237.787215289,5644010.46939679
0.000163335005246219,79.1524359244992,519737.787215289,5644010.46939679
0.000152528285363249,79.1524359244992,520237.787215289,5644010.46939679
0.000111016652126931,79.1524359244992,520737.787215289,5644010.46939679
8.9724398758405e-05,79.1524359244992,521237.787215289,5644010.46939679
8.79526100846379e-05,79.1524359244992,521737.787215289,5644010.46939679
3.39903991637891e-05,79.1524359244992,522237.787215289,5644010.46939679
2.36573163247376e-05,79.1524359244992,522737.787215289,5644010.46939679
6.13892468010469e-05,79.1524359244992,523237.787215289,5644010.46939679
4.18113179909809e-05,79.1524359244992,523737.787215289,5644010.46939679
6.00737365375411e-05,79.1524359244992,524237.787215289,5644010.46939679
3.86871965902604e-05,79.1524359244992,524737.787215289,5644010.46939679
3.06469647066229e-05,79.1524359244992,525237.787215289,5644010.46939679
1.73403990425282e-05,79.1524359244992,525737.787215289,5644010.46939679
2.69262871272229e-05,79.1524359244992,526237.787215289,5644010.46939679
9.18798988744516e-05,79.1524359244992,526737.787215289,5644010.46939679
3.52581191249068e-05,79.1524359244992,527237.787215289,5644010.46939679
4.90715917469043e-05,79.1524359244992,527737.787215289,5644010.46939679
7.22684610750842e-05,79.1524359244992,528237.787215289,5644010.46939679
0.00011863359462998,79.1524359244992,528737.787215289,5644010.46939679
7.54231046706995e-05,79.1524359244992,529237.787215289,5644010.46939679
0.000165232448975881,79.1524359244992,529737.787215289,5644010.46939679
0.000131084680501172,79.1524359244992,530237.787215289,5644010.46939679
0.000177180770787595,79.1524359244992,530737.787215289,5644010.46939679
0.000122260445486848,79.1524359244992,531237.787215289,5644010.46939679
0.000162536223333396,79.1524359244992,531737.787215289,5644010.46939679
0.00194923758318644,79.1524359244992,483237.787215289,5644510.46939679
0.0018994268694587,79.1524359244992,483737.787215289,5644510.46939679
0.00263059110189557,79.1524359244992,484237.787215289,5644510.46939679
0.00155924142776061,79.1524359244992,484737.787215289,5644510.46939679
0.00132819208130663,79.1524359244992,485237.787215289,5644510.46939679
0.000977680506689549,79.1524359244992,485737.787215289,5644510.46939679
0.000886554278647294,79.1524359244992,486237.787215289,5644510.46939679
0.00116773695778019,79.1524359244992,486737.787215289,5644510.46939679
0.000644513521402151,79.1524359244992,487237.787215289,5644510.46939679
0.000347898228862539,79.1524359244992,487737.787215289,5644510.46939679
0.00104430647788531,79.1524359244992,488237.787215289,5644510.46939679
0.000422010268354741,79.1524359244992,488737.787215289,5644510.46939679
0.000697658068049945,79.1524359244992,489237.787215289,5644510.46939679
0.00072617115607809,79.1524359244992,489737.787215289,5644510.46939679
0.000506250713329772,79.1524359244992,490237.787215289,5644510.46939679
0.000438431111558126,79.1524359244992,490737.787215289,5644510.46939679
0.000607866159351205,79.1524359244992,491237.787215289,5644510.46939679
0.000602376779028595,79.1524359244992,491737.787215289,5644510.46939679
0.000274515346165353,79.1524359244992,492237.787215289,5644510.46939679
0.000525133468575196,79.1524359244992,492737.787215289,5644510.46939679
0.000500742413403251,79.1524359244992,493237.787215289,5644510.46939679
0.00045060183672902,79.1524359244992,493737.787215289,5644510.46939679
8.70376976420779e-05,79.1524359244992,494237.787215289,5644510.46939679
0.00034924756333752,79.1524359244992,494737.787215289,5644510.46939679
0.000360827052412783,79.1524359244992,495237.787215289,5644510.46939679
0.000316297513173331,79.1524359244992,495737.787215289,5644510.46939679
0.000303265846976461,79.1524359244992,496237.787215289,5644510.46939679
0.000250481139126256,79.1524359244992,496737.787215289,5644510.46939679
0.000195289158761373,79.1524359244992,497237.787215289,5644510.46939679
0.000228103174515983,79.1524359244992,497737.787215289,5644510.46939679
0.00023784314089741,79.1524359244992,498237.787215289,5644510.46939679
9.36637330085658e-05,79.1524359244992,498737.787215289,5644510.46939679
6.35240934336501e-05,79.1524359244992,499237.787215289,5644510.46939679
6.35240934336501e-05,79.1524359244992,499737.787215289,5644510.46939679
7.05035296082447e-05,79.1524359244992,500237.787215289,5644510.46939679
7.05035296082447e-05,79.1524359244992,500737.787215289,5644510.46939679
0.0001246060819187,79.1524359244992,501237.787215289,5644510.46939679
7.28520859579709e-05,79.1524359244992,501737.787215289,5644510.46939679
8.29187959189705e-05,79.1524359244992,502237.787215289,5644510.46939679
5.33993046485502e-05,79.1524359244992,502737.787215289,5644510.46939679
8.74404480233979e-05,79.1524359244992,503237.787215289,5644510.46939679
8.96752322060064e-05,79.1524359244992,503737.787215289,5644510.46939679
0.00024858789362832,79.1524359244992,504237.787215289,5644510.46939679
0.000314382729054775,79.1524359244992,504737.787215289,5644510.46939679
0.00021222313648059,79.1524359244992,505237.787215289,5644510.46939679
0.000200192394209127,79.1524359244992,505737.787215289,5644510.46939679
0.000147818571563123,79.1524359244992,506237.787215289,5644510.46939679
0.000151810336332123,79.1524359244992,506737.787215289,5644510.46939679
0.000455920254924886,79.1524359244992,507237.787215289,5644510.46939679
0.000360139078823401,79.1524359244992,507737.787215289,5644510.46939679
0.000394418625708154,79.1524359244992,508237.787215289,5644510.46939679
0.000199934507567817,79.1524359244992,508737.787215289,5644510.46939679
0.000227561481763746,79.1524359244992,509237.787215289,5644510.46939679
0.000331087723606994,79.1524359244992,509737.787215289,5644510.46939679
0.000117750028621336,79.1524359244992,510237.787215289,5644510.46939679
8.46712437794394e-05,79.1524359244992,510737.787215289,5644510.46939679
0.000121830567353042,79.1524359244992,511237.787215289,5644510.46939679
5.62367222634692e-05,79.1524359244992,511737.787215289,5644510.46939679
7.63433218157961e-05,79.1524359244992,512237.787215289,5644510.46939679
0.0002642781233639,79.1524359244992,512737.787215289,5644510.46939679
6.76201882199517e-05,79.1524359244992,513237.787215289,5644510.46939679
6.14954961621434e-05,79.1524359244992,513737.787215289,5644510.46939679
4.96521559632467e-05,79.1524359244992,514237.787215289,5644510.46939679
0.000109482299215256,79.1524359244992,514737.787215289,5644510.46939679
5.02362687346019e-05,79.1524359244992,515237.787215289,5644510.46939679
1.29583428136078e-05,79.1524359244992,515737.787215289,5644510.46939679
1.27115210891599e-05,79.1524359244992,516237.787215289,5644510.46939679
0.000417685721244527,79.1524359244992,516737.787215289,5644510.46939679
2.5183178980839e-05,79.1524359244992,517237.787215289,5644510.46939679
6.86777745063199e-05,79.1524359244992,517737.787215289,5644510.46939679
0.000105538732761027,79.1524359244992,518237.787215289,5644510.46939679
0.000182884677702255,79.1524359244992,518737.787215289,5644510.46939679
0.00012022069793349,79.1524359244992,519237.787215289,5644510.46939679
0.000184870304423643,79.1524359244992,519737.787215289,5644510.46939679
0.000100936268780692,79.1524359244992,520237.787215289,5644510.46939679
5.09594381536428e-05,79.1524359244992,520737.787215289,5644510.46939679
8.32742077410603e-05,79.1524359244992,521237.787215289,5644510.46939679
3.97017325564888e-05,79.1524359244992,521737.787215289,5644510.46939679
5.01174829902454e-05,79.1524359244992,522237.787215289,5644510.46939679
3.86871965902604e-05,79.1524359244992,522737.787215289,5644510.46939679
7.13549858093164e-05,79.1524359244992,523237.787215289,5644510.46939679
7.5137651739567e-05,79.1524359244992,523737.787215289,5644510.46939679
8.55302453832961e-05,79.1524359244992,524237.787215289,5644510.46939679
9.48611782271153e-05,79.1524359244992,524737.787215289,5644510.46939679
0.000142363574258147,79.1524359244992,525237.787215289,5644510.46939679
7.3025511463278e-05,79.1524359244992,525737.787215289,5644510.46939679
5.38054500558215e-05,79.1524359244992,526237.787215289,5644510.46939679
5.73561773349696e-05,79.1524359244992,526737.787215289,5644510.46939679
3.26236495649892e-05,79.1524359244992,527237.787215289,5644510.46939679
7.58702858337194e-05,79.1524359244992,527737.787215289,5644510.46939679
0.000120188797430118,79.1524359244992,528237.787215289,5644510.46939679
0.000133235776410365,79.1524359244992,528737.787215289,5644510.46939679
9.75994718743464e-05,79.1524359244992,529237.787215289,5644510.46939679
0.000268533513689883,79.1524359244992,529737.787215289,5644510.46939679
0.000228136510592213,79.1524359244992,530237.787215289,5644510.46939679
0.000271854278191509,79.1524359244992,530737.787215289,5644510.46939679
0.000421319659022835,79.1524359244992,531237.787215289,5644510.46939679
0.00043902661976401,79.1524359244992,531737.787215289,5644510.46939679
0.00372322905124532,79.1524359244992,482737.787215289,5645010.46939679
0.00327121251432068,79.1524359244992,483237.787215289,5645010.46939679
0.00315317983594732,79.1524359244992,483737.787215289,5645010.46939679
0.0030726036458024,79.1524359244992,484237.787215289,5645010.46939679
0.00241153139822681,79.1524359244992,484737.787215289,5645010.46939679
0.00182451427615173,79.1524359244992,485237.787215289,5645010.46939679
0.00210819425543315,79.1524359244992,485737.787215289,5645010.46939679
0.00185213076565309,79.1524359244992,486237.787215289,5645010.46939679
0.000670728135394941,79.1524359244992,486737.787215289,5645010.46939679
0.000616486347974425,79.1524359244992,487237.787215289,5645010.46939679
0.000649628945558382,79.1524359244992,487737.787215289,5645010.46939679
0.000331305305417413,79.1524359244992,488237.787215289,5645010.46939679
0.000260371978643126,79.1524359244992,488737.787215289,5645010.46939679
0.000383000920331666,79.1524359244992,489237.787215289,5645010.46939679
0.000873134480774251,79.1524359244992,489737.787215289,5645010.46939679
0.000704472690791068,79.1524359244992,490237.787215289,5645010.46939679
0.000606821615132473,79.1524359244992,490737.787215289,5645010.46939679
0.000590395130062712,79.1524359244992,491237.787215289,5645010.46939679
0.000646934904695687,79.1524359244992,491737.787215289,5645010.46939679
0.000580358585370124,79.1524359244992,492237.787215289,5645010.46939679
0.000508432958099232,79.1524359244992,492737.787215289,5645010.46939679
0.000417685721244527,79.1524359244992,493237.787215289,5645010.46939679
0.000215203924906052,79.1524359244992,493737.787215289,5645010.46939679
0.000396611434279384,79.1524359244992,494237.787215289,5645010.46939679
0.000381563850240795,79.1524359244992,494737.787215289,5645010.46939679
0.000333869235890292,79.1524359244992,495237.787215289,5645010.46939679
0.000344758182859019,79.1524359244992,495737.787215289,5645010.46939679
0.000302926964045015,79.1524359244992,496237.787215289,5645010.46939679
0.000300592671652769,79.1524359244992,496737.787215289,5645010.46939679
0.000303292414548153,79.1524359244992,497237.787215289,5645010.46939679
9.96430439313862e-05,79.1524359244992,497737.787215289,5645010.46939679
6.87342246621308e-05,79.1524359244992,498237.787215289,5645010.46939679
5.734263480014e-05,79.1524359244992,498737.787215289,5645010.46939679
7.23864763363374e-05,79.1524359244992,499237.787215289,5645010.46939679
7.42847447606316e-05,79.1524359244992,499737.787215289,5645010.46939679
0.00023784314089741,79.1524359244992,500237.787215289,5645010.46939679
8.22925399803515e-05,79.1524359244992,500737.787215289,5645010.46939679
9.43765250677713e-05,79.1524359244992,501237.787215289,5645010.46939679
7.87351372226812e-05,79.1524359244992,501737.787215289,5645010.46939679
0.000185447814903647,79.1524359244992,502237.787215289,5645010.46939679
0.00023997065680663,79.1524359244992,502737.787215289,5645010.46939679
0.000278533283774337,79.1524359244992,503237.787215289,5645010.46939679
0.000157851964161211,79.1524359244992,503737.787215289,5645010.46939679
0.00015306361728388,79.1524359244992,504237.787215289,5645010.46939679
0.000399275997257326,79.1524359244992,504737.787215289,5645010.46939679
0.000296683384776795,79.1524359244992,505237.787215289,5645010.46939679
0.000147818571563123,79.1524359244992,505737.787215289,5645010.46939679
0.000146130237449387,79.1524359244992,506237.787215289,5645010.46939679
0.000131747781042648,79.1524359244992,506737.787215289,5645010.46939679
0.000285292567333635,79.1524359244992,507237.787215289,5645010.46939679
0.000161421759341913,79.1524359244992,507737.787215289,5645010.46939679
0.00020350583097251,79.1524359244992,508237.787215289,5645010.46939679
6.40075192796346e-05,79.1524359244992,508737.787215289,5645010.46939679
0.000239653155261803,79.1524359244992,509237.787215289,5645010.46939679
0.000333102436344246,79.1524359244992,509737.787215289,5645010.46939679
0.000302264699494838,79.1524359244992,510237.787215289,5645010.46939679
9.63719940201112e-05,79.1524359244992,510737.787215289,5645010.46939679
8.46066408554449e-05,79.1524359244992,511237.787215289,5645010.46939679
5.47996520480094e-05,79.1524359244992,511737.787215289,5645010.46939679
6.74086134303287e-05,79.1524359244992,512237.787215289,5645010.46939679
9.53934611805946e-05,79.1524359244992,512737.787215289,5645010.46939679
8.97334929385519e-05,79.1524359244992,513237.787215289,5645010.46939679
0.000103881989704635,79.1524359244992,513737.787215289,5645010.46939679
0.000151720331153092,79.1524359244992,514237.787215289,5645010.46939679
4.71898084148714e-05,79.1524359244992,514737.787215289,5645010.46939679
9.77551394237902e-05,79.1524359244992,515237.787215289,5645010.46939679
2.72547625552025e-05,79.1524359244992,515737.787215289,5645010.46939679
2.58512445937502e-05,79.1524359244992,516237.787215289,5645010.46939679
1.78590227070374e-05,79.1524359244992,516737.787215289,5645010.46939679
5.19866853282808e-05,79.1524359244992,517237.787215289,5645010.46939679
4.80178182065174e-05,79.1524359244992,517737.787215289,5645010.46939679
5.02988457333746e-05,79.1524359244992,518237.787215289,5645010.46939679
0.000144065298590236,79.1524359244992,518737.787215289,5645010.46939679
4.24812536511484e-05,79.1524359244992,519237.787215289,5645010.46939679
0.00017138212957946,79.1524359244992,519737.787215289,5645010.46939679
0.000135235399466813,79.1524359244992,520237.787215289,5645010.46939679
4.8393979611012e-05,79.1524359244992,520737.787215289,5645010.46939679
8.32461128051258e-05,79.1524359244992,521237.787215289,5645010.46939679
4.29077811528513e-05,79.1524359244992,521737.787215289,5645010.46939679
4.75888109174723e-05,79.1524359244992,522237.787215289,5645010.46939679
6.00737365375411e-05,79.1524359244992,522737.787215289,5645010.46939679
7.91394669326271e-05,79.1524359244992,523237.787215289,5645010.46939679
8.23211838567457e-05,79.1524359244992,523737.787215289,5645010.46939679
4.59468597305501e-05,79.1524359244992,524237.787215289,5645010.46939679
4.83882853260277e-05,79.1524359244992,524737.787215289,5645010.46939679
9.30683639517299e-05,79.1524359244992,525237.787215289,5645010.46939679
5.34376659489033e-05,79.1524359244992,525737.787215289,5645010.46939679
2.27060586640167e-05,79.1524359244992,526237.787215289,5645010.46939679
3.43571350204251e-05,79.1524359244992,526737.787215289,5645010.46939679
2.72168054858936e-05,79.1524359244992,527237.787215289,5645010.46939679
4.88600981491154e-05,79.1524359244992,527737.787215289,5645010.46939679
8.3323599973895e-05,79.1524359244992,528237.787215289,5645010.46939679
8.31790523744824e-05,79.1524359244992,528737.787215289,5645010.46939679
0.00017238453872629,79.1524359244992,529237.787215289,5645010.46939679
0.000345199359055947,79.1524359244992,529737.787215289,5645010.46939679
0.000335817127994944,79.1524359244992,530237.787215289,5645010.46939679
0.000347810735079291,79.1524359244992,530737.787215289,5645010.46939679
0.000341877195173854,79.1524359244992,531237.787215289,5645010.46939679
0.00189740972880559,79.1524359244992,482237.787215289,5645510.46939679
0.00189740972880559,79.1524359244992,482737.787215289,5645510.46939679
0.00453072301609544,79.1524359244992,483237.787215289,5645510.46939679
0.00436241992183612,79.1524359244992,483737.787215289,5645510.46939679
0.00436241992183612,79.1524359244992,484237.787215289,5645510.46939679
0.0030726036458024,79.1524359244992,484737.787215289,5645510.46939679
0.00308702044263717,79.1524359244992,485237.787215289,5645510.46939679
0.00237095728717735,79.1524359244992,485737.787215289,5645510.46939679
0.00246242958498409,79.1524359244992,486237.787215289,5645510.46939679
0.00222007189927263,79.1524359244992,486737.787215289,5645510.46939679
0.0014964241116368,79.1524359244992,487237.787215289,5645510.46939679
0.000778221555302806,79.1524359244992,487737.787215289,5645510.46939679
0.000284576792467085,79.1524359244992,488237.787215289,5645510.46939679
0.000366247016288471,79.1524359244992,488737.787215289,5645510.46939679
0.000218954161807601,79.1524359244992,489237.787215289,5645510.46939679
0.000239790242803147,79.1524359244992,489737.787215289,5645510.46939679
0.000854491979266555,79.1524359244992,490237.787215289,5645510.46939679
0.000329320560762704,79.1524359244992,490737.787215289,5645510.46939679
0.000829080576915217,79.1524359244992,491237.787215289,5645510.46939679
0.00084462340367884,79.1524359244992,491737.787215289,5645510.46939679
0.00075874791742753,79.1524359244992,492237.787215289,5645510.46939679
0.000480707889463945,79.1524359244992,492737.787215289,5645510.46939679
0.000598146759327673,79.1524359244992,493237.787215289,5645510.46939679
0.00043416956625241,79.1524359244992,493737.787215289,5645510.46939679
0.000573891554588712,79.1524359244992,494237.787215289,5645510.46939679
0.000283325717540131,79.1524359244992,494737.787215289,5645510.46939679
0.000118287803659429,79.1524359244992,495237.787215289,5645510.46939679
0.000370911710837678,79.1524359244992,495737.787215289,5645510.46939679
0.000208002744409372,79.1524359244992,496237.787215289,5645510.46939679
0.000189210565678241,79.1524359244992,496737.787215289,5645510.46939679
0.000259227368853414,79.1524359244992,497237.787215289,5645510.46939679
0.000318873511866317,79.1524359244992,497737.787215289,5645510.46939679
8.2640895010184e-05,79.1524359244992,498237.787215289,5645510.46939679
0.000104582077809664,79.1524359244992,498737.787215289,5645510.46939679
0.000110139135747684,79.1524359244992,499237.787215289,5645510.46939679
0.000286299487220137,79.1524359244992,499737.787215289,5645510.46939679
0.000138358624566113,79.1524359244992,500237.787215289,5645510.46939679
0.000109604010051275,79.1524359244992,500737.787215289,5645510.46939679
5.7711478316831e-05,79.1524359244992,501237.787215289,5645510.46939679
0.000150391595560177,79.1524359244992,501737.787215289,5645510.46939679
0.000271418102602464,79.1524359244992,502237.787215289,5645510.46939679
0.000331458109844137,79.1524359244992,502737.787215289,5645510.46939679
0.000433235204882061,79.1524359244992,503237.787215289,5645510.46939679
0.000450827247563575,79.1524359244992,503737.787215289,5645510.46939679
0.000452545342113182,79.1524359244992,504237.787215289,5645510.46939679
0.000543732130114043,79.1524359244992,504737.787215289,5645510.46939679
0.000486627214703066,79.1524359244992,505237.787215289,5645510.46939679
0.000674398589923695,79.1524359244992,505737.787215289,5645510.46939679
0.00015677393790267,79.1524359244992,506237.787215289,5645510.46939679
0.000127707755786989,79.1524359244992,506737.787215289,5645510.46939679
5.7711478316831e-05,79.1524359244992,507237.787215289,5645510.46939679
5.20347416522009e-05,79.1524359244992,507737.787215289,5645510.46939679
8.29187959189705e-05,79.1524359244992,508237.787215289,5645510.46939679
0.000116091808203775,79.1524359244992,508737.787215289,5645510.46939679
0.000245937837711356,79.1524359244992,509237.787215289,5645510.46939679
0.000216079892317467,79.1524359244992,509737.787215289,5645510.46939679
0.000116091808203775,79.1524359244992,510237.787215289,5645510.46939679
7.476256456416e-05,79.1524359244992,510737.787215289,5645510.46939679
0.000122260445486848,79.1524359244992,511237.787215289,5645510.46939679
0.00017566157069537,79.1524359244992,511737.787215289,5645510.46939679
0.000142803604205009,79.1524359244992,512237.787215289,5645510.46939679
0.000199934507567817,79.1524359244992,512737.787215289,5645510.46939679
0.000146548496710595,79.1524359244992,513237.787215289,5645510.46939679
0.000101997747272434,79.1524359244992,513737.787215289,5645510.46939679
6.91763420016945e-05,79.1524359244992,514237.787215289,5645510.46939679
0.000135011970049915,79.1524359244992,514737.787215289,5645510.46939679
4.17268521425222e-05,79.1524359244992,515237.787215289,5645510.46939679
5.58278157253121e-05,79.1524359244992,515737.787215289,5645510.46939679
6.10901412560338e-05,79.1524359244992,516237.787215289,5645510.46939679
6.26921737357358e-05,79.1524359244992,516737.787215289,5645510.46939679
2.69262871272229e-05,79.1524359244992,517237.787215289,5645510.46939679
4.47780049268031e-05,79.1524359244992,517737.787215289,5645510.46939679
3.84112076941536e-05,79.1524359244992,518237.787215289,5645510.46939679
9.20773381701878e-05,79.1524359244992,518737.787215289,5645510.46939679
5.6518864448277e-05,79.1524359244992,519237.787215289,5645510.46939679
5.25580338380198e-05,79.1524359244992,519737.787215289,5645510.46939679
5.27805182111692e-05,79.1524359244992,520237.787215289,5645510.46939679
2.18896531233607e-05,79.1524359244992,520737.787215289,5645510.46939679
3.06469647066229e-05,79.1524359244992,521237.787215289,5645510.46939679
8.37526764492503e-05,79.1524359244992,521737.787215289,5645510.46939679
0.000139852552458952,79.1524359244992,522237.787215289,5645510.46939679
0.000105197690800479,79.1524359244992,522737.787215289,5645510.46939679
9.65921425715587e-05,79.1524359244992,523237.787215289,5645510.46939679
0.000101180633767394,79.1524359244992,523737.787215289,5645510.46939679
4.97599520749759e-05,79.1524359244992,524237.787215289,5645510.46939679
4.44498324076668e-05,79.1524359244992,524737.787215289,5645510.46939679
0.000144517175416731,79.1524359244992,525237.787215289,5645510.46939679
3.97120371403045e-05,79.1524359244992,525737.787215289,5645510.46939679
6.91124546719357e-05,79.1524359244992,526237.787215289,5645510.46939679
8.72441087175865e-05,79.1524359244992,526737.787215289,5645510.46939679
0.000173708908876154,79.1524359244992,527237.787215289,5645510.46939679
8.58241186063102e-05,79.1524359244992,527737.787215289,5645510.46939679
0.000211073016172601,79.1524359244992,528237.787215289,5645510.46939679
0.000236776886926048,79.1524359244992,528737.787215289,5645510.46939679
0.000321377265188037,79.1524359244992,529237.787215289,5645510.46939679
0.000284960287632968,79.1524359244992,529737.787215289,5645510.46939679
0.000368022690927416,79.1524359244992,530237.787215289,5645510.46939679
0.000486922283892047,79.1524359244992,530737.787215289,5645510.46939679
0.000560893002402147,79.1524359244992,531237.787215289,5645510.46939679
0.00189740972880559,79.1524359244992,481737.787215289,5646010.46939679
0.00189740972880559,79.1524359244992,482237.787215289,5646010.46939679
0.00213390103090649,79.1524359244992,482737.787215289,5646010.46939679
0.0033674835018788,79.1524359244992,483237.787215289,5646010.46939679
0.00499594643769981,79.1524359244992,483737.787215289,5646010.46939679
0.00509542792366929,79.1524359244992,484237.787215289,5646010.46939679
0.00453072301609544,79.1524359244992,484737.787215289,5646010.46939679
0.00372322905124532,79.1524359244992,485237.787215289,5646010.46939679
0.00259703335756107,79.1524359244992,485737.787215289,5646010.46939679
0.00253967017668644,79.1524359244992,486237.787215289,5646010.46939679
0.000493936816095148,79.1524359244992,486737.787215289,5646010.46939679
0.00197184994785766,79.1524359244992,487237.787215289,5646010.46939679
0.00140128344408812,79.1524359244992,487737.787215289,5646010.46939679
0.000592726117543659,79.1524359244992,488237.787215289,5646010.46939679
0.000501468174936725,79.1524359244992,488737.787215289,5646010.46939679
0.00033022146424383,79.1524359244992,489237.787215289,5646010.46939679
0.000237210484510092,79.1524359244992,489737.787215289,5646010.46939679
0.000902027548985683,79.1524359244992,490237.787215289,5646010.46939679
0.000770440658977985,79.1524359244992,490737.787215289,5646010.46939679
0.000742130190790914,79.1524359244992,491237.787215289,5646010.46939679
0.000858183606248591,79.1524359244992,491737.787215289,5646010.46939679
0.000665015914679204,79.1524359244992,492237.787215289,5646010.46939679
0.000661710819941531,79.1524359244992,492737.787215289,5646010.46939679
0.000309573562326343,79.1524359244992,493237.787215289,5646010.46939679
0.000421690850187241,79.1524359244992,493737.787215289,5646010.46939679
0.000376600448137084,79.1524359244992,494237.787215289,5646010.46939679
0.000311006055069732,79.1524359244992,494737.787215289,5646010.46939679
0.000243136029441034,79.1524359244992,495237.787215289,5646010.46939679
0.000114276361396299,79.1524359244992,495737.787215289,5646010.46939679
8.84282279900478e-05,79.1524359244992,496237.787215289,5646010.46939679
0.000103809950909649,79.1524359244992,496737.787215289,5646010.46939679
8.72492840933066e-05,79.1524359244992,497237.787215289,5646010.46939679
8.07300599040037e-05,79.1524359244992,497737.787215289,5646010.46939679
8.43920220202925e-05,79.1524359244992,498237.787215289,5646010.46939679
0.000226813427831719,79.1524359244992,498737.787215289,5646010.46939679
0.000279001382419754,79.1524359244992,499237.787215289,5646010.46939679
0.000388679057758543,79.1524359244992,499737.787215289,5646010.46939679
8.07300599040037e-05,79.1524359244992,500237.787215289,5646010.46939679
7.46979489841339e-05,79.1524359244992,500737.787215289,5646010.46939679
6.23718745297274e-05,79.1524359244992,501237.787215289,5646010.46939679
5.47996520480094e-05,79.1524359244992,501737.787215289,5646010.46939679
0.000111752252608281,79.1524359244992,502237.787215289,5646010.46939679
0.000230437041085186,79.1524359244992,502737.787215289,5646010.46939679
0.000375921845206473,79.1524359244992,503237.787215289,5646010.46939679
0.000485895750506509,79.1524359244992,503737.787215289,5646010.46939679
0.00026066470467302,79.1524359244992,504237.787215289,5646010.46939679
0.000425392691205296,79.1524359244992,504737.787215289,5646010.46939679
0.000655057878883277,79.1524359244992,505237.787215289,5646010.46939679
0.000390333379776409,79.1524359244992,505737.787215289,5646010.46939679
0.000127874009942556,79.1524359244992,506237.787215289,5646010.46939679
5.7711478316831e-05,79.1524359244992,506737.787215289,5646010.46939679
9.43765250677713e-05,79.1524359244992,507237.787215289,5646010.46939679
7.28520859579709e-05,79.1524359244992,507737.787215289,5646010.46939679
5.33993046485502e-05,79.1524359244992,508237.787215289,5646010.46939679
0.00015433547612434,79.1524359244992,508737.787215289,5646010.46939679
0.000184995498135733,79.1524359244992,509237.787215289,5646010.46939679
0.000166798585533819,79.1524359244992,509737.787215289,5646010.46939679
5.62663838635874e-05,79.1524359244992,510237.787215289,5646010.46939679
0.000162536223333396,79.1524359244992,510737.787215289,5646010.46939679
8.73247568897517e-05,79.1524359244992,511237.787215289,5646010.46939679
0.000184995498135733,79.1524359244992,511737.787215289,5646010.46939679
0.000216079892317467,79.1524359244992,512237.787215289,5646010.46939679
0.000216079892317467,79.1524359244992,512737.787215289,5646010.46939679
0.000189846834055387,79.1524359244992,513237.787215289,5646010.46939679
0.000233529071253951,79.1524359244992,513737.787215289,5646010.46939679
0.000162536223333396,79.1524359244992,514237.787215289,5646010.46939679
0.000222706990823863,79.1524359244992,514737.787215289,5646010.46939679
7.62888531874095e-05,79.1524359244992,515237.787215289,5646010.46939679
8.45126885905004e-05,79.1524359244992,515737.787215289,5646010.46939679
4.36286159940305e-05,79.1524359244992,516237.787215289,5646010.46939679
3.9337127173025e-05,79.1524359244992,516737.787215289,5646010.46939679
3.2275417325523e-05,79.1524359244992,517237.787215289,5646010.46939679
6.43362180362203e-05,79.1524359244992,517737.787215289,5646010.46939679
0.00010009660090153,79.1524359244992,518237.787215289,5646010.46939679
0.000109439927779823,79.1524359244992,518737.787215289,5646010.46939679
3.36822076832294e-05,79.1524359244992,519237.787215289,5646010.46939679
3.19827756120996e-05,79.1524359244992,519737.787215289,5646010.46939679
5.27805182111692e-05,79.1524359244992,520237.787215289,5646010.46939679
3.64021593758051e-05,79.1524359244992,520737.787215289,5646010.46939679
4.14322141171575e-05,79.1524359244992,521237.787215289,5646010.46939679
9.17185966790493e-05,79.1524359244992,521737.787215289,5646010.46939679
0.000132901818863672,79.1524359244992,522237.787215289,5646010.46939679
0.000181316494578919,79.1524359244992,522737.787215289,5646010.46939679
0.000102122526922463,79.1524359244992,523237.787215289,5646010.46939679
0.000196598875008821,79.1524359244992,523737.787215289,5646010.46939679
5.28057156071501e-05,79.1524359244992,524237.787215289,5646010.46939679
2.57982906104324e-05,79.1524359244992,524737.787215289,5646010.46939679
6.84073747125771e-05,79.1524359244992,525237.787215289,5646010.46939679
4.5209295313819e-05,79.1524359244992,525737.787215289,5646010.46939679
4.88600981491154e-05,79.1524359244992,526237.787215289,5646010.46939679
6.18472623286885e-05,79.1524359244992,526737.787215289,5646010.46939679
0.000126544227494299,79.1524359244992,527237.787215289,5646010.46939679
0.000187704380887708,79.1524359244992,527737.787215289,5646010.46939679
0.000277897590800931,79.1524359244992,528237.787215289,5646010.46939679
0.000401838570988849,79.1524359244992,528737.787215289,5646010.46939679
0.000333758190262095,79.1524359244992,529237.787215289,5646010.46939679
0.000431518878566013,79.1524359244992,529737.787215289,5646010.46939679
0.000283325717540131,79.1524359244992,530237.787215289,5646010.46939679
0.000532593207872078,79.1524359244992,530737.787215289,5646010.46939679
0.000174921518763586,79.1524359244992,481237.787215289,5646510.46939679
0.00030615632734186,79.1524359244992,481737.787215289,5646510.46939679
0.00583540453233058,79.1524359244992,482237.787215289,5646510.46939679
0.00583540453233058,79.1524359244992,482737.787215289,5646510.46939679
0.00583540453233058,79.1524359244992,483237.787215289,5646510.46939679
0.00583540453233058,79.1524359244992,483737.787215289,5646510.46939679
0.00261554860738254,79.1524359244992,484237.787215289,5646510.46939679
0.00145047668024514,79.1524359244992,484737.787215289,5646510.46939679
0.00171066252859167,79.1524359244992,485237.787215289,5646510.46939679
0.00143384403006279,79.1524359244992,485737.787215289,5646510.46939679
0.0012378902265316,79.1524359244992,486237.787215289,5646510.46939679
0.00260627067927377,79.1524359244992,486737.787215289,5646510.46939679
0.00222007189927263,79.1524359244992,487237.787215289,5646510.46939679
0.00193854857862798,79.1524359244992,487737.787215289,5646510.46939679
0.00163673807609443,79.1524359244992,488237.787215289,5646510.46939679
0.00110998782356935,79.1524359244992,488737.787215289,5646510.46939679
0.000605246869428288,79.1524359244992,489237.787215289,5646510.46939679
0.000275921778900089,79.1524359244992,489737.787215289,5646510.46939679
0.000261983294352237,79.1524359244992,490237.787215289,5646510.46939679
0.000270809342591104,79.1524359244992,490737.787215289,5646510.46939679
0.00109979659363172,79.1524359244992,491237.787215289,5646510.46939679
0.000834628488032056,79.1524359244992,491737.787215289,5646510.46939679
0.00024837543815151,79.1524359244992,492237.787215289,5646510.46939679
0.000919989215319157,79.1524359244992,492737.787215289,5646510.46939679
0.000453785204780839,79.1524359244992,493237.787215289,5646510.46939679
0.000661710819941531,79.1524359244992,493737.787215289,5646510.46939679
0.000576204497516267,79.1524359244992,494237.787215289,5646510.46939679
0.00059233277978301,79.1524359244992,494737.787215289,5646510.46939679
0.000129314988036464,79.1524359244992,495237.787215289,5646510.46939679
0.000113324308709962,79.1524359244992,495737.787215289,5646510.46939679
0.00011183644313965,79.1524359244992,496237.787215289,5646510.46939679
0.000103087214826181,79.1524359244992,496737.787215289,5646510.46939679
0.000135777549890795,79.1524359244992,497237.787215289,5646510.46939679
9.20862909090562e-05,79.1524359244992,497737.787215289,5646510.46939679
0.000261772472365401,79.1524359244992,498237.787215289,5646510.46939679
0.000288678628758936,79.1524359244992,498737.787215289,5646510.46939679
0.000436807231609055,79.1524359244992,499237.787215289,5646510.46939679
0.00017753786293545,79.1524359244992,499737.787215289,5646510.46939679
0.000119293552519421,79.1524359244992,500237.787215289,5646510.46939679
0.000128926908596913,79.1524359244992,500737.787215289,5646510.46939679
4.9409334505248e-05,79.1524359244992,501237.787215289,5646510.46939679
0.000122260445486848,79.1524359244992,501737.787215289,5646510.46939679
0.00018367808936639,79.1524359244992,502237.787215289,5646510.46939679
0.000156578430297614,79.1524359244992,502737.787215289,5646510.46939679
0.00010760654322168,79.1524359244992,503237.787215289,5646510.46939679
0.000122418143805338,79.1524359244992,503737.787215289,5646510.46939679
0.000317671372744668,79.1524359244992,504237.787215289,5646510.46939679
0.000655782246762631,79.1524359244992,504737.787215289,5646510.46939679
0.000292393453761326,79.1524359244992,505237.787215289,5646510.46939679
0.000161211888404874,79.1524359244992,505737.787215289,5646510.46939679
0.000127707755786989,79.1524359244992,506237.787215289,5646510.46939679
0.00015838278131038,79.1524359244992,506737.787215289,5646510.46939679
8.73247568897517e-05,79.1524359244992,507237.787215289,5646510.46939679
0.000131227387640262,79.1524359244992,507737.787215289,5646510.46939679
0.000431683692940458,79.1524359244992,508237.787215289,5646510.46939679
0.000544935919542729,79.1524359244992,508737.787215289,5646510.46939679
0.000448919438636292,79.1524359244992,509237.787215289,5646510.46939679
0.000199934507567817,79.1524359244992,509737.787215289,5646510.46939679
0.000221746387738591,79.1524359244992,510237.787215289,5646510.46939679
0.000184995498135733,79.1524359244992,510737.787215289,5646510.46939679
0.000233529071253951,79.1524359244992,511237.787215289,5646510.46939679
0.0003079300294087,79.1524359244992,511737.787215289,5646510.46939679
0.0003079300294087,79.1524359244992,512237.787215289,5646510.46939679
0.000199934507567817,79.1524359244992,512737.787215289,5646510.46939679
0.00017117272424261,79.1524359244992,513237.787215289,5646510.46939679
0.000122260445486848,79.1524359244992,513737.787215289,5646510.46939679
5.92249084843551e-05,79.1524359244992,514237.787215289,5646510.46939679
5.47996520480094e-05,79.1524359244992,514737.787215289,5646510.46939679
5.2149992081654e-05,79.1524359244992,515237.787215289,5646510.46939679
6.34947490486627e-05,79.1524359244992,515737.787215289,5646510.46939679
2.58435845690397e-05,79.1524359244992,516237.787215289,5646510.46939679
5.19866853282808e-05,79.1524359244992,516737.787215289,5646510.46939679
9.78002833669152e-06,79.1524359244992,517237.787215289,5646510.46939679
5.80078449215198e-05,79.1524359244992,517737.787215289,5646510.46939679
4.42447096051559e-05,79.1524359244992,518237.787215289,5646510.46939679
3.75396761334569e-05,79.1524359244992,518737.787215289,5646510.46939679
1.4096831036086e-05,79.1524359244992,519237.787215289,5646510.46939679
2.30527785191963e-05,79.1524359244992,519737.787215289,5646510.46939679
3.97017325564888e-05,79.1524359244992,520237.787215289,5646510.46939679
6.0615293898566e-05,79.1524359244992,520737.787215289,5646510.46939679
0.000102590922105621,79.1524359244992,521237.787215289,5646510.46939679
8.8902741571977e-05,79.1524359244992,521737.787215289,5646510.46939679
0.000217868002056754,79.1524359244992,522237.787215289,5646510.46939679
8.57974306038761e-05,79.1524359244992,522737.787215289,5646510.46939679
0.000141165101873771,79.1524359244992,523237.787215289,5646510.46939679
0.00017464839559098,79.1524359244992,523737.787215289,5646510.46939679
5.47490422103141e-05,79.1524359244992,524237.787215289,5646510.46939679
3.52581191249068e-05,79.1524359244992,524737.787215289,5646510.46939679
5.59123619225916e-05,79.1524359244992,525237.787215289,5646510.46939679
9.11913126649424e-05,79.1524359244992,525737.787215289,5646510.46939679
5.1597075467651e-05,79.1524359244992,526237.787215289,5646510.46939679
7.51594696921372e-05,79.1524359244992,526737.787215289,5646510.46939679
0.000259622498483733,79.1524359244992,527237.787215289,5646510.46939679
0.000303265846976461,79.1524359244992,527737.787215289,5646510.46939679
0.000363077203066677,79.1524359244992,528237.787215289,5646510.46939679
0.000431082048297047,79.1524359244992,528737.787215289,5646510.46939679
0.00043902661976401,79.1524359244992,529237.787215289,5646510.46939679
0.000513873920283785,79.1524359244992,529737.787215289,5646510.46939679
0.000555217816119517,79.1524359244992,530237.787215289,5646510.46939679
0.0055409798407093,79.1524359244992,481237.787215289,5647010.46939679
0.00583540453233058,79.1524359244992,481737.787215289,5647010.46939679
0.000417685721244527,79.1524359244992,482237.787215289,5647010.46939679
0.00568628691467705,79.1524359244992,482737.787215289,5647010.46939679
0.00286891087870443,79.1524359244992,483237.787215289,5647010.46939679
0.000174921518763586,79.1524359244992,483737.787215289,5647010.46939679
0.00583540453233058,79.1524359244992,484237.787215289,5647010.46939679
0.00213390103090649,79.1524359244992,484737.787215289,5647010.46939679
0.00453072301609544,79.1524359244992,485237.787215289,5647010.46939679
0.00353537394039999,79.1524359244992,485737.787215289,5647010.46939679
0.00257827764534616,79.1524359244992,486237.787215289,5647010.46939679
0.00276934412169698,79.1524359244992,486737.787215289,5647010.46939679
0.000977680506689549,79.1524359244992,487237.787215289,5647010.46939679
0.000847441392512985,79.1524359244992,487737.787215289,5647010.46939679
0.000749404486670164,79.1524359244992,488237.787215289,5647010.46939679
0.00162041444256887,79.1524359244992,488737.787215289,5647010.46939679
0.00140119315417696,79.1524359244992,489237.787215289,5647010.46939679
0.00138030044144344,79.1524359244992,489737.787215289,5647010.46939679
0.000297850972891114,79.1524359244992,490237.787215289,5647010.46939679
0.000283139327579083,79.1524359244992,490737.787215289,5647010.46939679
0.000255744556935839,79.1524359244992,491237.787215289,5647010.46939679
0.0002505745998622,79.1524359244992,491737.787215289,5647010.46939679
0.000261726121333457,79.1524359244992,492237.787215289,5647010.46939679
0.000590842336660771,79.1524359244992,492737.787215289,5647010.46939679
0.000191219714108909,79.1524359244992,493237.787215289,5647010.46939679
0.000178702720219134,79.1524359244992,493737.787215289,5647010.46939679
0.00015696998352073,79.1524359244992,494237.787215289,5647010.46939679
0.000142174534317127,79.1524359244992,494737.787215289,5647010.46939679
0.000131747781042648,79.1524359244992,495237.787215289,5647010.46939679
0.00011878087733672,79.1524359244992,495737.787215289,5647010.46939679
0.000121153913585851,79.1524359244992,496237.787215289,5647010.46939679
0.000108266862501303,79.1524359244992,496737.787215289,5647010.46939679
0.000110777935177152,79.1524359244992,497237.787215289,5647010.46939679
0.000110777935177152,79.1524359244992,497737.787215289,5647010.46939679
0.000261053981792785,79.1524359244992,498237.787215289,5647010.46939679
0.000524350402778862,79.1524359244992,498737.787215289,5647010.46939679
0.000136466876457386,79.1524359244992,499237.787215289,5647010.46939679
0.000114019714617919,79.1524359244992,499737.787215289,5647010.46939679
0.000105188646684423,79.1524359244992,500237.787215289,5647010.46939679
0.000119723626478592,79.1524359244992,500737.787215289,5647010.46939679
5.20347416522009e-05,79.1524359244992,501237.787215289,5647010.46939679
5.47996520480094e-05,79.1524359244992,501737.787215289,5647010.46939679
0.000108978580608367,79.1524359244992,502237.787215289,5647010.46939679
0.000129581455267668,79.1524359244992,502737.787215289,5647010.46939679
0.000131739292042441,79.1524359244992,503237.787215289,5647010.46939679
0.000191492157584306,79.1524359244992,503737.787215289,5647010.46939679
0.000153713118150108,79.1524359244992,504237.787215289,5647010.46939679
0.000152767745015667,79.1524359244992,504737.787215289,5647010.46939679
0.000199934507567817,79.1524359244992,505237.787215289,5647010.46939679
0.000150391595560177,79.1524359244992,505737.787215289,5647010.46939679
0.000165439521146077,79.1524359244992,506237.787215289,5647010.46939679
5.47996520480094e-05,79.1524359244992,506737.787215289,5647010.46939679
0.000188299973987811,79.1524359244992,507237.787215289,5647010.46939679
0.000590623711071862,79.1524359244992,507737.787215289,5647010.46939679
0.000622694825881343,79.1524359244992,508237.787215289,5647010.46939679
0.000478778279546028,79.1524359244992,508737.787215289,5647010.46939679
0.000490694994442864,79.1524359244992,509237.787215289,5647010.46939679
0.000180268132996643,79.1524359244992,509737.787215289,5647010.46939679
0.000245937837711356,79.1524359244992,510237.787215289,5647010.46939679
0.000252387330148278,79.1524359244992,510737.787215289,5647010.46939679
5.41385032576079e-05,79.1524359244992,511237.787215289,5647010.46939679
0.000320641567155218,79.1524359244992,511737.787215289,5647010.46939679
0.000247512895768479,79.1524359244992,512237.787215289,5647010.46939679
0.000239653155261803,79.1524359244992,512737.787215289,5647010.46939679
0.00015838278131038,79.1524359244992,513237.787215289,5647010.46939679
0.000110234408833983,79.1524359244992,513737.787215289,5647010.46939679
6.74086134303287e-05,79.1524359244992,514237.787215289,5647010.46939679
6.53785921186658e-05,79.1524359244992,514737.787215289,5647010.46939679
5.89669152092452e-05,79.1524359244992,515237.787215289,5647010.46939679
5.01232682093917e-05,79.1524359244992,515737.787215289,5647010.46939679
2.5183178980839e-05,79.1524359244992,516237.787215289,5647010.46939679
2.5183178980839e-05,79.1524359244992,516737.787215289,5647010.46939679
1.92321520502012e-05,79.1524359244992,517237.787215289,5647010.46939679
4.03734575169885e-05,79.1524359244992,517737.787215289,5647010.46939679
3.98776935649561e-05,79.1524359244992,518237.787215289,5647010.46939679
4.59522667110138e-05,79.1524359244992,518737.787215289,5647010.46939679
1.87406946576267e-05,79.1524359244992,519237.787215289,5647010.46939679
5.27805182111692e-05,79.1524359244992,519737.787215289,5647010.46939679
3.83364191740141e-05,79.1524359244992,520237.787215289,5647010.46939679
7.04787856536286e-05,79.1524359244992,520737.787215289,5647010.46939679
6.28144766268e-05,79.1524359244992,521237.787215289,5647010.46939679
4.85451560288881e-05,79.1524359244992,521737.787215289,5647010.46939679
5.45684623163008e-05,79.1524359244992,522237.787215289,5647010.46939679
6.65358146777997e-05,79.1524359244992,522737.787215289,5647010.46939679
9.76833055919315e-05,79.1524359244992,523237.787215289,5647010.46939679
2.79305410492048e-05,79.1524359244992,523737.787215289,5647010.46939679
3.71315893682435e-05,79.1524359244992,524237.787215289,5647010.46939679
0.000144919457114413,79.1524359244992,524737.787215289,5647010.46939679
9.00905215344821e-05,79.1524359244992,525237.787215289,5647010.46939679
7.614368130702e-05,79.1524359244992,525737.787215289,5647010.46939679
6.68995003395395e-05,79.1524359244992,526237.787215289,5647010.46939679
5.93697142739856e-05,79.1524359244992,526737.787215289,5647010.46939679
9.48167317685462e-05,79.1524359244992,527237.787215289,5647010.46939679
0.00018407801108857,79.1524359244992,527737.787215289,5647010.46939679
0.000174921518763586,79.1524359244992,528237.787215289,5647010.46939679
0.000454448002367751,79.1524359244992,528737.787215289,5647010.46939679
0.000485895750506509,79.1524359244992,529237.787215289,5647010.46939679
0.000498670048546008,79.1524359244992,529737.787215289,5647010.46939679
0.000647873360997524,79.1524359244992,530237.787215289,5647010.46939679
0.00583540453233058,79.1524359244992,480737.787215289,5647510.46939679
0.00685051855270872,79.1524359244992,481237.787215289,5647510.46939679
0.00323369959384148,79.1524359244992,481737.787215289,5647510.46939679
0.00685051855270872,79.1524359244992,482237.787215289,5647510.46939679
0.00286891087870443,79.1524359244992,482737.787215289,5647510.46939679
0.00349112030723042,79.1524359244992,483237.787215289,5647510.46939679
0.00286891087870443,79.1524359244992,483737.787215289,5647510.46939679
0.00286891087870443,79.1524359244992,484237.787215289,5647510.46939679
0.00414231450616305,79.1524359244992,484737.787215289,5647510.46939679
0.00323607757472059,79.1524359244992,485237.787215289,5647510.46939679
0.00340780972578233,79.1524359244992,485737.787215289,5647510.46939679
0.00257539656165261,79.1524359244992,486237.787215289,5647510.46939679
0.00220737687443989,79.1524359244992,486737.787215289,5647510.46939679
0.00260627067927377,79.1524359244992,487237.787215289,5647510.46939679
0.00233455089156446,79.1524359244992,487737.787215289,5647510.46939679
0.00163414175980396,79.1524359244992,488237.787215289,5647510.46939679
0.00193854857862798,79.1524359244992,488737.787215289,5647510.46939679
0.00165575502218135,79.1524359244992,489237.787215289,5647510.46939679
0.00138730806357927,79.1524359244992,489737.787215289,5647510.46939679
0.000969294721295809,79.1524359244992,490237.787215289,5647510.46939679
0.000618679112542177,79.1524359244992,490737.787215289,5647510.46939679
0.000340102942467276,79.1524359244992,491237.787215289,5647510.46939679
0.000297850972891114,79.1524359244992,491737.787215289,5647510.46939679
0.000261983294352237,79.1524359244992,492237.787215289,5647510.46939679
0.000208412078541863,79.1524359244992,492737.787215289,5647510.46939679
0.000206259733021811,79.1524359244992,493237.787215289,5647510.46939679
0.00020577235997363,79.1524359244992,493737.787215289,5647510.46939679
0.000186333295685245,79.1524359244992,494237.787215289,5647510.46939679
0.000188992530411423,79.1524359244992,494737.787215289,5647510.46939679
0.000657165044156448,79.1524359244992,495237.787215289,5647510.46939679
0.000390182314392169,79.1524359244992,495737.787215289,5647510.46939679
0.000438760574785334,79.1524359244992,496237.787215289,5647510.46939679
0.000382386500438457,79.1524359244992,496737.787215289,5647510.46939679
0.000364197389996858,79.1524359244992,497237.787215289,5647510.46939679
0.000126010479696715,79.1524359244992,497737.787215289,5647510.46939679
0.000122418143805338,79.1524359244992,498237.787215289,5647510.46939679
0.000128381105239561,79.1524359244992,498737.787215289,5647510.46939679
0.000121903650744207,79.1524359244992,499237.787215289,5647510.46939679
0.000128922936328482,79.1524359244992,499737.787215289,5647510.46939679
0.000159069331893946,79.1524359244992,500237.787215289,5647510.46939679
0.000159069331893946,79.1524359244992,500737.787215289,5647510.46939679
5.47996520480094e-05,79.1524359244992,501237.787215289,5647510.46939679
0.00017117272424261,79.1524359244992,501737.787215289,5647510.46939679
0.000124606324280527,79.1524359244992,502237.787215289,5647510.46939679
0.000121903650744207,79.1524359244992,502737.787215289,5647510.46939679
0.000153655606724669,79.1524359244992,503237.787215289,5647510.46939679
0.000255814494851974,79.1524359244992,503737.787215289,5647510.46939679
0.000299453122139766,79.1524359244992,504237.787215289,5647510.46939679
0.000350479837744014,79.1524359244992,504737.787215289,5647510.46939679
0.000252387330148278,79.1524359244992,505237.787215289,5647510.46939679
0.000189846834055387,79.1524359244992,505737.787215289,5647510.46939679
8.29187959189705e-05,79.1524359244992,506237.787215289,5647510.46939679
0.00011913620855293,79.1524359244992,506737.787215289,5647510.46939679
0.000121264275063946,79.1524359244992,507237.787215289,5647510.46939679
0.000559226360267116,79.1524359244992,507737.787215289,5647510.46939679
0.000448919438636292,79.1524359244992,508237.787215289,5647510.46939679
0.000184995498135733,79.1524359244992,508737.787215289,5647510.46939679
0.000166798585533819,79.1524359244992,509237.787215289,5647510.46939679
0.000210558198219536,79.1524359244992,509737.787215289,5647510.46939679
0.000420105563530634,79.1524359244992,510237.787215289,5647510.46939679
0.000448919438636292,79.1524359244992,510737.787215289,5647510.46939679
0.000557367478267824,79.1524359244992,511237.787215289,5647510.46939679
0.000375360155038092,79.1524359244992,511737.787215289,5647510.46939679
0.000186598777154534,79.1524359244992,512237.787215289,5647510.46939679
0.000316416595736701,79.1524359244992,512737.787215289,5647510.46939679
0.000252815250009179,79.1524359244992,513237.787215289,5647510.46939679
0.000169281158545804,79.1524359244992,513737.787215289,5647510.46939679
0.000181838889263728,79.1524359244992,514237.787215289,5647510.46939679
6.91143398307698e-05,79.1524359244992,514737.787215289,5647510.46939679
8.84460219218605e-05,79.1524359244992,515237.787215289,5647510.46939679
9.76833055919315e-05,79.1524359244992,515737.787215289,5647510.46939679
5.01414090543931e-05,79.1524359244992,516237.787215289,5647510.46939679
2.45396493619823e-05,79.1524359244992,516737.787215289,5647510.46939679
2.02540688590285e-05,79.1524359244992,517237.787215289,5647510.46939679
4.88367834903408e-05,79.1524359244992,517737.787215289,5647510.46939679
5.36672113805636e-05,79.1524359244992,518237.787215289,5647510.46939679
1.60447328366105e-05,79.1524359244992,518737.787215289,5647510.46939679
3.73567723534854e-05,79.1524359244992,519237.787215289,5647510.46939679
6.2999123047159e-05,79.1524359244992,519737.787215289,5647510.46939679
4.21882418904626e-05,79.1524359244992,520237.787215289,5647510.46939679
6.76108853464002e-05,79.1524359244992,520737.787215289,5647510.46939679
5.38853951455035e-05,79.1524359244992,521237.787215289,5647510.46939679
6.66394732077013e-05,79.1524359244992,521737.787215289,5647510.46939679
5.97190216227358e-05,79.1524359244992,522237.787215289,5647510.46939679
5.36827948948918e-05,79.1524359244992,522737.787215289,5647510.46939679
4.5209295313819e-05,79.1524359244992,523237.787215289,5647510.46939679
4.56752709229756e-05,79.1524359244992,523737.787215289,5647510.46939679
3.91046080514793e-05,79.1524359244992,524237.787215289,5647510.46939679
5.59123619225916e-05,79.1524359244992,524737.787215289,5647510.46939679
6.25298521396205e-05,79.1524359244992,525237.787215289,5647510.46939679
7.42219954564049e-05,79.1524359244992,525737.787215289,5647510.46939679
6.89331120945501e-05,79.1524359244992,526237.787215289,5647510.46939679
7.43917788677968e-05,79.1524359244992,526737.787215289,5647510.46939679
0.000246148080569011,79.1524359244992,527237.787215289,5647510.46939679
0.000401838570988849,79.1524359244992,527737.787215289,5647510.46939679
0.000439469670545228,79.1524359244992,528237.787215289,5647510.46939679
0.000533691826490631,79.1524359244992,528737.787215289,5647510.46939679
0.000250323883908398,79.1524359244992,529237.787215289,5647510.46939679
0.000281524038713273,79.1524359244992,529737.787215289,5647510.46939679
0.000747972188647093,79.1524359244992,530237.787215289,5647510.46939679
0.00349112030723042,79.1524359244992,480237.787215289,5648010.46939679
0.00812323478248278,79.1524359244992,480737.787215289,5648010.46939679
0.00833625910513481,79.1524359244992,481237.787215289,5648010.46939679
0.00580203597094691,79.1524359244992,481737.787215289,5648010.46939679
0.00253413673703463,79.1524359244992,482237.787215289,5648010.46939679
0.00349112030723042,79.1524359244992,482737.787215289,5648010.46939679
0.00349112030723042,79.1524359244992,483237.787215289,5648010.46939679
0.00286891087870443,79.1524359244992,483737.787215289,5648010.46939679
0.00528812187247018,79.1524359244992,484237.787215289,5648010.46939679
0.00282676296508054,79.1524359244992,484737.787215289,5648010.46939679
0.00216864313359683,79.1524359244992,485237.787215289,5648010.46939679
0.00419218958985009,79.1524359244992,485737.787215289,5648010.46939679
0.00353537394039999,79.1524359244992,486237.787215289,5648010.46939679
0.00143384403006279,79.1524359244992,486737.787215289,5648010.46939679
0.00280675254648736,79.1524359244992,487237.787215289,5648010.46939679
0.00260627067927377,79.1524359244992,487737.787215289,5648010.46939679
0.00233455089156446,79.1524359244992,488237.787215289,5648010.46939679
0.00200169656188259,79.1524359244992,488737.787215289,5648010.46939679
0.00211695545474708,79.1524359244992,489237.787215289,5648010.46939679
0.00186082104791462,79.1524359244992,489737.787215289,5648010.46939679
0.00174373497804123,79.1524359244992,490237.787215289,5648010.46939679
0.00146102386124418,79.1524359244992,490737.787215289,5648010.46939679
0.00127263844670732,79.1524359244992,491237.787215289,5648010.46939679
0.000969294721295809,79.1524359244992,491737.787215289,5648010.46939679
0.000684147533869976,79.1524359244992,492237.787215289,5648010.46939679
0.00054021868691894,79.1524359244992,492737.787215289,5648010.46939679
0.000441516216713113,79.1524359244992,493237.787215289,5648010.46939679
0.000278917533733575,79.1524359244992,493737.787215289,5648010.46939679
0.000647625646250598,79.1524359244992,494237.787215289,5648010.46939679
0.00065710405560056,79.1524359244992,494737.787215289,5648010.46939679
0.000639992301180177,79.1524359244992,495237.787215289,5648010.46939679
0.000784811922254997,79.1524359244992,495737.787215289,5648010.46939679
0.000761361232828192,79.1524359244992,496237.787215289,5648010.46939679
0.000727371760466274,79.1524359244992,496737.787215289,5648010.46939679
0.000405980252486123,79.1524359244992,497237.787215289,5648010.46939679
0.000164069532200173,79.1524359244992,497737.787215289,5648010.46939679
0.000170684185780683,79.1524359244992,498237.787215289,5648010.46939679
0.000147930983056167,79.1524359244992,498737.787215289,5648010.46939679
0.00013859505236008,79.1524359244992,499237.787215289,5648010.46939679
0.000130791184617604,79.1524359244992,499737.787215289,5648010.46939679
0.000112349537410422,79.1524359244992,500237.787215289,5648010.46939679
0.000110940382324772,79.1524359244992,500737.787215289,5648010.46939679
0.000113125204299534,79.1524359244992,501237.787215289,5648010.46939679
6.91763420016945e-05,79.1524359244992,501737.787215289,5648010.46939679
0.000250656783039527,79.1524359244992,502237.787215289,5648010.46939679
0.000546492593848277,79.1524359244992,502737.787215289,5648010.46939679
0.000361167858961254,79.1524359244992,503237.787215289,5648010.46939679
0.000264729722921907,79.1524359244992,503737.787215289,5648010.46939679
0.00038433967308406,79.1524359244992,504237.787215289,5648010.46939679
0.000245937837711356,79.1524359244992,504737.787215289,5648010.46939679
0.000332796416213331,79.1524359244992,505237.787215289,5648010.46939679
0.000208842583258944,79.1524359244992,505737.787215289,5648010.46939679
0.000104672543902909,79.1524359244992,506237.787215289,5648010.46939679
0.00017566157069537,79.1524359244992,506737.787215289,5648010.46939679
9.68514621913624e-05,79.1524359244992,507237.787215289,5648010.46939679
0.00017566157069537,79.1524359244992,507737.787215289,5648010.46939679
0.000180268132996643,79.1524359244992,508237.787215289,5648010.46939679
0.000132133388162235,79.1524359244992,508737.787215289,5648010.46939679
0.00015838278131038,79.1524359244992,509237.787215289,5648010.46939679
0.000210558198219536,79.1524359244992,509737.787215289,5648010.46939679
0.000284921646965274,79.1524359244992,510237.787215289,5648010.46939679
0.000456424414937093,79.1524359244992,510737.787215289,5648010.46939679
0.000455920254924886,79.1524359244992,511237.787215289,5648010.46939679
0.000421854114609959,79.1524359244992,511737.787215289,5648010.46939679
0.000124962277074901,79.1524359244992,512237.787215289,5648010.46939679
0.00014414946477916,79.1524359244992,512737.787215289,5648010.46939679
0.000290675491391774,79.1524359244992,513237.787215289,5648010.46939679
0.000135828369776925,79.1524359244992,513737.787215289,5648010.46939679
0.000444596397626117,79.1524359244992,514237.787215289,5648010.46939679
0.00031471414798386,79.1524359244992,514737.787215289,5648010.46939679
8.37852790300429e-05,79.1524359244992,515237.787215289,5648010.46939679
0.000198563228120537,79.1524359244992,515737.787215289,5648010.46939679
0.000153802088482733,79.1524359244992,516237.787215289,5648010.46939679
5.80471033422751e-05,79.1524359244992,516737.787215289,5648010.46939679
5.8538615463005e-05,79.1524359244992,517237.787215289,5648010.46939679
1.82617959411736e-05,79.1524359244992,517737.787215289,5648010.46939679
6.60233758786493e-05,79.1524359244992,518237.787215289,5648010.46939679
3.57965080253225e-05,79.1524359244992,518737.787215289,5648010.46939679
3.73523767631748e-05,79.1524359244992,519237.787215289,5648010.46939679
6.19455249510967e-05,79.1524359244992,519737.787215289,5648010.46939679
4.77641853328961e-05,79.1524359244992,520237.787215289,5648010.46939679
8.8119668635368e-05,79.1524359244992,520737.787215289,5648010.46939679
6.25203460202202e-05,79.1524359244992,521237.787215289,5648010.46939679
7.11594149194961e-05,79.1524359244992,521737.787215289,5648010.46939679
7.20299380243e-05,79.1524359244992,522237.787215289,5648010.46939679
5.17346173586705e-05,79.1524359244992,522737.787215289,5648010.46939679
2.2125829246241e-05,79.1524359244992,523237.787215289,5648010.46939679
8.19970669019443e-05,79.1524359244992,523737.787215289,5648010.46939679
6.6841637027466e-05,79.1524359244992,524237.787215289,5648010.46939679
0.000119768687820837,79.1524359244992,524737.787215289,5648010.46939679
9.87560761503786e-05,79.1524359244992,525237.787215289,5648010.46939679
7.48130078761169e-05,79.1524359244992,525737.787215289,5648010.46939679
0.000146421838186077,79.1524359244992,526237.787215289,5648010.46939679
0.000173529642164785,79.1524359244992,526737.787215289,5648010.46939679
0.000293826358929744,79.1524359244992,527237.787215289,5648010.46939679
0.000474544949795091,79.1524359244992,527737.787215289,5648010.46939679
0.000331707819659762,79.1524359244992,528237.787215289,5648010.46939679
0.000604385772008967,79.1524359244992,528737.787215289,5648010.46939679
0.000663900174512821,79.1524359244992,529237.787215289,5648010.46939679
0.000417685721244527,79.1524359244992,529737.787215289,5648010.46939679
0.000873134480774251,79.1524359244992,530237.787215289,5648010.46939679
0.00791565407206366,79.1524359244992,480237.787215289,5648510.46939679
0.00771337786809942,79.1524359244992,480737.787215289,5648510.46939679
0.00536851065733458,79.1524359244992,481237.787215289,5648510.46939679
0.00345729497061366,79.1524359244992,481737.787215289,5648510.46939679
0.0031172213198855,79.1524359244992,482237.787215289,5648510.46939679
0.00447876654690489,79.1524359244992,482737.787215289,5648510.46939679
0.00408206075539206,79.1524359244992,483237.787215289,5648510.46939679
0.00586503019116871,79.1524359244992,483737.787215289,5648510.46939679
0.00464612039935911,79.1524359244992,484237.787215289,5648510.46939679
0.00212630324680036,79.1524359244992,484737.787215289,5648510.46939679
0.00244379391364831,79.1524359244992,485237.787215289,5648510.46939679
0.00189740972880559,79.1524359244992,485737.787215289,5648510.46939679
0.00387870128174292,79.1524359244992,486237.787215289,5648510.46939679
0.00362808585371307,79.1524359244992,486737.787215289,5648510.46939679
0.00309047387749508,79.1524359244992,487237.787215289,5648510.46939679
0.00141279694671736,79.1524359244992,487737.787215289,5648510.46939679
0.00260627067927377,79.1524359244992,488237.787215289,5648510.46939679
0.00233455089156446,79.1524359244992,488737.787215289,5648510.46939679
0.00222007189927263,79.1524359244992,489237.787215289,5648510.46939679
0.00160301014268999,79.1524359244992,489737.787215289,5648510.46939679
0.000551215283490388,79.1524359244992,490237.787215289,5648510.46939679
0.00108169295115371,79.1524359244992,490737.787215289,5648510.46939679
0.00117754751923176,79.1524359244992,491237.787215289,5648510.46939679
0.00127716506194003,79.1524359244992,491737.787215289,5648510.46939679
0.00123639560995119,79.1524359244992,492237.787215289,5648510.46939679
0.000555005610872995,79.1524359244992,492737.787215289,5648510.46939679
0.00055159207543496,79.1524359244992,493237.787215289,5648510.46939679
0.000349921601438999,79.1524359244992,493737.787215289,5648510.46939679
0.000717858439487108,79.1524359244992,494237.787215289,5648510.46939679
0.000730200563835666,79.1524359244992,494737.787215289,5648510.46939679
0.000730200563835666,79.1524359244992,495237.787215289,5648510.46939679
0.000749349398588867,79.1524359244992,495737.787215289,5648510.46939679
0.00062515681397742,79.1524359244992,496237.787215289,5648510.46939679
0.00015295878089441,79.1524359244992,496737.787215289,5648510.46939679
0.000150268898894935,79.1524359244992,497237.787215289,5648510.46939679
0.000189691947917244,79.1524359244992,497737.787215289,5648510.46939679
0.000136773639591739,79.1524359244992,498237.787215289,5648510.46939679
0.000131747781042648,79.1524359244992,498737.787215289,5648510.46939679
0.000115295800167561,79.1524359244992,499237.787215289,5648510.46939679
0.000102650970766407,79.1524359244992,499737.787215289,5648510.46939679
9.85814681713729e-05,79.1524359244992,500237.787215289,5648510.46939679
0.000118165494216134,79.1524359244992,500737.787215289,5648510.46939679
0.00020517760519947,79.1524359244992,501237.787215289,5648510.46939679
0.00017566157069537,79.1524359244992,501737.787215289,5648510.46939679
0.000141824441090002,79.1524359244992,502237.787215289,5648510.46939679
0.000124606324280527,79.1524359244992,502737.787215289,5648510.46939679
0.000161421759341913,79.1524359244992,503237.787215289,5648510.46939679
0.000115295800167561,79.1524359244992,503737.787215289,5648510.46939679
0.000544227426384639,79.1524359244992,504237.787215289,5648510.46939679
0.000252387330148278,79.1524359244992,504737.787215289,5648510.46939679
0.000245937837711356,79.1524359244992,505237.787215289,5648510.46939679
0.000227561481763746,79.1524359244992,505737.787215289,5648510.46939679
0.000210558198219536,79.1524359244992,506237.787215289,5648510.46939679
0.000142803604205009,79.1524359244992,506737.787215289,5648510.46939679
0.000104672543902909,79.1524359244992,507237.787215289,5648510.46939679
5.33993046485502e-05,79.1524359244992,507737.787215289,5648510.46939679
0.000233529071253951,79.1524359244992,508237.787215289,5648510.46939679
0.000544227426384639,79.1524359244992,508737.787215289,5648510.46939679
0.000233529071253951,79.1524359244992,509237.787215289,5648510.46939679
5.92249084843551e-05,79.1524359244992,509737.787215289,5648510.46939679
0.000141640049416488,79.1524359244992,510237.787215289,5648510.46939679
0.000604385772008967,79.1524359244992,510737.787215289,5648510.46939679
0.000141824441090002,79.1524359244992,511237.787215289,5648510.46939679
0.000115295800167561,79.1524359244992,511737.787215289,5648510.46939679
0.000118319325941835,79.1524359244992,512237.787215289,5648510.46939679
0.000165654895754424,79.1524359244992,512737.787215289,5648510.46939679
0.000152223257018211,79.1524359244992,513237.787215289,5648510.46939679
0.000116664215282947,79.1524359244992,513737.787215289,5648510.46939679
8.37625739343858e-05,79.1524359244992,514237.787215289,5648510.46939679
0.000246837636121344,79.1524359244992,514737.787215289,5648510.46939679
9.47995246698026e-05,79.1524359244992,515237.787215289,5648510.46939679
5.65352760059354e-05,79.1524359244992,515737.787215289,5648510.46939679
5.08705574742747e-05,79.1524359244992,516237.787215289,5648510.46939679
3.642723629114e-05,79.1524359244992,516737.787215289,5648510.46939679
2.18896531233607e-05,79.1524359244992,517237.787215289,5648510.46939679
2.0785213090997e-05,79.1524359244992,517737.787215289,5648510.46939679
4.40329980475172e-05,79.1524359244992,518237.787215289,5648510.46939679
4.51877227150398e-05,79.1524359244992,518737.787215289,5648510.46939679
4.80178182065174e-05,79.1524359244992,519237.787215289,5648510.46939679
6.86267073962518e-05,79.1524359244992,519737.787215289,5648510.46939679
4.73046356886889e-05,79.1524359244992,520237.787215289,5648510.46939679
5.43519128640223e-05,79.1524359244992,520737.787215289,5648510.46939679
4.98337042349842e-05,79.1524359244992,521237.787215289,5648510.46939679
5.38579436629939e-05,79.1524359244992,521737.787215289,5648510.46939679
5.63705894918929e-05,79.1524359244992,522237.787215289,5648510.46939679
5.41904966827415e-05,79.1524359244992,522737.787215289,5648510.46939679
4.81022654154323e-05,79.1524359244992,523237.787215289,5648510.46939679
5.85665617720596e-05,79.1524359244992,523737.787215289,5648510.46939679
6.52355400719436e-05,79.1524359244992,524237.787215289,5648510.46939679
8.63392824521817e-05,79.1524359244992,524737.787215289,5648510.46939679
0.000106640804800759,79.1524359244992,525237.787215289,5648510.46939679
7.98597662050547e-05,79.1524359244992,525737.787215289,5648510.46939679
8.70376976420779e-05,79.1524359244992,526237.787215289,5648510.46939679
8.84282279900478e-05,79.1524359244992,526737.787215289,5648510.46939679
0.000385780048076332,79.1524359244992,527237.787215289,5648510.46939679
0.000276085627194125,79.1524359244992,527737.787215289,5648510.46939679
0.000404761889547333,79.1524359244992,528237.787215289,5648510.46939679
0.000607866159351205,79.1524359244992,528737.787215289,5648510.46939679
0.00070794689471175,79.1524359244992,529237.787215289,5648510.46939679
0.000793165160926873,79.1524359244992,529737.787215289,5648510.46939679
0.000912888408528097,79.1524359244992,530237.787215289,5648510.46939679
0.00685051855270872,79.1524359244992,479737.787215289,5649010.46939679
0.00617667357465435,79.1524359244992,480237.787215289,5649010.46939679
0.00685051855270872,79.1524359244992,480737.787215289,5649010.46939679
0.00695465852440836,79.1524359244992,481237.787215289,5649010.46939679
0.00496737814488442,79.1524359244992,481737.787215289,5649010.46939679
0.00393502440363043,79.1524359244992,482237.787215289,5649010.46939679
0.00464612039935911,79.1524359244992,482737.787215289,5649010.46939679
0.00375797237424863,79.1524359244992,483237.787215289,5649010.46939679
0.00275452801432629,79.1524359244992,483737.787215289,5649010.46939679
0.00107807435440952,79.1524359244992,484237.787215289,5649010.46939679
0.000997521161541853,79.1524359244992,484737.787215289,5649010.46939679
0.00222551379497481,79.1524359244992,485237.787215289,5649010.46939679
0.00213390103090649,79.1524359244992,485737.787215289,5649010.46939679
0.00453072301609544,79.1524359244992,486237.787215289,5649010.46939679
0.0040847993838111,79.1524359244992,486737.787215289,5649010.46939679
0.00310616384795652,79.1524359244992,487237.787215289,5649010.46939679
0.00132819208130663,79.1524359244992,487737.787215289,5649010.46939679
0.0012378902265316,79.1524359244992,488237.787215289,5649010.46939679
0.00260627067927377,79.1524359244992,488737.787215289,5649010.46939679
0.00233455089156446,79.1524359244992,489237.787215289,5649010.46939679
0.00186082104791462,79.1524359244992,489737.787215289,5649010.46939679
0.00143793814931324,79.1524359244992,490237.787215289,5649010.46939679
0.000299698023147103,79.1524359244992,490737.787215289,5649010.46939679
0.00103520164123911,79.1524359244992,491237.787215289,5649010.46939679
0.00103302338458302,79.1524359244992,491737.787215289,5649010.46939679
0.000817530249185719,79.1524359244992,492237.787215289,5649010.46939679
0.000638554844960695,79.1524359244992,492737.787215289,5649010.46939679
0.000754385158820865,79.1524359244992,493237.787215289,5649010.46939679
0.000730200563835666,79.1524359244992,493737.787215289,5649010.46939679
0.00017866011463925,79.1524359244992,494237.787215289,5649010.46939679
0.000480145966679681,79.1524359244992,494737.787215289,5649010.46939679
0.000560823856917261,79.1524359244992,495237.787215289,5649010.46939679
0.000145959418722064,79.1524359244992,495737.787215289,5649010.46939679
0.000142229579484125,79.1524359244992,496237.787215289,5649010.46939679
0.000131747781042648,79.1524359244992,496737.787215289,5649010.46939679
0.000121422140884443,79.1524359244992,497237.787215289,5649010.46939679
0.000127874009942556,79.1524359244992,497737.787215289,5649010.46939679
0.000113849691292482,79.1524359244992,498237.787215289,5649010.46939679
0.000103819678596303,79.1524359244992,498737.787215289,5649010.46939679
5.20347416522009e-05,79.1524359244992,499237.787215289,5649010.46939679
5.07050486262241e-05,79.1524359244992,499737.787215289,5649010.46939679
0.000150391595560177,79.1524359244992,500237.787215289,5649010.46939679
0.000221746387738591,79.1524359244992,500737.787215289,5649010.46939679
7.28520859579709e-05,79.1524359244992,501237.787215289,5649010.46939679
0.000106542253691463,79.1524359244992,501737.787215289,5649010.46939679
8.73247568897517e-05,79.1524359244992,502237.787215289,5649010.46939679
4.9409334505248e-05,79.1524359244992,502737.787215289,5649010.46939679
5.33993046485502e-05,79.1524359244992,503237.787215289,5649010.46939679
5.20347416522009e-05,79.1524359244992,503737.787215289,5649010.46939679
5.7711478316831e-05,79.1524359244992,504237.787215289,5649010.46939679
0.000194825391774719,79.1524359244992,504737.787215289,5649010.46939679
0.000233529071253951,79.1524359244992,505237.787215289,5649010.46939679
0.000221746387738591,79.1524359244992,505737.787215289,5649010.46939679
0.00017117272424261,79.1524359244992,506237.787215289,5649010.46939679
0.000454030502457798,79.1524359244992,506737.787215289,5649010.46939679
0.000216079892317467,79.1524359244992,507237.787215289,5649010.46939679
0.000442428231099672,79.1524359244992,507737.787215289,5649010.46939679
0.000503563017049491,79.1524359244992,508237.787215289,5649010.46939679
0.000557367478267824,79.1524359244992,508737.787215289,5649010.46939679
0.000431683692940458,79.1524359244992,509237.787215289,5649010.46939679
6.74086134303287e-05,79.1524359244992,509737.787215289,5649010.46939679
7.28520859579709e-05,79.1524359244992,510237.787215289,5649010.46939679
5.47996520480094e-05,79.1524359244992,510737.787215289,5649010.46939679
7.0990427620669e-05,79.1524359244992,511237.787215289,5649010.46939679
5.47996520480094e-05,79.1524359244992,511737.787215289,5649010.46939679
5.20347416522009e-05,79.1524359244992,512237.787215289,5649010.46939679
4.9409334505248e-05,79.1524359244992,512737.787215289,5649010.46939679
4.9409334505248e-05,79.1524359244992,513237.787215289,5649010.46939679
5.47996520480094e-05,79.1524359244992,513737.787215289,5649010.46939679
5.20347416522009e-05,79.1524359244992,514237.787215289,5649010.46939679
8.60101708119623e-05,79.1524359244992,514737.787215289,5649010.46939679
7.31786121078291e-05,79.1524359244992,515237.787215289,5649010.46939679
0.00010522823737966,79.1524359244992,515737.787215289,5649010.46939679
4.46946459457437e-05,79.1524359244992,516237.787215289,5649010.46939679
4.71898084148714e-05,79.1524359244992,516737.787215289,5649010.46939679
1.92321520502012e-05,79.1524359244992,517237.787215289,5649010.46939679
1.97364974585685e-05,79.1524359244992,517737.787215289,5649010.46939679
3.76985860222576e-05,79.1524359244992,518237.787215289,5649010.46939679
3.73567723534854e-05,79.1524359244992,518737.787215289,5649010.46939679
4.46037302162377e-05,79.1524359244992,519237.787215289,5649010.46939679
7.15778893861448e-05,79.1524359244992,519737.787215289,5649010.46939679
5.85491452995238e-05,79.1524359244992,520237.787215289,5649010.46939679
5.04125936929589e-05,79.1524359244992,520737.787215289,5649010.46939679
4.292826530854e-05,79.1524359244992,521237.787215289,5649010.46939679
4.76115297946942e-05,79.1524359244992,521737.787215289,5649010.46939679
0.000165836530067496,79.1524359244992,522237.787215289,5649010.46939679
6.56253933994506e-05,79.1524359244992,522737.787215289,5649010.46939679
2.2125829246241e-05,79.1524359244992,523237.787215289,5649010.46939679
5.80178613551955e-05,79.1524359244992,523737.787215289,5649010.46939679
9.21896877506599e-05,79.1524359244992,524237.787215289,5649010.46939679
6.74979189054658e-05,79.1524359244992,524737.787215289,5649010.46939679
0.000104762024460082,79.1524359244992,525237.787215289,5649010.46939679
0.000186865962931503,79.1524359244992,525737.787215289,5649010.46939679
0.000304017814010172,79.1524359244992,526237.787215289,5649010.46939679
0.000117778967969193,79.1524359244992,526737.787215289,5649010.46939679
0.000344935299641309,79.1524359244992,527237.787215289,5649010.46939679
0.000533082073368965,79.1524359244992,527737.787215289,5649010.46939679
0.000639024422040294,79.1524359244992,528237.787215289,5649010.46939679
0.000673022895318264,79.1524359244992,528737.787215289,5649010.46939679
0.00073390024480794,79.1524359244992,529237.787215289,5649010.46939679
0.000386476446741464,79.1524359244992,529737.787215289,5649010.46939679
0.000682037787544178,79.1524359244992,530237.787215289,5649010.46939679
0.00286891087870443,79.1524359244992,479737.787215289,5649510.46939679
0.00286891087870443,79.1524359244992,480237.787215289,5649510.46939679
0.00601883518600914,79.1524359244992,480737.787215289,5649510.46939679
0.00677693954965557,79.1524359244992,481237.787215289,5649510.46939679
0.00833625910513481,79.1524359244992,481737.787215289,5649510.46939679
0.00650487639522807,79.1524359244992,482237.787215289,5649510.46939679
0.00685051855270872,79.1524359244992,482737.787215289,5649510.46939679
0.00583540453233058,79.1524359244992,483237.787215289,5649510.46939679
0.00132613063568133,79.1524359244992,483737.787215289,5649510.46939679
0.00107807435440952,79.1524359244992,484237.787215289,5649510.46939679
0.000864304488409694,79.1524359244992,484737.787215289,5649510.46939679
0.000910230044860435,79.1524359244992,485237.787215289,5649510.46939679
0.00189740972880559,79.1524359244992,485737.787215289,5649510.46939679
0.00189740972880559,79.1524359244992,486237.787215289,5649510.46939679
0.00340780972578233,79.1524359244992,486737.787215289,5649510.46939679
0.00210664508193124,79.1524359244992,487237.787215289,5649510.46939679
0.00301150007208377,79.1524359244992,487737.787215289,5649510.46939679
0.00269857644901853,79.1524359244992,488237.787215289,5649510.46939679
0.00246242958498409,79.1524359244992,488737.787215289,5649510.46939679
0.000417685721244527,79.1524359244992,489237.787215289,5649510.46939679
0.000417685721244527,79.1524359244992,489737.787215289,5649510.46939679
0.00106549553859556,79.1524359244992,490237.787215289,5649510.46939679
0.00123639560995119,79.1524359244992,490737.787215289,5649510.46939679
0.00123639560995119,79.1524359244992,491237.787215289,5649510.46939679
0.00084896615888333,79.1524359244992,491737.787215289,5649510.46939679
0.000287001241579697,79.1524359244992,492237.787215289,5649510.46939679
0.000201380336774379,79.1524359244992,492737.787215289,5649510.46939679
0.00061894657846584,79.1524359244992,493237.787215289,5649510.46939679
0.000142687098186469,79.1524359244992,493737.787215289,5649510.46939679
0.000144150762567893,79.1524359244992,494237.787215289,5649510.46939679
0.000131227387640262,79.1524359244992,494737.787215289,5649510.46939679
0.000145543655948084,79.1524359244992,495237.787215289,5649510.46939679
0.000118319325941835,79.1524359244992,495737.787215289,5649510.46939679
0.000118319325941835,79.1524359244992,496237.787215289,5649510.46939679
0.000112349537410422,79.1524359244992,496737.787215289,5649510.46939679
0.000109336225801611,79.1524359244992,497237.787215289,5649510.46939679
0.000103819678596303,79.1524359244992,497737.787215289,5649510.46939679
0.000103819678596303,79.1524359244992,498237.787215289,5649510.46939679
0.000142803604205009,79.1524359244992,498737.787215289,5649510.46939679
0.000194825391774719,79.1524359244992,499237.787215289,5649510.46939679
5.47996520480094e-05,79.1524359244992,499737.787215289,5649510.46939679
6.56860573010377e-05,79.1524359244992,500237.787215289,5649510.46939679
0.000107417484602305,79.1524359244992,500737.787215289,5649510.46939679
5.62367222634692e-05,79.1524359244992,501237.787215289,5649510.46939679
5.20347416522009e-05,79.1524359244992,501737.787215289,5649510.46939679
0.000132133388162235,79.1524359244992,502237.787215289,5649510.46939679
6.74086134303287e-05,79.1524359244992,502737.787215289,5649510.46939679
5.62367222634692e-05,79.1524359244992,503237.787215289,5649510.46939679
0.00017117272424261,79.1524359244992,503737.787215289,5649510.46939679
0.000122260445486848,79.1524359244992,504237.787215289,5649510.46939679
0.000113125204299534,79.1524359244992,504737.787215289,5649510.46939679
0.000162536223333396,79.1524359244992,505237.787215289,5649510.46939679
0.000221746387738591,79.1524359244992,505737.787215289,5649510.46939679
0.000516768491653143,79.1524359244992,506237.787215289,5649510.46939679
0.000538101007356382,79.1524359244992,506737.787215289,5649510.46939679
0.000478155800602843,79.1524359244992,507237.787215289,5649510.46939679
0.000497894361079555,79.1524359244992,507737.787215289,5649510.46939679
0.000604385772008967,79.1524359244992,508237.787215289,5649510.46939679
0.000655782246762631,79.1524359244992,508737.787215289,5649510.46939679
0.000606112271893054,79.1524359244992,509237.787215289,5649510.46939679
0.000350479837744014,79.1524359244992,509737.787215289,5649510.46939679
8.07998934097046e-05,79.1524359244992,510237.787215289,5649510.46939679
7.28520859579709e-05,79.1524359244992,510737.787215289,5649510.46939679
6.74086134303287e-05,79.1524359244992,511237.787215289,5649510.46939679
5.20347416522009e-05,79.1524359244992,511737.787215289,5649510.46939679
5.92249084843551e-05,79.1524359244992,512237.787215289,5649510.46939679
0.000146548496710595,79.1524359244992,512737.787215289,5649510.46939679
8.73247568897517e-05,79.1524359244992,513237.787215289,5649510.46939679
5.47996520480094e-05,79.1524359244992,513737.787215289,5649510.46939679
5.20347416522009e-05,79.1524359244992,514237.787215289,5649510.46939679
7.61083286580228e-05,79.1524359244992,514737.787215289,5649510.46939679
7.79886077032371e-05,79.1524359244992,515237.787215289,5649510.46939679
0.000157296490327118,79.1524359244992,515737.787215289,5649510.46939679
4.67542476476854e-05,79.1524359244992,516237.787215289,5649510.46939679
5.37098519348798e-05,79.1524359244992,516737.787215289,5649510.46939679
2.24636890406466e-05,79.1524359244992,517237.787215289,5649510.46939679
2.83570383683109e-05,79.1524359244992,517737.787215289,5649510.46939679
2.13302860894331e-05,79.1524359244992,518237.787215289,5649510.46939679
4.03734575169885e-05,79.1524359244992,518737.787215289,5649510.46939679
4.82912040968345e-05,79.1524359244992,519237.787215289,5649510.46939679
6.13312854989599e-05,79.1524359244992,519737.787215289,5649510.46939679
5.49300984403841e-05,79.1524359244992,520237.787215289,5649510.46939679
5.14563211536548e-05,79.1524359244992,520737.787215289,5649510.46939679
2.94146541793069e-05,79.1524359244992,521237.787215289,5649510.46939679
2.39125644648449e-05,79.1524359244992,521737.787215289,5649510.46939679
4.292826530854e-05,79.1524359244992,522237.787215289,5649510.46939679
2.65213086832795e-05,79.1524359244992,522737.787215289,5649510.46939679
2.27060586640167e-05,79.1524359244992,523237.787215289,5649510.46939679
7.05035296082447e-05,79.1524359244992,523737.787215289,5649510.46939679
6.87342246621308e-05,79.1524359244992,524237.787215289,5649510.46939679
6.70742997291154e-05,79.1524359244992,524737.787215289,5649510.46939679
7.7549859199446e-05,79.1524359244992,525237.787215289,5649510.46939679
9.31269373347932e-05,79.1524359244992,525737.787215289,5649510.46939679
0.00048517119500667,79.1524359244992,526237.787215289,5649510.46939679
0.000368766965897925,79.1524359244992,526737.787215289,5649510.46939679
0.000334529555811212,79.1524359244992,527237.787215289,5649510.46939679
0.000469230220758767,79.1524359244992,527737.787215289,5649510.46939679
0.000598139522195046,79.1524359244992,528237.787215289,5649510.46939679
0.000781327227319264,79.1524359244992,528737.787215289,5649510.46939679
0.000396611434279384,79.1524359244992,529237.787215289,5649510.46939679
0.000823092977003067,79.1524359244992,529737.787215289,5649510.46939679
0.000417685721244527,79.1524359244992,530237.787215289,5649510.46939679
0.00189740972880559,79.1524359244992,479237.787215289,5650010.46939679
0.00189740972880559,79.1524359244992,479737.787215289,5650010.46939679
0.00509542792366929,79.1524359244992,480237.787215289,5650010.46939679
0.00414231450616305,79.1524359244992,480737.787215289,5650010.46939679
0.00244379391364831,79.1524359244992,481237.787215289,5650010.46939679
0.00286891087870443,79.1524359244992,481737.787215289,5650010.46939679
0.00244379391364831,79.1524359244992,482237.787215289,5650010.46939679
0.000174921518763586,79.1524359244992,482737.787215289,5650010.46939679
0.0040847993838111,79.1524359244992,483237.787215289,5650010.46939679
0.00372322905124532,79.1524359244992,483737.787215289,5650010.46939679
0.00221858346583334,79.1524359244992,484237.787215289,5650010.46939679
0.000914441961163232,79.1524359244992,484737.787215289,5650010.46939679
0.000636451564796523,79.1524359244992,485237.787215289,5650010.46939679
0.00138366620085486,79.1524359244992,485737.787215289,5650010.46939679
0.00342379932487535,79.1524359244992,486237.787215289,5650010.46939679
0.00309047387749508,79.1524359244992,486737.787215289,5650010.46939679
0.00228174197784595,79.1524359244992,487237.787215289,5650010.46939679
0.00211876077995208,79.1524359244992,487737.787215289,5650010.46939679
0.00222007189927263,79.1524359244992,488237.787215289,5650010.46939679
0.00197184994785766,79.1524359244992,488737.787215289,5650010.46939679
0.000813654085075951,79.1524359244992,489237.787215289,5650010.46939679
0.00106234884728919,79.1524359244992,489737.787215289,5650010.46939679
0.00109979659363172,79.1524359244992,490237.787215289,5650010.46939679
0.000954339722692993,79.1524359244992,490737.787215289,5650010.46939679
0.000851248067368964,79.1524359244992,491237.787215289,5650010.46939679
0.000888176784157613,79.1524359244992,491737.787215289,5650010.46939679
0.000598146759327673,79.1524359244992,492237.787215289,5650010.46939679
0.00013859505236008,79.1524359244992,492737.787215289,5650010.46939679
0.000134668704568064,79.1524359244992,493237.787215289,5650010.46939679
9.6062322566804e-05,79.1524359244992,493737.787215289,5650010.46939679
0.000110031340705637,79.1524359244992,494237.787215289,5650010.46939679
0.000100583947741144,79.1524359244992,494737.787215289,5650010.46939679
0.000417685721244527,79.1524359244992,495237.787215289,5650010.46939679
5.33993046485502e-05,79.1524359244992,495737.787215289,5650010.46939679
5.20347416522009e-05,79.1524359244992,496237.787215289,5650010.46939679
0.000125466612646159,79.1524359244992,496737.787215289,5650010.46939679
0.000116091808203775,79.1524359244992,497237.787215289,5650010.46939679
0.000116091808203775,79.1524359244992,497737.787215289,5650010.46939679
0.000194825391774719,79.1524359244992,498237.787215289,5650010.46939679
5.47996520480094e-05,79.1524359244992,498737.787215289,5650010.46939679
0.000122260445486848,79.1524359244992,499237.787215289,5650010.46939679
0.000106542253691463,79.1524359244992,499737.787215289,5650010.46939679
0.00020517760519947,79.1524359244992,500237.787215289,5650010.46939679
0.000127707755786989,79.1524359244992,500737.787215289,5650010.46939679
5.15834890489556e-05,79.1524359244992,501237.787215289,5650010.46939679
0.000198305453770708,79.1524359244992,501737.787215289,5650010.46939679
0.00011989919178041,79.1524359244992,502237.787215289,5650010.46939679
0.000115295800167561,79.1524359244992,502737.787215289,5650010.46939679
0.000112349537410422,79.1524359244992,503237.787215289,5650010.46939679
0.000544935919542729,79.1524359244992,503737.787215289,5650010.46939679
0.000324292154259525,79.1524359244992,504237.787215289,5650010.46939679
0.000350479837744014,79.1524359244992,504737.787215289,5650010.46939679
0.000162536223333396,79.1524359244992,505237.787215289,5650010.46939679
0.000478155800602843,79.1524359244992,505737.787215289,5650010.46939679
0.000680798750153813,79.1524359244992,506237.787215289,5650010.46939679
0.000219014038733192,79.1524359244992,506737.787215289,5650010.46939679
0.000657165044156448,79.1524359244992,507237.787215289,5650010.46939679
0.000632997679806298,79.1524359244992,507737.787215289,5650010.46939679
0.000711541057389255,79.1524359244992,508237.787215289,5650010.46939679
0.000774168212220121,79.1524359244992,508737.787215289,5650010.46939679
0.000809861885899407,79.1524359244992,509237.787215289,5650010.46939679
0.000567967330603648,79.1524359244992,509737.787215289,5650010.46939679
0.000517441237867138,79.1524359244992,510237.787215289,5650010.46939679
0.000333229661530441,79.1524359244992,510737.787215289,5650010.46939679
0.000174457109983706,79.1524359244992,511237.787215289,5650010.46939679
0.000308330902845851,79.1524359244992,511737.787215289,5650010.46939679
0.000316416595736701,79.1524359244992,512237.787215289,5650010.46939679
0.000517441237867138,79.1524359244992,512737.787215289,5650010.46939679
0.000214598294835179,79.1524359244992,513237.787215289,5650010.46939679
0.000214598294835179,79.1524359244992,513737.787215289,5650010.46939679
0.000105947380197233,79.1524359244992,514237.787215289,5650010.46939679
5.62367222634692e-05,79.1524359244992,514737.787215289,5650010.46939679
5.33993046485502e-05,79.1524359244992,515237.787215289,5650010.46939679
6.0778026958933e-05,79.1524359244992,515737.787215289,5650010.46939679
5.62367222634692e-05,79.1524359244992,516237.787215289,5650010.46939679
6.51598401447886e-05,79.1524359244992,516737.787215289,5650010.46939679
3.36822076832294e-05,79.1524359244992,517237.787215289,5650010.46939679
2.13302860894331e-05,79.1524359244992,517737.787215289,5650010.46939679
3.03690881985512e-05,79.1524359244992,518237.787215289,5650010.46939679
3.90359569187907e-05,79.1524359244992,518737.787215289,5650010.46939679
5.74680041214677e-05,79.1524359244992,519237.787215289,5650010.46939679
8.14740065478288e-05,79.1524359244992,519737.787215289,5650010.46939679
7.01892888116523e-05,79.1524359244992,520237.787215289,5650010.46939679
5.73786119258685e-05,79.1524359244992,520737.787215289,5650010.46939679
2.86629936678515e-05,79.1524359244992,521237.787215289,5650010.46939679
6.07218958346489e-05,79.1524359244992,521737.787215289,5650010.46939679
3.09776269268815e-05,79.1524359244992,522237.787215289,5650010.46939679
2.45396493619823e-05,79.1524359244992,522737.787215289,5650010.46939679
5.88833129800077e-05,79.1524359244992,523237.787215289,5650010.46939679
7.00645782373088e-05,79.1524359244992,523737.787215289,5650010.46939679
6.57730806688038e-05,79.1524359244992,524237.787215289,5650010.46939679
8.03998893596483e-05,79.1524359244992,524737.787215289,5650010.46939679
0.000126853761619779,79.1524359244992,525237.787215289,5650010.46939679
0.00013131157217274,79.1524359244992,525737.787215289,5650010.46939679
0.000152350338597508,79.1524359244992,526237.787215289,5650010.46939679
0.000568394135054236,79.1524359244992,526737.787215289,5650010.46939679
3.75992471453556e-05,79.1524359244992,527237.787215289,5650010.46939679
0.00069208406949715,79.1524359244992,527737.787215289,5650010.46939679
0.000745214323337831,79.1524359244992,528237.787215289,5650010.46939679
0.000715953505935052,79.1524359244992,528737.787215289,5650010.46939679
0.000417685721244527,79.1524359244992,529237.787215289,5650010.46939679
0.000772265452222605,79.1524359244992,529737.787215289,5650010.46939679
0.00108671204110912,79.1524359244992,530237.787215289,5650010.46939679
0.00358888660324107,79.1524359244992,479237.787215289,5650510.46939679
0.00377958515508559,79.1524359244992,479737.787215289,5650510.46939679
0.00398067312678894,79.1524359244992,480237.787215289,5650510.46939679
0.00453072301609544,79.1524359244992,480737.787215289,5650510.46939679
0.00383280277539172,79.1524359244992,481237.787215289,5650510.46939679
0.00244379391364831,79.1524359244992,481737.787215289,5650510.46939679
0.00213390103090649,79.1524359244992,482237.787215289,5650510.46939679
0.00441494516065028,79.1524359244992,482737.787215289,5650510.46939679
0.00171066252859167,79.1524359244992,483237.787215289,5650510.46939679
0.00342379932487535,79.1524359244992,483737.787215289,5650510.46939679
0.0029312651669204,79.1524359244992,484237.787215289,5650510.46939679
0.000589555007918772,79.1524359244992,484737.787215289,5650510.46939679
0.0013153232769435,79.1524359244992,485237.787215289,5650510.46939679
0.000744224777574698,79.1524359244992,485737.787215289,5650510.46939679
0.0022652632923641,79.1524359244992,486237.787215289,5650510.46939679
0.00150796529379762,79.1524359244992,486737.787215289,5650510.46939679
0.00181396427827637,79.1524359244992,487237.787215289,5650510.46939679
0.0022167613839965,79.1524359244992,487737.787215289,5650510.46939679
0.00187236047637289,79.1524359244992,488237.787215289,5650510.46939679
0.00178946281584581,79.1524359244992,488737.787215289,5650510.46939679
0.00156546236854772,79.1524359244992,489237.787215289,5650510.46939679
0.00123639560995119,79.1524359244992,489737.787215289,5650510.46939679
0.000979939411773974,79.1524359244992,490237.787215289,5650510.46939679
0.000415932212139724,79.1524359244992,490737.787215289,5650510.46939679
0.000190041219775892,79.1524359244992,491237.787215289,5650510.46939679
0.000711541057389255,79.1524359244992,491737.787215289,5650510.46939679
0.000219493900371308,79.1524359244992,492237.787215289,5650510.46939679
0.000112349537410422,79.1524359244992,492737.787215289,5650510.46939679
0.000131056773623159,79.1524359244992,493237.787215289,5650510.46939679
7.67231437056557e-05,79.1524359244992,493737.787215289,5650510.46939679
4.91940994570862e-05,79.1524359244992,494237.787215289,5650510.46939679
0.000151035390602602,79.1524359244992,494737.787215289,5650510.46939679
6.68240364472256e-05,79.1524359244992,495237.787215289,5650510.46939679
7.0990427620669e-05,79.1524359244992,495737.787215289,5650510.46939679
8.29187959189705e-05,79.1524359244992,496237.787215289,5650510.46939679
7.28520859579709e-05,79.1524359244992,496737.787215289,5650510.46939679
0.000128756858575284,79.1524359244992,497237.787215289,5650510.46939679
0.00022570732511789,79.1524359244992,497737.787215289,5650510.46939679
0.000398909183690025,79.1524359244992,498237.787215289,5650510.46939679
0.000503563017049491,79.1524359244992,498737.787215289,5650510.46939679
0.000145354428773394,79.1524359244992,499237.787215289,5650510.46939679
0.000110940382324772,79.1524359244992,499737.787215289,5650510.46939679
6.91763420016945e-05,79.1524359244992,500237.787215289,5650510.46939679
5.7711478316831e-05,79.1524359244992,500737.787215289,5650510.46939679
0.000417685721244527,79.1524359244992,501237.787215289,5650510.46939679
5.47996520480094e-05,79.1524359244992,501737.787215289,5650510.46939679
0.000136466876457386,79.1524359244992,502237.787215289,5650510.46939679
0.000142229579484125,79.1524359244992,502737.787215289,5650510.46939679
0.000257964833635229,79.1524359244992,503237.787215289,5650510.46939679
0.000519493195245475,79.1524359244992,503737.787215289,5650510.46939679
0.000285292567333635,79.1524359244992,504237.787215289,5650510.46939679
0.00018854510908533,79.1524359244992,504737.787215289,5650510.46939679
0.000442428231099672,79.1524359244992,505237.787215289,5650510.46939679
0.000460691935911274,79.1524359244992,505737.787215289,5650510.46939679
0.000614299406016972,79.1524359244992,506237.787215289,5650510.46939679
0.000508219560350594,79.1524359244992,506737.787215289,5650510.46939679
0.00020013922213944,79.1524359244992,507237.787215289,5650510.46939679
0.000142949821979102,79.1524359244992,507737.787215289,5650510.46939679
0.00065710405560056,79.1524359244992,508237.787215289,5650510.46939679
0.000954339722692993,79.1524359244992,508737.787215289,5650510.46939679
0.000865480361763077,79.1524359244992,509237.787215289,5650510.46939679
0.000616822090698471,79.1524359244992,509737.787215289,5650510.46939679
0.000546492593848277,79.1524359244992,510237.787215289,5650510.46939679
0.000655057878883277,79.1524359244992,510737.787215289,5650510.46939679
0.000575530944111702,79.1524359244992,511237.787215289,5650510.46939679
0.000672236166189203,79.1524359244992,511737.787215289,5650510.46939679
0.000622007005903393,79.1524359244992,512237.787215289,5650510.46939679
0.000575530944111702,79.1524359244992,512737.787215289,5650510.46939679
0.00027879636262733,79.1524359244992,513237.787215289,5650510.46939679
0.000390333379776409,79.1524359244992,513737.787215289,5650510.46939679
0.000112349537410422,79.1524359244992,514237.787215289,5650510.46939679
0.000113646371563108,79.1524359244992,514737.787215289,5650510.46939679
5.20347416522009e-05,79.1524359244992,515237.787215289,5650510.46939679
4.81467309941378e-05,79.1524359244992,515737.787215289,5650510.46939679
7.22203024149658e-05,79.1524359244992,516237.787215289,5650510.46939679
5.57898982806123e-05,79.1524359244992,516737.787215289,5650510.46939679
3.19827756120996e-05,79.1524359244992,517237.787215289,5650510.46939679
4.07428737905444e-05,79.1524359244992,517737.787215289,5650510.46939679
4.8393979611012e-05,79.1524359244992,518237.787215289,5650510.46939679
5.3014445362803e-05,79.1524359244992,518737.787215289,5650510.46939679
5.67335833694505e-05,79.1524359244992,519237.787215289,5650510.46939679
6.51647244836878e-05,79.1524359244992,519737.787215289,5650510.46939679
0.000256083029191474,79.1524359244992,520237.787215289,5650510.46939679
0.000159743108438292,79.1524359244992,520737.787215289,5650510.46939679
0.000160729463458221,79.1524359244992,521237.787215289,5650510.46939679
3.01860262928032e-05,79.1524359244992,521737.787215289,5650510.46939679
7.58702858337194e-05,79.1524359244992,522237.787215289,5650510.46939679
5.70699549614741e-05,79.1524359244992,522737.787215289,5650510.46939679
5.52703184466184e-05,79.1524359244992,523237.787215289,5650510.46939679
7.82319280561973e-05,79.1524359244992,523737.787215289,5650510.46939679
7.10788571162106e-05,79.1524359244992,524237.787215289,5650510.46939679
9.93054006165708e-05,79.1524359244992,524737.787215289,5650510.46939679
0.0001145009336105,79.1524359244992,525237.787215289,5650510.46939679
0.000529837628124495,79.1524359244992,525737.787215289,5650510.46939679
0.000455914385716,79.1524359244992,526237.787215289,5650510.46939679
0.000572699190327898,79.1524359244992,526737.787215289,5650510.46939679
0.000745214323337831,79.1524359244992,527237.787215289,5650510.46939679
0.000623637971889064,79.1524359244992,527737.787215289,5650510.46939679
0.00063537029223072,79.1524359244992,528237.787215289,5650510.46939679
0.000860970416525646,79.1524359244992,528737.787215289,5650510.46939679
0.000917523035039163,79.1524359244992,529237.787215289,5650510.46939679
0.000417685721244527,79.1524359244992,529737.787215289,5650510.46939679
0.00137622404765112,79.1524359244992,530237.787215289,5650510.46939679
0.00316797469995149,79.1524359244992,479237.787215289,5651010.46939679
0.00342379932487535,79.1524359244992,479737.787215289,5651010.46939679
0.00310616384795652,79.1524359244992,480237.787215289,5651010.46939679
0.00310616384795652,79.1524359244992,480737.787215289,5651010.46939679
0.00315338302015958,79.1524359244992,481237.787215289,5651010.46939679
0.00453072301609544,79.1524359244992,481737.787215289,5651010.46939679
0.00189740972880559,79.1524359244992,482237.787215289,5651010.46939679
0.00155924142776061,79.1524359244992,482737.787215289,5651010.46939679
0.000174921518763586,79.1524359244992,483237.787215289,5651010.46939679
0.00295589173787828,79.1524359244992,483737.787215289,5651010.46939679
0.00276934412169698,79.1524359244992,484237.787215289,5651010.46939679
0.00116818424633089,79.1524359244992,484737.787215289,5651010.46939679
0.00126251905798962,79.1524359244992,485237.787215289,5651010.46939679
0.000565887068432568,79.1524359244992,485737.787215289,5651010.46939679
0.000611584354788184,79.1524359244992,486237.787215289,5651010.46939679
0.000506889852477707,79.1524359244992,486737.787215289,5651010.46939679
0.000469715716796466,79.1524359244992,487237.787215289,5651010.46939679
0.00202355988986496,79.1524359244992,487737.787215289,5651010.46939679
0.00153865661071527,79.1524359244992,488237.787215289,5651010.46939679
0.000630328353839412,79.1524359244992,488737.787215289,5651010.46939679
0.000739394751042372,79.1524359244992,489237.787215289,5651010.46939679
0.000343094226107776,79.1524359244992,489737.787215289,5651010.46939679
0.000358940486872018,79.1524359244992,490237.787215289,5651010.46939679
0.000438764524980581,79.1524359244992,490737.787215289,5651010.46939679
0.00013859505236008,79.1524359244992,491237.787215289,5651010.46939679
0.000135053401749227,79.1524359244992,491737.787215289,5651010.46939679
0.000106542253691463,79.1524359244992,492237.787215289,5651010.46939679
5.20347416522009e-05,79.1524359244992,492737.787215289,5651010.46939679
0.000116091808203775,79.1524359244992,493237.787215289,5651010.46939679
7.67231437056557e-05,79.1524359244992,493737.787215289,5651010.46939679
0.00015433547612434,79.1524359244992,494237.787215289,5651010.46939679
0.0003079300294087,79.1524359244992,494737.787215289,5651010.46939679
0.000531010655982021,79.1524359244992,495237.787215289,5651010.46939679
0.000389221522178089,79.1524359244992,495737.787215289,5651010.46939679
0.000220225936731991,79.1524359244992,496237.787215289,5651010.46939679
0.000308330902845851,79.1524359244992,496737.787215289,5651010.46939679
0.000333229661530441,79.1524359244992,497237.787215289,5651010.46939679
0.000672236166189203,79.1524359244992,497737.787215289,5651010.46939679
0.000361167858961254,79.1524359244992,498237.787215289,5651010.46939679
0.000432916848782871,79.1524359244992,498737.787215289,5651010.46939679
0.000225249924997566,79.1524359244992,499237.787215289,5651010.46939679
0.000127707755786989,79.1524359244992,499737.787215289,5651010.46939679
0.000350479837744014,79.1524359244992,500237.787215289,5651010.46939679
0.00020517760519947,79.1524359244992,500737.787215289,5651010.46939679
6.82174827865283e-05,79.1524359244992,501237.787215289,5651010.46939679
8.61143409378091e-05,79.1524359244992,501737.787215289,5651010.46939679
4.89808498022944e-05,79.1524359244992,502237.787215289,5651010.46939679
0.000121018530740069,79.1524359244992,502737.787215289,5651010.46939679
0.000151810336332123,79.1524359244992,503237.787215289,5651010.46939679
0.000635177880301385,79.1524359244992,503737.787215289,5651010.46939679
0.000154209561852479,79.1524359244992,504237.787215289,5651010.46939679
0.000132025587416892,79.1524359244992,504737.787215289,5651010.46939679
0.00031732047739832,79.1524359244992,505237.787215289,5651010.46939679
0.000159755418984126,79.1524359244992,505737.787215289,5651010.46939679
0.000482577398525634,79.1524359244992,506237.787215289,5651010.46939679
0.00049962944234621,79.1524359244992,506737.787215289,5651010.46939679
0.000178514532098138,79.1524359244992,507237.787215289,5651010.46939679
0.000297891468118466,79.1524359244992,507737.787215289,5651010.46939679
0.000890850448177615,79.1524359244992,508237.787215289,5651010.46939679
0.00101087401231691,79.1524359244992,508737.787215289,5651010.46939679
0.000954898092064442,79.1524359244992,509237.787215289,5651010.46939679
0.000437807338254499,79.1524359244992,509737.787215289,5651010.46939679
0.000693358374980056,79.1524359244992,510237.787215289,5651010.46939679
0.000831099765180877,79.1524359244992,510737.787215289,5651010.46939679
0.000470245641300769,79.1524359244992,511237.787215289,5651010.46939679
0.000711541057389255,79.1524359244992,511737.787215289,5651010.46939679
0.000641550973498209,79.1524359244992,512237.787215289,5651010.46939679
0.000658375054696861,79.1524359244992,512737.787215289,5651010.46939679
0.000745214323337831,79.1524359244992,513237.787215289,5651010.46939679
0.000380211616242565,79.1524359244992,513737.787215289,5651010.46939679
0.000166301098288088,79.1524359244992,514237.787215289,5651010.46939679
0.000265623045990291,79.1524359244992,514737.787215289,5651010.46939679
8.0854410188966e-05,79.1524359244992,515237.787215289,5651010.46939679
5.8192964914303e-05,79.1524359244992,515737.787215289,5651010.46939679
4.92008855395837e-05,79.1524359244992,516237.787215289,5651010.46939679
4.48653600005276e-05,79.1524359244992,516737.787215289,5651010.46939679
1.87406946576267e-05,79.1524359244992,517237.787215289,5651010.46939679
3.48817659594593e-05,79.1524359244992,517737.787215289,5651010.46939679
5.95220425348874e-05,79.1524359244992,518237.787215289,5651010.46939679
5.20983987135219e-05,79.1524359244992,518737.787215289,5651010.46939679
6.10747412501936e-05,79.1524359244992,519237.787215289,5651010.46939679
6.30137525680157e-05,79.1524359244992,519737.787215289,5651010.46939679
7.23864763363374e-05,79.1524359244992,520237.787215289,5651010.46939679
6.66478959914986e-05,79.1524359244992,520737.787215289,5651010.46939679
5.58510146517099e-05,79.1524359244992,521237.787215289,5651010.46939679
0.000149126646148933,79.1524359244992,521737.787215289,5651010.46939679
7.51594696921372e-05,79.1524359244992,522237.787215289,5651010.46939679
5.58510146517099e-05,79.1524359244992,522737.787215289,5651010.46939679
0.000182907793102572,79.1524359244992,523237.787215289,5651010.46939679
8.30220840317455e-05,79.1524359244992,523737.787215289,5651010.46939679
8.96913761518659e-05,79.1524359244992,524237.787215289,5651010.46939679
9.12069619818519e-05,79.1524359244992,524737.787215289,5651010.46939679
0.0003232313756445,79.1524359244992,525237.787215289,5651010.46939679
0.000393607555644843,79.1524359244992,525737.787215289,5651010.46939679
0.000608061990799042,79.1524359244992,526237.787215289,5651010.46939679
0.000749349398588867,79.1524359244992,526737.787215289,5651010.46939679
0.000850822448601872,79.1524359244992,527237.787215289,5651010.46939679
0.000889560506596186,79.1524359244992,527737.787215289,5651010.46939679
0.000935781209204087,79.1524359244992,528237.787215289,5651010.46939679
0.00109979659363172,79.1524359244992,528737.787215289,5651010.46939679
0.000407012202496204,79.1524359244992,529237.787215289,5651010.46939679
0.000168800084416973,79.1524359244992,529737.787215289,5651010.46939679
0.000417685721244527,79.1524359244992,530237.787215289,5651010.46939679
0.00285955516832804,79.1524359244992,479237.787215289,5651510.46939679
0.00193939152174231,79.1524359244992,479737.787215289,5651510.46939679
0.00204016042740082,79.1524359244992,480237.787215289,5651510.46939679
0.00209366174858456,79.1524359244992,480737.787215289,5651510.46939679
0.00284302019167991,79.1524359244992,481237.787215289,5651510.46939679
0.00453072301609544,79.1524359244992,481737.787215289,5651510.46939679
0.003980416637194,79.1524359244992,482237.787215289,5651510.46939679
0.00372322905124532,79.1524359244992,482737.787215289,5651510.46939679
0.00295589173787828,79.1524359244992,483237.787215289,5651510.46939679
0.00151332893709078,79.1524359244992,483737.787215289,5651510.46939679
0.00135766693252769,79.1524359244992,484237.787215289,5651510.46939679
0.000968207796117554,79.1524359244992,484737.787215289,5651510.46939679
0.000445351173936676,79.1524359244992,485237.787215289,5651510.46939679
0.000592061460110978,79.1524359244992,485737.787215289,5651510.46939679
0.00119098466157304,79.1524359244992,486237.787215289,5651510.46939679
0.000748504949276167,79.1524359244992,486737.787215289,5651510.46939679
0.000399670912204213,79.1524359244992,487237.787215289,5651510.46939679
0.000341367313358889,79.1524359244992,487737.787215289,5651510.46939679
0.000710476075408012,79.1524359244992,488237.787215289,5651510.46939679
0.00109020796372171,79.1524359244992,488737.787215289,5651510.46939679
0.00100551344448077,79.1524359244992,489237.787215289,5651510.46939679
0.000513031753992292,79.1524359244992,489737.787215289,5651510.46939679
0.000423990359834932,79.1524359244992,490237.787215289,5651510.46939679
0.000135202744806349,79.1524359244992,490737.787215289,5651510.46939679
0.000118319325941835,79.1524359244992,491237.787215289,5651510.46939679
0.000131227387640262,79.1524359244992,491737.787215289,5651510.46939679
6.02509513549326e-05,79.1524359244992,492237.787215289,5651510.46939679
5.92249084843551e-05,79.1524359244992,492737.787215289,5651510.46939679
6.74086134303287e-05,79.1524359244992,493237.787215289,5651510.46939679
0.000166798585533819,79.1524359244992,493737.787215289,5651510.46939679
0.000149166214295178,79.1524359244992,494237.787215289,5651510.46939679
0.000531010655982021,79.1524359244992,494737.787215289,5651510.46939679
0.000138748311800815,79.1524359244992,495237.787215289,5651510.46939679
0.000622007005903393,79.1524359244992,495737.787215289,5651510.46939679
0.000455920254924886,79.1524359244992,496237.787215289,5651510.46939679
0.000179543512877258,79.1524359244992,496737.787215289,5651510.46939679
0.000161882879807847,79.1524359244992,497237.787215289,5651510.46939679
0.000245737189846482,79.1524359244992,497737.787215289,5651510.46939679
0.000640371883502914,79.1524359244992,498237.787215289,5651510.46939679
0.000747972188647093,79.1524359244992,498737.787215289,5651510.46939679
0.000566693463511524,79.1524359244992,499237.787215289,5651510.46939679
0.00017117272424261,79.1524359244992,499737.787215289,5651510.46939679
0.000183488166448212,79.1524359244992,500237.787215289,5651510.46939679
6.91763420016945e-05,79.1524359244992,500737.787215289,5651510.46939679
4.39724124387591e-05,79.1524359244992,501237.787215289,5651510.46939679
0.000417685721244527,79.1524359244992,501737.787215289,5651510.46939679
5.02653273080479e-05,79.1524359244992,502237.787215289,5651510.46939679
0.000124606324280527,79.1524359244992,502737.787215289,5651510.46939679
0.000121903650744207,79.1524359244992,503237.787215289,5651510.46939679
0.000163796035994669,79.1524359244992,503737.787215289,5651510.46939679
0.000166969371964837,79.1524359244992,504237.787215289,5651510.46939679
0.000205387688221485,79.1524359244992,504737.787215289,5651510.46939679
0.000162403618499264,79.1524359244992,505237.787215289,5651510.46939679
0.000173497076730571,79.1524359244992,505737.787215289,5651510.46939679
0.000703589945935054,79.1524359244992,506237.787215289,5651510.46939679
0.000817530249185719,79.1524359244992,506737.787215289,5651510.46939679
0.000198498511010909,79.1524359244992,507237.787215289,5651510.46939679
0.000277911067251053,79.1524359244992,507737.787215289,5651510.46939679
0.00111521005977704,79.1524359244992,508237.787215289,5651510.46939679
0.00126881894183712,79.1524359244992,508737.787215289,5651510.46939679
0.00104053812580861,79.1524359244992,509237.787215289,5651510.46939679
0.000991552216285335,79.1524359244992,509737.787215289,5651510.46939679
0.000592468617491934,79.1524359244992,510237.787215289,5651510.46939679
0.000728790904933598,79.1524359244992,510737.787215289,5651510.46939679
0.000896479859747446,79.1524359244992,511237.787215289,5651510.46939679
0.000150254953108835,79.1524359244992,511737.787215289,5651510.46939679
0.00041235813174617,79.1524359244992,512237.787215289,5651510.46939679
0.000903783924403121,79.1524359244992,512737.787215289,5651510.46939679
0.000668928598930322,79.1524359244992,513237.787215289,5651510.46939679
0.000421854114609959,79.1524359244992,513737.787215289,5651510.46939679
0.000119308268747747,79.1524359244992,514237.787215289,5651510.46939679
8.10081141879072e-05,79.1524359244992,514737.787215289,5651510.46939679
6.96975379940829e-05,79.1524359244992,515237.787215289,5651510.46939679
5.39192591104228e-05,79.1524359244992,515737.787215289,5651510.46939679
6.83826253566053e-05,79.1524359244992,516237.787215289,5651510.46939679
8.74315862354477e-05,79.1524359244992,516737.787215289,5651510.46939679
1.64654911227088e-05,79.1524359244992,517237.787215289,5651510.46939679
1.7795134977099e-05,79.1524359244992,517737.787215289,5651510.46939679
3.45614252882947e-05,79.1524359244992,518237.787215289,5651510.46939679
0.00010009660090153,79.1524359244992,518737.787215289,5651510.46939679
8.58031974026224e-05,79.1524359244992,519237.787215289,5651510.46939679
9.92510535450602e-05,79.1524359244992,519737.787215289,5651510.46939679
7.81658445141504e-05,79.1524359244992,520237.787215289,5651510.46939679
8.3121533618792e-05,79.1524359244992,520737.787215289,5651510.46939679
7.04542623714053e-05,79.1524359244992,521237.787215289,5651510.46939679
0.000127873761225015,79.1524359244992,521737.787215289,5651510.46939679
6.83956754512758e-05,79.1524359244992,522237.787215289,5651510.46939679
0.000115215008396121,79.1524359244992,522737.787215289,5651510.46939679
6.75734285013095e-05,79.1524359244992,523237.787215289,5651510.46939679
0.000344623621730707,79.1524359244992,523737.787215289,5651510.46939679
0.000151912184914566,79.1524359244992,524237.787215289,5651510.46939679
0.000101259703002243,79.1524359244992,524737.787215289,5651510.46939679
0.000529837628124495,79.1524359244992,525237.787215289,5651510.46939679
0.000561444020113555,79.1524359244992,525737.787215289,5651510.46939679
0.000651990277907972,79.1524359244992,526237.787215289,5651510.46939679
0.000386476446741464,79.1524359244992,526737.787215289,5651510.46939679
0.000935781209204087,79.1524359244992,527237.787215289,5651510.46939679
0.000386476446741464,79.1524359244992,527737.787215289,5651510.46939679
0.00103738324878816,79.1524359244992,528237.787215289,5651510.46939679
0.000699566611448167,79.1524359244992,528737.787215289,5651510.46939679
0.00137622404765112,79.1524359244992,529237.787215289,5651510.46939679
0.00142918626736309,79.1524359244992,529737.787215289,5651510.46939679
0.00142368893505069,79.1524359244992,530237.787215289,5651510.46939679
0.00260627067927377,79.1524359244992,478737.787215289,5652010.46939679
0.00247477157980683,79.1524359244992,479237.787215289,5652010.46939679
0.00181396427827637,79.1524359244992,479737.787215289,5652010.46939679
0.000759044029549119,79.1524359244992,480237.787215289,5652010.46939679
0.00185493603986575,79.1524359244992,480737.787215289,5652010.46939679
0.00143384403006279,79.1524359244992,481237.787215289,5652010.46939679
0.00155924142776061,79.1524359244992,481737.787215289,5652010.46939679
0.00143384403006279,79.1524359244992,482237.787215289,5652010.46939679
0.00317151869794602,79.1524359244992,482737.787215289,5652010.46939679
0.00181396427827637,79.1524359244992,483237.787215289,5652010.46939679
0.00175868171229296,79.1524359244992,483737.787215289,5652010.46939679
0.00168818745437407,79.1524359244992,484237.787215289,5652010.46939679
0.00153566645059627,79.1524359244992,484737.787215289,5652010.46939679
0.000643834797606565,79.1524359244992,485237.787215289,5652010.46939679
0.000393706569880705,79.1524359244992,485737.787215289,5652010.46939679
0.000510028744861589,79.1524359244992,486237.787215289,5652010.46939679
0.000742143534083906,79.1524359244992,486737.787215289,5652010.46939679
0.00050117092819694,79.1524359244992,487237.787215289,5652010.46939679
0.000287125978709006,79.1524359244992,487737.787215289,5652010.46939679
0.000248394004116585,79.1524359244992,488237.787215289,5652010.46939679
0.000257145687100076,79.1524359244992,488737.787215289,5652010.46939679
0.000212769550522983,79.1524359244992,489237.787215289,5652010.46939679
0.000618171002754489,79.1524359244992,489737.787215289,5652010.46939679
0.000155791422061476,79.1524359244992,490237.787215289,5652010.46939679
0.000129581455267668,79.1524359244992,490737.787215289,5652010.46939679
5.20347416522009e-05,79.1524359244992,491237.787215289,5652010.46939679
7.22203024149658e-05,79.1524359244992,491737.787215289,5652010.46939679
8.61143409378091e-05,79.1524359244992,492237.787215289,5652010.46939679
0.000174230291261777,79.1524359244992,492737.787215289,5652010.46939679
0.000300061201783297,79.1524359244992,493237.787215289,5652010.46939679
0.000145543655948084,79.1524359244992,493737.787215289,5652010.46939679
0.000622694825881343,79.1524359244992,494237.787215289,5652010.46939679
0.00055387440802866,79.1524359244992,494737.787215289,5652010.46939679
0.000543803715889092,79.1524359244992,495237.787215289,5652010.46939679
0.000259271152869719,79.1524359244992,495737.787215289,5652010.46939679
0.00020013922213944,79.1524359244992,496237.787215289,5652010.46939679
0.000287556371799296,79.1524359244992,496737.787215289,5652010.46939679
0.000749349398588867,79.1524359244992,497237.787215289,5652010.46939679
0.000794060543430838,79.1524359244992,497737.787215289,5652010.46939679
0.00071016742083594,79.1524359244992,498237.787215289,5652010.46939679
0.000809861885899407,79.1524359244992,498737.787215289,5652010.46939679
0.000566693463511524,79.1524359244992,499237.787215289,5652010.46939679
5.33993046485502e-05,79.1524359244992,499737.787215289,5652010.46939679
8.07998934097046e-05,79.1524359244992,500237.787215289,5652010.46939679
0.000110234408833983,79.1524359244992,500737.787215289,5652010.46939679
0.000150391595560177,79.1524359244992,501237.787215289,5652010.46939679
5.84580713753674e-05,79.1524359244992,501737.787215289,5652010.46939679
6.0778026958933e-05,79.1524359244992,502237.787215289,5652010.46939679
5.33993046485502e-05,79.1524359244992,502737.787215289,5652010.46939679
0.000110940382324772,79.1524359244992,503237.787215289,5652010.46939679
0.000158544950730871,79.1524359244992,503737.787215289,5652010.46939679
0.000196756393791988,79.1524359244992,504237.787215289,5652010.46939679
0.000179609972800052,79.1524359244992,504737.787215289,5652010.46939679
0.000381546932146406,79.1524359244992,505237.787215289,5652010.46939679
0.000166647036057115,79.1524359244992,505737.787215289,5652010.46939679
0.000614949765747895,79.1524359244992,506237.787215289,5652010.46939679
0.000177998200392023,79.1524359244992,506737.787215289,5652010.46939679
0.000298812935289093,79.1524359244992,507237.787215289,5652010.46939679
0.000263313352561015,79.1524359244992,507737.787215289,5652010.46939679
0.000657389647652713,79.1524359244992,508237.787215289,5652010.46939679
0.00150512729911821,79.1524359244992,508737.787215289,5652010.46939679
0.000314690615564804,79.1524359244992,509237.787215289,5652010.46939679
0.000230177359284772,79.1524359244992,509737.787215289,5652010.46939679
0.000285199028075024,79.1524359244992,510237.787215289,5652010.46939679
0.000231851787295628,79.1524359244992,510737.787215289,5652010.46939679
0.000214527934202984,79.1524359244992,511237.787215289,5652010.46939679
0.000215304856034403,79.1524359244992,511737.787215289,5652010.46939679
0.000442217695479617,79.1524359244992,512237.787215289,5652010.46939679
0.000753146100274471,79.1524359244992,512737.787215289,5652010.46939679
0.000525522728627127,79.1524359244992,513237.787215289,5652010.46939679
0.000319012101393889,79.1524359244992,513737.787215289,5652010.46939679
0.000103209684430042,79.1524359244992,514237.787215289,5652010.46939679
7.61083286580228e-05,79.1524359244992,514737.787215289,5652010.46939679
6.93511448312003e-05,79.1524359244992,515237.787215289,5652010.46939679
6.31081586995282e-05,79.1524359244992,515737.787215289,5652010.46939679
4.73046356886889e-05,79.1524359244992,516237.787215289,5652010.46939679
4.25475113660884e-05,79.1524359244992,516737.787215289,5652010.46939679
2.13302860894331e-05,79.1524359244992,517237.787215289,5652010.46939679
3.2275417325523e-05,79.1524359244992,517737.787215289,5652010.46939679
4.14273389893709e-05,79.1524359244992,518237.787215289,5652010.46939679
4.37188729726994e-05,79.1524359244992,518737.787215289,5652010.46939679
5.84525037132105e-05,79.1524359244992,519237.787215289,5652010.46939679
7.78625094686512e-05,79.1524359244992,519737.787215289,5652010.46939679
7.38926832082555e-05,79.1524359244992,520237.787215289,5652010.46939679
6.88332612327231e-05,79.1524359244992,520737.787215289,5652010.46939679
7.36133741724147e-05,79.1524359244992,521237.787215289,5652010.46939679
7.62327935195e-05,79.1524359244992,521737.787215289,5652010.46939679
7.10844784184266e-05,79.1524359244992,522237.787215289,5652010.46939679
7.2595931822177e-05,79.1524359244992,522737.787215289,5652010.46939679
0.00030102578437779,79.1524359244992,523237.787215289,5652010.46939679
0.000321822485651327,79.1524359244992,523737.787215289,5652010.46939679
0.000308213183863861,79.1524359244992,524237.787215289,5652010.46939679
0.000118916741989404,79.1524359244992,524737.787215289,5652010.46939679
0.000269259977154432,79.1524359244992,525237.787215289,5652010.46939679
0.000699183371496762,79.1524359244992,525737.787215289,5652010.46939679
0.000844677829417257,79.1524359244992,526237.787215289,5652010.46939679
0.00100043435753792,79.1524359244992,526737.787215289,5652010.46939679
0.00112115543943337,79.1524359244992,527237.787215289,5652010.46939679
0.000417685721244527,79.1524359244992,527737.787215289,5652010.46939679
0.001338320493101,79.1524359244992,528237.787215289,5652010.46939679
0.000417685721244527,79.1524359244992,528737.787215289,5652010.46939679
0.000386476446741464,79.1524359244992,529237.787215289,5652010.46939679
0.00151444180090876,79.1524359244992,529737.787215289,5652010.46939679
0.00167778309121873,79.1524359244992,530237.787215289,5652010.46939679
0.00222007189927263,79.1524359244992,478737.787215289,5652510.46939679
0.00159238298802043,79.1524359244992,479237.787215289,5652510.46939679
0.000695500036466163,79.1524359244992,479737.787215289,5652510.46939679
0.00064082800330613,79.1524359244992,480237.787215289,5652510.46939679
0.00139110324314832,79.1524359244992,480737.787215289,5652510.46939679
0.00280675254648736,79.1524359244992,481237.787215289,5652510.46939679
0.00295589173787828,79.1524359244992,481737.787215289,5652510.46939679
0.00115976643468415,79.1524359244992,482237.787215289,5652510.46939679
0.00260627067927377,79.1524359244992,482737.787215289,5652510.46939679
0.00201014470092759,79.1524359244992,483237.787215289,5652510.46939679
0.00178946281584581,79.1524359244992,483737.787215289,5652510.46939679
0.00115738411302608,79.1524359244992,484237.787215289,5652510.46939679
0.00123108208435123,79.1524359244992,484737.787215289,5652510.46939679
0.00123108208435123,79.1524359244992,485237.787215289,5652510.46939679
0.000856833076624795,79.1524359244992,485737.787215289,5652510.46939679
0.0002815021141336,79.1524359244992,486237.787215289,5652510.46939679
0.000825731669121644,79.1524359244992,486737.787215289,5652510.46939679
0.000313677538474023,79.1524359244992,487237.787215289,5652510.46939679
0.000395975862263747,79.1524359244992,487737.787215289,5652510.46939679
0.000294964058664477,79.1524359244992,488237.787215289,5652510.46939679
0.000223944215845825,79.1524359244992,488737.787215289,5652510.46939679
0.000511634885505931,79.1524359244992,489237.787215289,5652510.46939679
0.000291162972381912,79.1524359244992,489737.787215289,5652510.46939679
0.000225249924997566,79.1524359244992,490237.787215289,5652510.46939679
6.56860573010377e-05,79.1524359244992,490737.787215289,5652510.46939679
9.68514621913624e-05,79.1524359244992,491237.787215289,5652510.46939679
0.000166798585533819,79.1524359244992,491737.787215289,5652510.46939679
0.000134493616356086,79.1524359244992,492237.787215289,5652510.46939679
0.000349769583790708,79.1524359244992,492737.787215289,5652510.46939679
0.000149787069545969,79.1524359244992,493237.787215289,5652510.46939679
0.00055387440802866,79.1524359244992,493737.787215289,5652510.46939679
0.000722946835857789,79.1524359244992,494237.787215289,5652510.46939679
0.000774168212220121,79.1524359244992,494737.787215289,5652510.46939679
0.00083847864335461,79.1524359244992,495237.787215289,5652510.46939679
0.000801163445085511,79.1524359244992,495737.787215289,5652510.46939679
0.0010113486930161,79.1524359244992,496237.787215289,5652510.46939679
0.0010113486930161,79.1524359244992,496737.787215289,5652510.46939679
0.0010113486930161,79.1524359244992,497237.787215289,5652510.46939679
0.00092135259236723,79.1524359244992,497737.787215289,5652510.46939679
0.00076865325077835,79.1524359244992,498237.787215289,5652510.46939679
0.000168004791853637,79.1524359244992,498737.787215289,5652510.46939679
0.000149952705202633,79.1524359244992,499237.787215289,5652510.46939679
0.000113849691292482,79.1524359244992,499737.787215289,5652510.46939679
0.000103819678596303,79.1524359244992,500237.787215289,5652510.46939679
0.00011989919178041,79.1524359244992,500737.787215289,5652510.46939679
0.000112203467247463,79.1524359244992,501237.787215289,5652510.46939679
0.000341523694575116,79.1524359244992,501737.787215289,5652510.46939679
9.85814681713729e-05,79.1524359244992,502237.787215289,5652510.46939679
7.476256456416e-05,79.1524359244992,502737.787215289,5652510.46939679
0.000112203467247463,79.1524359244992,503237.787215289,5652510.46939679
0.000133379887505651,79.1524359244992,503737.787215289,5652510.46939679
0.000163796035994669,79.1524359244992,504237.787215289,5652510.46939679
0.000202034286334862,79.1524359244992,504737.787215289,5652510.46939679
0.000478621301866145,79.1524359244992,505237.787215289,5652510.46939679
0.000209045898760326,79.1524359244992,505737.787215289,5652510.46939679
0.000242140218371174,79.1524359244992,506237.787215289,5652510.46939679
0.000242046556921096,79.1524359244992,506737.787215289,5652510.46939679
0.000235861312054294,79.1524359244992,507237.787215289,5652510.46939679
0.000427786711777936,79.1524359244992,507737.787215289,5652510.46939679
0.000554178000490767,79.1524359244992,508237.787215289,5652510.46939679
0.00117401340591291,79.1524359244992,508737.787215289,5652510.46939679
0.00020193124147954,79.1524359244992,509237.787215289,5652510.46939679
0.000262535718298512,79.1524359244992,509737.787215289,5652510.46939679
0.000314690615564804,79.1524359244992,510237.787215289,5652510.46939679
0.000261983294352237,79.1524359244992,510737.787215289,5652510.46939679
0.000232691448181156,79.1524359244992,511237.787215289,5652510.46939679
0.000204428500348106,79.1524359244992,511737.787215289,5652510.46939679
0.000423990359834932,79.1524359244992,512237.787215289,5652510.46939679
0.00051891269012554,79.1524359244992,512737.787215289,5652510.46939679
0.000447996294814515,79.1524359244992,513237.787215289,5652510.46939679
0.000104264647308225,79.1524359244992,513737.787215289,5652510.46939679
0.000104850015016062,79.1524359244992,514237.787215289,5652510.46939679
7.54140039776624e-05,79.1524359244992,514737.787215289,5652510.46939679
0.000163686895851051,79.1524359244992,515237.787215289,5652510.46939679
5.11530364449527e-05,79.1524359244992,515737.787215289,5652510.46939679
4.41923425484303e-05,79.1524359244992,516237.787215289,5652510.46939679
5.03396073732622e-05,79.1524359244992,516737.787215289,5652510.46939679
1.64654911227088e-05,79.1524359244992,517237.787215289,5652510.46939679
1.82617959411736e-05,79.1524359244992,517737.787215289,5652510.46939679
0.000131181076859192,79.1524359244992,518237.787215289,5652510.46939679
4.90135116995595e-05,79.1524359244992,518737.787215289,5652510.46939679
5.52228843816119e-05,79.1524359244992,519237.787215289,5652510.46939679
9.02899533371673e-05,79.1524359244992,519737.787215289,5652510.46939679
8.9320180800804e-05,79.1524359244992,520237.787215289,5652510.46939679
0.000103402178496109,79.1524359244992,520737.787215289,5652510.46939679
0.000189210565678241,79.1524359244992,521237.787215289,5652510.46939679
0.000138358624566113,79.1524359244992,521737.787215289,5652510.46939679
8.68924511656713e-05,79.1524359244992,522237.787215289,5652510.46939679
8.50197205191128e-05,79.1524359244992,522737.787215289,5652510.46939679
0.000358224468372868,79.1524359244992,523237.787215289,5652510.46939679
0.000458364871654498,79.1524359244992,523737.787215289,5652510.46939679
6.81897211904418e-05,79.1524359244992,524237.787215289,5652510.46939679
0.000133186782838792,79.1524359244992,524737.787215289,5652510.46939679
0.000492731007617993,79.1524359244992,525237.787215289,5652510.46939679
0.000679063574476403,79.1524359244992,525737.787215289,5652510.46939679
0.000911868305858939,79.1524359244992,526237.787215289,5652510.46939679
0.00115055670438116,79.1524359244992,526737.787215289,5652510.46939679
0.00130257990303692,79.1524359244992,527237.787215289,5652510.46939679
0.00138574373529472,79.1524359244992,527737.787215289,5652510.46939679
0.00155405649701261,79.1524359244992,528237.787215289,5652510.46939679
0.00149933786136284,79.1524359244992,528737.787215289,5652510.46939679
0.0016991756669765,79.1524359244992,529237.787215289,5652510.46939679
0.00138461202781952,79.1524359244992,529737.787215289,5652510.46939679
0.00153203781000777,79.1524359244992,530237.787215289,5652510.46939679
0.00202355988986496,79.1524359244992,478737.787215289,5653010.46939679
0.00118542724667256,79.1524359244992,479237.787215289,5653010.46939679
0.00106882378215041,79.1524359244992,479737.787215289,5653010.46939679
0.000569178261892746,79.1524359244992,480237.787215289,5653010.46939679
0.00158569059772163,79.1524359244992,480737.787215289,5653010.46939679
0.00249694012562692,79.1524359244992,481237.787215289,5653010.46939679
0.00269857644901853,79.1524359244992,481737.787215289,5653010.46939679
0.00260627067927377,79.1524359244992,482237.787215289,5653010.46939679
0.00233455089156446,79.1524359244992,482737.787215289,5653010.46939679
0.00202355988986496,79.1524359244992,483237.787215289,5653010.46939679
0.00166290831333426,79.1524359244992,483737.787215289,5653010.46939679
0.00135707683198352,79.1524359244992,484237.787215289,5653010.46939679
0.00141649754450253,79.1524359244992,484737.787215289,5653010.46939679
0.00134105609139269,79.1524359244992,485237.787215289,5653010.46939679
0.00134105609139269,79.1524359244992,485737.787215289,5653010.46939679
0.00103520164123911,79.1524359244992,486237.787215289,5653010.46939679
0.00114444091971505,79.1524359244992,486737.787215289,5653010.46939679
0.00100662555985023,79.1524359244992,487237.787215289,5653010.46939679
0.000420514550873875,79.1524359244992,487737.787215289,5653010.46939679
0.000242170072491328,79.1524359244992,488237.787215289,5653010.46939679
0.000323633634896051,79.1524359244992,488737.787215289,5653010.46939679
0.000183345310983449,79.1524359244992,489237.787215289,5653010.46939679
0.000181830441908506,79.1524359244992,489737.787215289,5653010.46939679
0.000167866812604963,79.1524359244992,490237.787215289,5653010.46939679
8.29187959189705e-05,79.1524359244992,490737.787215289,5653010.46939679
5.7711478316831e-05,79.1524359244992,491237.787215289,5653010.46939679
0.000116091808203775,79.1524359244992,491737.787215289,5653010.46939679
0.000140045594135775,79.1524359244992,492237.787215289,5653010.46939679
0.000506218093710862,79.1524359244992,492737.787215289,5653010.46939679
0.000401858048589729,79.1524359244992,493237.787215289,5653010.46939679
0.000558064465619327,79.1524359244992,493737.787215289,5653010.46939679
0.000794470057906343,79.1524359244992,494237.787215289,5653010.46939679
0.000906188617315624,79.1524359244992,494737.787215289,5653010.46939679
0.000817530249185719,79.1524359244992,495237.787215289,5653010.46939679
0.000988037889515822,79.1524359244992,495737.787215289,5653010.46939679
0.00112456508339702,79.1524359244992,496237.787215289,5653010.46939679
0.000962789621735974,79.1524359244992,496737.787215289,5653010.46939679
0.000962789621735974,79.1524359244992,497237.787215289,5653010.46939679
0.00100662555985023,79.1524359244992,497737.787215289,5653010.46939679
0.00106782527623322,79.1524359244992,498237.787215289,5653010.46939679
0.000736683613438937,79.1524359244992,498737.787215289,5653010.46939679
0.000144150762567893,79.1524359244992,499237.787215289,5653010.46939679
0.000130791184617604,79.1524359244992,499737.787215289,5653010.46939679
0.000124606324280527,79.1524359244992,500237.787215289,5653010.46939679
0.000141353013204386,79.1524359244992,500737.787215289,5653010.46939679
0.00011989919178041,79.1524359244992,501237.787215289,5653010.46939679
0.000121422140884443,79.1524359244992,501737.787215289,5653010.46939679
0.000118319325941835,79.1524359244992,502237.787215289,5653010.46939679
7.87351372226812e-05,79.1524359244992,502737.787215289,5653010.46939679
5.47996520480094e-05,79.1524359244992,503237.787215289,5653010.46939679
0.000147818571563123,79.1524359244992,503737.787215289,5653010.46939679
0.000402597973025556,79.1524359244992,504237.787215289,5653010.46939679
0.000505846107279849,79.1524359244992,504737.787215289,5653010.46939679
0.000203181691518834,79.1524359244992,505237.787215289,5653010.46939679
0.0010761654794381,79.1524359244992,505737.787215289,5653010.46939679
0.000350821042027275,79.1524359244992,506237.787215289,5653010.46939679
0.000220153730957262,79.1524359244992,506737.787215289,5653010.46939679
0.000209045898760326,79.1524359244992,507237.787215289,5653010.46939679
0.000203703950960363,79.1524359244992,507737.787215289,5653010.46939679
0.000504053253119603,79.1524359244992,508237.787215289,5653010.46939679
0.000466390638525311,79.1524359244992,508737.787215289,5653010.46939679
0.000231851787295628,79.1524359244992,509237.787215289,5653010.46939679
0.000242140218371174,79.1524359244992,509737.787215289,5653010.46939679
0.000275492579139169,79.1524359244992,510237.787215289,5653010.46939679
0.000237931886082237,79.1524359244992,510737.787215289,5653010.46939679
0.000186938382451751,79.1524359244992,511237.787215289,5653010.46939679
0.000186829071659346,79.1524359244992,511737.787215289,5653010.46939679
0.000143674100708206,79.1524359244992,512237.787215289,5653010.46939679
0.000583299745794482,79.1524359244992,512737.787215289,5653010.46939679
0.000299788118901052,79.1524359244992,513237.787215289,5653010.46939679
0.000152577233401573,79.1524359244992,513737.787215289,5653010.46939679
9.70169216792264e-05,79.1524359244992,514237.787215289,5653010.46939679
0.000103395515908644,79.1524359244992,514737.787215289,5653010.46939679
6.14035024799041e-05,79.1524359244992,515237.787215289,5653010.46939679
5.57490294929546e-05,79.1524359244992,515737.787215289,5653010.46939679
5.72529367880897e-05,79.1524359244992,516237.787215289,5653010.46939679
7.74947170871665e-05,79.1524359244992,516737.787215289,5653010.46939679
2.76324041151474e-05,79.1524359244992,517237.787215289,5653010.46939679
1.60447328366105e-05,79.1524359244992,517737.787215289,5653010.46939679
5.51183431498378e-05,79.1524359244992,518237.787215289,5653010.46939679
0.000123272178188858,79.1524359244992,518737.787215289,5653010.46939679
6.4208419086599e-05,79.1524359244992,519237.787215289,5653010.46939679
6.92230162138482e-05,79.1524359244992,519737.787215289,5653010.46939679
0.000103980714832538,79.1524359244992,520237.787215289,5653010.46939679
0.000276215269975477,79.1524359244992,520737.787215289,5653010.46939679
8.88762641169828e-05,79.1524359244992,521237.787215289,5653010.46939679
9.18853492481765e-05,79.1524359244992,521737.787215289,5653010.46939679
0.00012077662332322,79.1524359244992,522237.787215289,5653010.46939679
0.000390620421069716,79.1524359244992,522737.787215289,5653010.46939679
0.000348680352298114,79.1524359244992,523237.787215289,5653010.46939679
0.000500742413403251,79.1524359244992,523737.787215289,5653010.46939679
0.000538101007356382,79.1524359244992,524237.787215289,5653010.46939679
2.95483402679318e-05,79.1524359244992,524737.787215289,5653010.46939679
0.000381582345101473,79.1524359244992,525237.787215289,5653010.46939679
0.000675640331871937,79.1524359244992,525737.787215289,5653010.46939679
0.00105359329073623,79.1524359244992,526237.787215289,5653010.46939679
0.000417685721244527,79.1524359244992,526737.787215289,5653010.46939679
0.00120914433821353,79.1524359244992,527237.787215289,5653010.46939679
0.00140119315417696,79.1524359244992,527737.787215289,5653010.46939679
0.00153865661071527,79.1524359244992,528237.787215289,5653010.46939679
0.00131164494199562,79.1524359244992,528737.787215289,5653010.46939679
0.00165967668771653,79.1524359244992,529237.787215289,5653010.46939679
0.00174373497804123,79.1524359244992,529737.787215289,5653010.46939679
0.00121888270539805,79.1524359244992,478737.787215289,5653510.46939679
0.00051056641173958,79.1524359244992,479237.787215289,5653510.46939679
0.000384050248429001,79.1524359244992,479737.787215289,5653510.46939679
0.000432786743660522,79.1524359244992,480237.787215289,5653510.46939679
0.00138134031513638,79.1524359244992,480737.787215289,5653510.46939679
0.00233455089156446,79.1524359244992,481237.787215289,5653510.46939679
0.00166994762060608,79.1524359244992,481737.787215289,5653510.46939679
0.000174921518763586,79.1524359244992,482237.787215289,5653510.46939679
0.000811839726194708,79.1524359244992,482737.787215289,5653510.46939679
0.00167966001905866,79.1524359244992,483237.787215289,5653510.46939679
0.000187215350790491,79.1524359244992,483737.787215289,5653510.46939679
0.000174921518763586,79.1524359244992,484237.787215289,5653510.46939679
0.00040852633914704,79.1524359244992,484737.787215289,5653510.46939679
0.00112456508339702,79.1524359244992,485237.787215289,5653510.46939679
0.00104053812580861,79.1524359244992,485737.787215289,5653510.46939679
0.00104053812580861,79.1524359244992,486237.787215289,5653510.46939679
0.00102186766895014,79.1524359244992,486737.787215289,5653510.46939679
0.000917463915612847,79.1524359244992,487237.787215289,5653510.46939679
0.000481645778420885,79.1524359244992,487737.787215289,5653510.46939679
0.000552951125400311,79.1524359244992,488237.787215289,5653510.46939679
0.000429308148028028,79.1524359244992,488737.787215289,5653510.46939679
0.000265022463020418,79.1524359244992,489237.787215289,5653510.46939679
0.000167866812604963,79.1524359244992,489737.787215289,5653510.46939679
9.93913022530658e-05,79.1524359244992,490237.787215289,5653510.46939679
5.62367222634692e-05,79.1524359244992,490737.787215289,5653510.46939679
6.0778026958933e-05,79.1524359244992,491237.787215289,5653510.46939679
5.62367222634692e-05,79.1524359244992,491737.787215289,5653510.46939679
0.000598146759327673,79.1524359244992,492237.787215289,5653510.46939679
0.000702054641049618,79.1524359244992,492737.787215289,5653510.46939679
0.000919989215319157,79.1524359244992,493237.787215289,5653510.46939679
0.000883031921492706,79.1524359244992,493737.787215289,5653510.46939679
0.00103200932854201,79.1524359244992,494237.787215289,5653510.46939679
0.00112115543943337,79.1524359244992,494737.787215289,5653510.46939679
0.00114445541263955,79.1524359244992,495237.787215289,5653510.46939679
0.00130678681522164,79.1524359244992,495737.787215289,5653510.46939679
0.00137622404765112,79.1524359244992,496237.787215289,5653510.46939679
0.000554385422578609,79.1524359244992,496737.787215289,5653510.46939679
0.00120660007379396,79.1524359244992,497237.787215289,5653510.46939679
0.000499921767784465,79.1524359244992,497737.787215289,5653510.46939679
0.000297717278356023,79.1524359244992,498237.787215289,5653510.46939679
0.000337956688028548,79.1524359244992,498737.787215289,5653510.46939679
0.000158544950730871,79.1524359244992,499237.787215289,5653510.46939679
0.000156431195810391,79.1524359244992,499737.787215289,5653510.46939679
0.000166662503260498,79.1524359244992,500237.787215289,5653510.46939679
0.000140467141633308,79.1524359244992,500737.787215289,5653510.46939679
0.000151694976951593,79.1524359244992,501237.787215289,5653510.46939679
0.000159755418984126,79.1524359244992,501737.787215289,5653510.46939679
0.000116835294198362,79.1524359244992,502237.787215289,5653510.46939679
5.33993046485502e-05,79.1524359244992,502737.787215289,5653510.46939679
5.7711478316831e-05,79.1524359244992,503237.787215289,5653510.46939679
0.000121018530740069,79.1524359244992,503737.787215289,5653510.46939679
0.000148538477091192,79.1524359244992,504237.787215289,5653510.46939679
0.000162702645497022,79.1524359244992,504737.787215289,5653510.46939679
0.000150545582740456,79.1524359244992,505237.787215289,5653510.46939679
0.000191219714108909,79.1524359244992,505737.787215289,5653510.46939679
0.000210366889734192,79.1524359244992,506237.787215289,5653510.46939679
0.000171017200520979,79.1524359244992,506737.787215289,5653510.46939679
0.000184827415349867,79.1524359244992,507237.787215289,5653510.46939679
0.000221544913913647,79.1524359244992,507737.787215289,5653510.46939679
0.000189674343453845,79.1524359244992,508237.787215289,5653510.46939679
0.000189674343453845,79.1524359244992,508737.787215289,5653510.46939679
0.000180104345389364,79.1524359244992,509237.787215289,5653510.46939679
0.000192930181698549,79.1524359244992,509737.787215289,5653510.46939679
0.000482359552874613,79.1524359244992,510237.787215289,5653510.46939679
0.000199204545302059,79.1524359244992,510737.787215289,5653510.46939679
0.000176931869817176,79.1524359244992,511237.787215289,5653510.46939679
0.00020013922213944,79.1524359244992,511737.787215289,5653510.46939679
0.000416626709299417,79.1524359244992,512237.787215289,5653510.46939679
0.000289552355603916,79.1524359244992,512737.787215289,5653510.46939679
0.000220367215300868,79.1524359244992,513237.787215289,5653510.46939679
8.38355395866842e-05,79.1524359244992,513737.787215289,5653510.46939679
8.59536313320989e-05,79.1524359244992,514237.787215289,5653510.46939679
7.72663039386154e-05,79.1524359244992,514737.787215289,5653510.46939679
6.06238279424987e-05,79.1524359244992,515237.787215289,5653510.46939679
5.2786610832871e-05,79.1524359244992,515737.787215289,5653510.46939679
3.72113808671919e-05,79.1524359244992,516237.787215289,5653510.46939679
3.36822076832294e-05,79.1524359244992,516737.787215289,5653510.46939679
1.7795134977099e-05,79.1524359244992,517237.787215289,5653510.46939679
3.38471203005389e-05,79.1524359244992,517737.787215289,5653510.46939679
7.48540258649344e-05,79.1524359244992,518237.787215289,5653510.46939679
5.41708909034184e-05,79.1524359244992,518737.787215289,5653510.46939679
8.79429710687398e-05,79.1524359244992,519237.787215289,5653510.46939679
8.58347200773876e-05,79.1524359244992,519737.787215289,5653510.46939679
9.61617537016942e-05,79.1524359244992,520237.787215289,5653510.46939679
0.00018768403375308,79.1524359244992,520737.787215289,5653510.46939679
0.000103087214826181,79.1524359244992,521237.787215289,5653510.46939679
9.95225689932215e-05,79.1524359244992,521737.787215289,5653510.46939679
9.37044413522355e-05,79.1524359244992,522237.787215289,5653510.46939679
0.000383776894388861,79.1524359244992,522737.787215289,5653510.46939679
0.000489089902399261,79.1524359244992,523237.787215289,5653510.46939679
0.000506185476193755,79.1524359244992,523737.787215289,5653510.46939679
0.000640165646384004,79.1524359244992,524237.787215289,5653510.46939679
0.000560816637250381,79.1524359244992,524737.787215289,5653510.46939679
0.000693358374980056,79.1524359244992,525237.787215289,5653510.46939679
0.000417685721244527,79.1524359244992,525737.787215289,5653510.46939679
0.00117786671105944,79.1524359244992,526237.787215289,5653510.46939679
0.00111519593720397,79.1524359244992,526737.787215289,5653510.46939679
0.00135707683198352,79.1524359244992,527237.787215289,5653510.46939679
0.00157221408528396,79.1524359244992,527737.787215289,5653510.46939679
0.00142092219824548,79.1524359244992,528237.787215289,5653510.46939679
0.00174786502462075,79.1524359244992,528737.787215289,5653510.46939679
0.00165575502218135,79.1524359244992,529237.787215289,5653510.46939679
0.00147564674797808,79.1524359244992,529737.787215289,5653510.46939679
0.000457543165885974,79.1524359244992,478737.787215289,5654010.46939679
0.000602869419342133,79.1524359244992,479237.787215289,5654010.46939679
0.000350055634985613,79.1524359244992,479737.787215289,5654010.46939679
0.00082985583657642,79.1524359244992,480237.787215289,5654010.46939679
0.00131731158834949,79.1524359244992,480737.787215289,5654010.46939679
0.00211695545474708,79.1524359244992,481237.787215289,5654010.46939679
0.00187236047637289,79.1524359244992,481737.787215289,5654010.46939679
0.00077928841541106,79.1524359244992,482237.787215289,5654010.46939679
0.000721867009731618,79.1524359244992,482737.787215289,5654010.46939679
0.00137540828678767,79.1524359244992,483237.787215289,5654010.46939679
0.00120480082216712,79.1524359244992,483737.787215289,5654010.46939679
0.00112456508339702,79.1524359244992,484237.787215289,5654010.46939679
0.000902027548985683,79.1524359244992,484737.787215289,5654010.46939679
0.000822173215797905,79.1524359244992,485237.787215289,5654010.46939679
0.0010113486930161,79.1524359244992,485737.787215289,5654010.46939679
0.000822173215797905,79.1524359244992,486237.787215289,5654010.46939679
0.000765409059517324,79.1524359244992,486737.787215289,5654010.46939679
0.000498303608677666,79.1524359244992,487237.787215289,5654010.46939679
0.000749349398588867,79.1524359244992,487737.787215289,5654010.46939679
0.000704472690791068,79.1524359244992,488237.787215289,5654010.46939679
0.000598146759327673,79.1524359244992,488737.787215289,5654010.46939679
0.000441531642005659,79.1524359244992,489237.787215289,5654010.46939679
0.000124444318574825,79.1524359244992,489737.787215289,5654010.46939679
0.00015433547612434,79.1524359244992,490237.787215289,5654010.46939679
0.000378782264854815,79.1524359244992,490737.787215289,5654010.46939679
6.23718745297274e-05,79.1524359244992,491237.787215289,5654010.46939679
7.87351372226812e-05,79.1524359244992,491737.787215289,5654010.46939679
0.000546492593848277,79.1524359244992,492237.787215289,5654010.46939679
0.000789166718257707,79.1524359244992,492737.787215289,5654010.46939679
0.000822173215797905,79.1524359244992,493237.787215289,5654010.46939679
0.000902027548985683,79.1524359244992,493737.787215289,5654010.46939679
0.000417685721244527,79.1524359244992,494237.787215289,5654010.46939679
0.00111477868909421,79.1524359244992,494737.787215289,5654010.46939679
0.00137622404765112,79.1524359244992,495237.787215289,5654010.46939679
0.00140119315417696,79.1524359244992,495737.787215289,5654010.46939679
0.00155405649701261,79.1524359244992,496237.787215289,5654010.46939679
0.00108791396353963,79.1524359244992,496737.787215289,5654010.46939679
0.000658077850263241,79.1524359244992,497237.787215289,5654010.46939679
0.000194114082925951,79.1524359244992,497737.787215289,5654010.46939679
0.000172499478124562,79.1524359244992,498237.787215289,5654010.46939679
0.000158544950730871,79.1524359244992,498737.787215289,5654010.46939679
0.000146428935429423,79.1524359244992,499237.787215289,5654010.46939679
0.000199771391422569,79.1524359244992,499737.787215289,5654010.46939679
0.00013859505236008,79.1524359244992,500237.787215289,5654010.46939679
0.00013859505236008,79.1524359244992,500737.787215289,5654010.46939679
0.00013859505236008,79.1524359244992,501237.787215289,5654010.46939679
0.000145059865301978,79.1524359244992,501737.787215289,5654010.46939679
0.000124444318574825,79.1524359244992,502237.787215289,5654010.46939679
7.476256456416e-05,79.1524359244992,502737.787215289,5654010.46939679
8.73247568897517e-05,79.1524359244992,503237.787215289,5654010.46939679
0.000134668704568064,79.1524359244992,503737.787215289,5654010.46939679
0.000155673037487835,79.1524359244992,504237.787215289,5654010.46939679
0.000158253565053141,79.1524359244992,504737.787215289,5654010.46939679
0.00013904087965379,79.1524359244992,505237.787215289,5654010.46939679
0.000195024875081045,79.1524359244992,505737.787215289,5654010.46939679
0.000166969371964837,79.1524359244992,506237.787215289,5654010.46939679
0.000227794483819388,79.1524359244992,506737.787215289,5654010.46939679
0.000239898538080478,79.1524359244992,507237.787215289,5654010.46939679
0.000162702645497022,79.1524359244992,507737.787215289,5654010.46939679
0.000154493501476068,79.1524359244992,508237.787215289,5654010.46939679
0.000162702645497022,79.1524359244992,508737.787215289,5654010.46939679
0.000162702645497022,79.1524359244992,509237.787215289,5654010.46939679
0.000189674343453845,79.1524359244992,509737.787215289,5654010.46939679
0.0002267306532247,79.1524359244992,510237.787215289,5654010.46939679
0.000219834950793376,79.1524359244992,510737.787215289,5654010.46939679
0.00016535013963978,79.1524359244992,511237.787215289,5654010.46939679
0.00013791313061816,79.1524359244992,511737.787215289,5654010.46939679
0.000305148034383386,79.1524359244992,512237.787215289,5654010.46939679
0.000217463731333635,79.1524359244992,512737.787215289,5654010.46939679
0.000112306642997151,79.1524359244992,513237.787215289,5654010.46939679
0.000131044493877691,79.1524359244992,513737.787215289,5654010.46939679
7.84712577735754e-05,79.1524359244992,514237.787215289,5654010.46939679
6.90211075453847e-05,79.1524359244992,514737.787215289,5654010.46939679
5.57086938850896e-05,79.1524359244992,515237.787215289,5654010.46939679
4.15616428966309e-05,79.1524359244992,515737.787215289,5654010.46939679
4.09387663632819e-05,79.1524359244992,516237.787215289,5654010.46939679
8.55302453832961e-05,79.1524359244992,516737.787215289,5654010.46939679
2.76324041151474e-05,79.1524359244992,517237.787215289,5654010.46939679
4.59468597305501e-05,79.1524359244992,517737.787215289,5654010.46939679
4.70571732308263e-05,79.1524359244992,518237.787215289,5654010.46939679
8.69563496761588e-05,79.1524359244992,518737.787215289,5654010.46939679
9.18350629634894e-05,79.1524359244992,519237.787215289,5654010.46939679
7.64660074179847e-05,79.1524359244992,519737.787215289,5654010.46939679
9.13928484634727e-05,79.1524359244992,520237.787215289,5654010.46939679
0.000110940382324772,79.1524359244992,520737.787215289,5654010.46939679
0.000126458709679881,79.1524359244992,521237.787215289,5654010.46939679
0.000102500661590866,79.1524359244992,521737.787215289,5654010.46939679
0.000117778967969193,79.1524359244992,522237.787215289,5654010.46939679
0.00026066470467302,79.1524359244992,522737.787215289,5654010.46939679
0.00037843753867224,79.1524359244992,523237.787215289,5654010.46939679
0.000585379862724746,79.1524359244992,523737.787215289,5654010.46939679
0.000268101708236676,79.1524359244992,524237.787215289,5654010.46939679
0.000494322369556638,79.1524359244992,524737.787215289,5654010.46939679
0.000634381965833983,79.1524359244992,525237.787215289,5654010.46939679
0.000827218418527467,79.1524359244992,525737.787215289,5654010.46939679
0.00111521005977704,79.1524359244992,526237.787215289,5654010.46939679
0.000758784694855509,79.1524359244992,526737.787215289,5654010.46939679
0.00113909622811501,79.1524359244992,527237.787215289,5654010.46939679
0.00167778309121873,79.1524359244992,527737.787215289,5654010.46939679
0.00119779732485672,79.1524359244992,528237.787215289,5654010.46939679
0.000366976820276785,79.1524359244992,528737.787215289,5654010.46939679
0.00153865661071527,79.1524359244992,529237.787215289,5654010.46939679
0.000386476446741464,79.1524359244992,529737.787215289,5654010.46939679
0.000285199028075024,79.1524359244992,478737.787215289,5654510.46939679
0.000396024683195064,79.1524359244992,479237.787215289,5654510.46939679
0.000255037985922328,79.1524359244992,479737.787215289,5654510.46939679
0.000938186546850697,79.1524359244992,480237.787215289,5654510.46939679
0.00123639560995119,79.1524359244992,480737.787215289,5654510.46939679
0.00156546236854772,79.1524359244992,481237.787215289,5654510.46939679
0.00150512729911821,79.1524359244992,481737.787215289,5654510.46939679
0.00141649754450253,79.1524359244992,482237.787215289,5654510.46939679
0.00126881894183712,79.1524359244992,482737.787215289,5654510.46939679
0.00117576667955919,79.1524359244992,483237.787215289,5654510.46939679
0.000860970416525646,79.1524359244992,483737.787215289,5654510.46939679
0.000821812645633961,79.1524359244992,484237.787215289,5654510.46939679
0.000781327227319264,79.1524359244992,484737.787215289,5654510.46939679
0.00069208406949715,79.1524359244992,485237.787215289,5654510.46939679
0.000710233334423089,79.1524359244992,485737.787215289,5654510.46939679
0.000728858547043636,79.1524359244992,486237.787215289,5654510.46939679
0.000640371883502914,79.1524359244992,486737.787215289,5654510.46939679
0.000672236166189203,79.1524359244992,487237.787215289,5654510.46939679
0.000604385772008967,79.1524359244992,487737.787215289,5654510.46939679
0.000604385772008967,79.1524359244992,488237.787215289,5654510.46939679
0.00042870760074761,79.1524359244992,488737.787215289,5654510.46939679
0.000357599114091968,79.1524359244992,489237.787215289,5654510.46939679
9.68514621913624e-05,79.1524359244992,489737.787215289,5654510.46939679
0.000198305453770708,79.1524359244992,490237.787215289,5654510.46939679
0.000161421759341913,79.1524359244992,490737.787215289,5654510.46939679
0.000107417484602305,79.1524359244992,491237.787215289,5654510.46939679
0.000135598464116173,79.1524359244992,491737.787215289,5654510.46939679
0.000567967330603648,79.1524359244992,492237.787215289,5654510.46939679
0.000675640331871937,79.1524359244992,492737.787215289,5654510.46939679
0.000806131665037828,79.1524359244992,493237.787215289,5654510.46939679
0.00111521005977704,79.1524359244992,493737.787215289,5654510.46939679
0.00120914433821353,79.1524359244992,494237.787215289,5654510.46939679
0.00136547512134339,79.1524359244992,494737.787215289,5654510.46939679
0.00142368893505069,79.1524359244992,495237.787215289,5654510.46939679
0.00137622404765112,79.1524359244992,495737.787215289,5654510.46939679
0.00111521005977704,79.1524359244992,496237.787215289,5654510.46939679
0.000242028465389707,79.1524359244992,496737.787215289,5654510.46939679
0.000190041219775892,79.1524359244992,497237.787215289,5654510.46939679
0.000123920618694372,79.1524359244992,497737.787215289,5654510.46939679
0.000128381105239561,79.1524359244992,498237.787215289,5654510.46939679
0.00010947856329538,79.1524359244992,498737.787215289,5654510.46939679
0.000115145899449613,79.1524359244992,499237.787215289,5654510.46939679
0.000131056773623159,79.1524359244992,499737.787215289,5654510.46939679
5.47996520480094e-05,79.1524359244992,500237.787215289,5654510.46939679
5.7711478316831e-05,79.1524359244992,500737.787215289,5654510.46939679
4.9409334505248e-05,79.1524359244992,501237.787215289,5654510.46939679
5.33993046485502e-05,79.1524359244992,501737.787215289,5654510.46939679
5.20347416522009e-05,79.1524359244992,502237.787215289,5654510.46939679
5.62367222634692e-05,79.1524359244992,502737.787215289,5654510.46939679
0.00015433547612434,79.1524359244992,503237.787215289,5654510.46939679
5.20347416522009e-05,79.1524359244992,503737.787215289,5654510.46939679
0.000103819678596303,79.1524359244992,504237.787215289,5654510.46939679
0.000134493616356086,79.1524359244992,504737.787215289,5654510.46939679
0.000112203467247463,79.1524359244992,505237.787215289,5654510.46939679
0.000115295800167561,79.1524359244992,505737.787215289,5654510.46939679
0.000121422140884443,79.1524359244992,506237.787215289,5654510.46939679
0.000124606324280527,79.1524359244992,506737.787215289,5654510.46939679
0.000138200266850973,79.1524359244992,507237.787215289,5654510.46939679
0.000299453122139766,79.1524359244992,507737.787215289,5654510.46939679
0.000174457109983706,79.1524359244992,508237.787215289,5654510.46939679
0.000118319325941835,79.1524359244992,508737.787215289,5654510.46939679
0.000121018530740069,79.1524359244992,509237.787215289,5654510.46939679
0.000128239297269903,79.1524359244992,509737.787215289,5654510.46939679
0.000194666443890788,79.1524359244992,510237.787215289,5654510.46939679
0.000150268898894935,79.1524359244992,510737.787215289,5654510.46939679
0.000212380448847961,79.1524359244992,511237.787215289,5654510.46939679
0.000115959737113301,79.1524359244992,511737.787215289,5654510.46939679
0.00011989919178041,79.1524359244992,512237.787215289,5654510.46939679
0.000104850015016062,79.1524359244992,512737.787215289,5654510.46939679
8.38122714727831e-05,79.1524359244992,513237.787215289,5654510.46939679
7.29428344352846e-05,79.1524359244992,513737.787215289,5654510.46939679
7.23864763363374e-05,79.1524359244992,514237.787215289,5654510.46939679
5.27900122899708e-05,79.1524359244992,514737.787215289,5654510.46939679
4.37700562539962e-05,79.1524359244992,515237.787215289,5654510.46939679
3.78656689374637e-05,79.1524359244992,515737.787215289,5654510.46939679
3.47347297404744e-05,79.1524359244992,516237.787215289,5654510.46939679
1.92321520502012e-05,79.1524359244992,516737.787215289,5654510.46939679
3.75396761334569e-05,79.1524359244992,517237.787215289,5654510.46939679
3.8858661100458e-05,79.1524359244992,517737.787215289,5654510.46939679
7.39047526272022e-05,79.1524359244992,518237.787215289,5654510.46939679
8.15866501919082e-05,79.1524359244992,518737.787215289,5654510.46939679
6.57422098008871e-05,79.1524359244992,519237.787215289,5654510.46939679
0.00011392256223214,79.1524359244992,519737.787215289,5654510.46939679
0.000101166676040599,79.1524359244992,520237.787215289,5654510.46939679
0.000116241549871012,79.1524359244992,520737.787215289,5654510.46939679
0.000212383018525132,79.1524359244992,521237.787215289,5654510.46939679
0.000168370588154788,79.1524359244992,521737.787215289,5654510.46939679
0.000140465877008199,79.1524359244992,522237.787215289,5654510.46939679
0.000184249503589612,79.1524359244992,522737.787215289,5654510.46939679
0.000356692447394682,79.1524359244992,523237.787215289,5654510.46939679
0.000188153372270548,79.1524359244992,523737.787215289,5654510.46939679
0.000162702645497022,79.1524359244992,524237.787215289,5654510.46939679
0.000176931869817176,79.1524359244992,524737.787215289,5654510.46939679
0.000325762453356368,79.1524359244992,525237.787215289,5654510.46939679
0.00104430647788531,79.1524359244992,525737.787215289,5654510.46939679
0.000702088670486017,79.1524359244992,526237.787215289,5654510.46939679
0.000304234357785864,79.1524359244992,526737.787215289,5654510.46939679
0.000791976032016272,79.1524359244992,527237.787215289,5654510.46939679
0.00157593788361741,79.1524359244992,527737.787215289,5654510.46939679
0.00153566645059627,79.1524359244992,528237.787215289,5654510.46939679
0.00148647713752376,79.1524359244992,528737.787215289,5654510.46939679
0.00138574373529472,79.1524359244992,529237.787215289,5654510.46939679
0.000647295333548577,79.1524359244992,529737.787215289,5654510.46939679
0.000462567855770538,79.1524359244992,478737.787215289,5655010.46939679
0.000344016417902744,79.1524359244992,479237.787215289,5655010.46939679
0.000194648377766611,79.1524359244992,479737.787215289,5655010.46939679
0.00103200932854201,79.1524359244992,480237.787215289,5655010.46939679
0.00117786671105944,79.1524359244992,480737.787215289,5655010.46939679
0.00142208358370301,79.1524359244992,481237.787215289,5655010.46939679
0.00134105609139269,79.1524359244992,481737.787215289,5655010.46939679
0.000979439606930242,79.1524359244992,482237.787215289,5655010.46939679
0.000174921518763586,79.1524359244992,482737.787215289,5655010.46939679
0.000995754916782444,79.1524359244992,483237.787215289,5655010.46939679
0.000883031921492706,79.1524359244992,483737.787215289,5655010.46939679
0.000372516047751469,79.1524359244992,484237.787215289,5655010.46939679
0.00056839925235041,79.1524359244992,484737.787215289,5655010.46939679
0.000560823856917261,79.1524359244992,485237.787215289,5655010.46939679
0.000467876342135137,79.1524359244992,485737.787215289,5655010.46939679
0.000655057878883277,79.1524359244992,486237.787215289,5655010.46939679
0.000421854114609959,79.1524359244992,486737.787215289,5655010.46939679
0.000454621574294608,79.1524359244992,487237.787215289,5655010.46939679
0.000538904608329321,79.1524359244992,487737.787215289,5655010.46939679
0.000424116070763237,79.1524359244992,488237.787215289,5655010.46939679
0.000417685721244527,79.1524359244992,488737.787215289,5655010.46939679
0.000105928561626609,79.1524359244992,489237.787215289,5655010.46939679
0.000198305453770708,79.1524359244992,489737.787215289,5655010.46939679
0.000106680953900472,79.1524359244992,490237.787215289,5655010.46939679
0.000108105417683986,79.1524359244992,490737.787215289,5655010.46939679
0.000189846834055387,79.1524359244992,491237.787215289,5655010.46939679
0.000265798146282652,79.1524359244992,491737.787215289,5655010.46939679
0.000646940729100459,79.1524359244992,492237.787215289,5655010.46939679
0.000658375054696861,79.1524359244992,492737.787215289,5655010.46939679
0.000979939411773974,79.1524359244992,493237.787215289,5655010.46939679
0.00101394826977745,79.1524359244992,493737.787215289,5655010.46939679
0.00126881894183712,79.1524359244992,494237.787215289,5655010.46939679
0.00153865661071527,79.1524359244992,494737.787215289,5655010.46939679
0.00139266491735358,79.1524359244992,495237.787215289,5655010.46939679
0.000647295333548577,79.1524359244992,495737.787215289,5655010.46939679
0.000225927059030657,79.1524359244992,496237.787215289,5655010.46939679
0.00014886331199181,79.1524359244992,496737.787215289,5655010.46939679
0.000182715991937281,79.1524359244992,497237.787215289,5655010.46939679
0.000133278533266081,79.1524359244992,497737.787215289,5655010.46939679
0.000124606324280527,79.1524359244992,498237.787215289,5655010.46939679
0.000106542253691463,79.1524359244992,498737.787215289,5655010.46939679
5.33993046485502e-05,79.1524359244992,499237.787215289,5655010.46939679
5.62367222634692e-05,79.1524359244992,499737.787215289,5655010.46939679
6.0778026958933e-05,79.1524359244992,500237.787215289,5655010.46939679
5.20347416522009e-05,79.1524359244992,500737.787215289,5655010.46939679
5.33993046485502e-05,79.1524359244992,501237.787215289,5655010.46939679
7.0990427620669e-05,79.1524359244992,501737.787215289,5655010.46939679
6.56860573010377e-05,79.1524359244992,502237.787215289,5655010.46939679
7.28520859579709e-05,79.1524359244992,502737.787215289,5655010.46939679
5.20347416522009e-05,79.1524359244992,503237.787215289,5655010.46939679
6.56860573010377e-05,79.1524359244992,503737.787215289,5655010.46939679
0.000110234408833983,79.1524359244992,504237.787215289,5655010.46939679
5.62367222634692e-05,79.1524359244992,504737.787215289,5655010.46939679
5.07050486262241e-05,79.1524359244992,505237.787215289,5655010.46939679
0.000109336225801611,79.1524359244992,505737.787215289,5655010.46939679
9.85814681713729e-05,79.1524359244992,506237.787215289,5655010.46939679
9.85814681713729e-05,79.1524359244992,506737.787215289,5655010.46939679
0.000112203467247463,79.1524359244992,507237.787215289,5655010.46939679
0.000113849691292482,79.1524359244992,507737.787215289,5655010.46939679
0.000109336225801611,79.1524359244992,508237.787215289,5655010.46939679
0.000109336225801611,79.1524359244992,508737.787215289,5655010.46939679
0.000116835294198362,79.1524359244992,509237.787215289,5655010.46939679
0.000134668704568064,79.1524359244992,509737.787215289,5655010.46939679
0.000142229579484125,79.1524359244992,510237.787215289,5655010.46939679
0.000147818571563123,79.1524359244992,510737.787215289,5655010.46939679
0.000149952705202633,79.1524359244992,511237.787215289,5655010.46939679
0.000238009922716423,79.1524359244992,511737.787215289,5655010.46939679
0.000106193747744501,79.1524359244992,512237.787215289,5655010.46939679
0.00010303567185656,79.1524359244992,512737.787215289,5655010.46939679
7.78190339787133e-05,79.1524359244992,513237.787215289,5655010.46939679
6.3544714294435e-05,79.1524359244992,513737.787215289,5655010.46939679
6.15584273720214e-05,79.1524359244992,514237.787215289,5655010.46939679
8.58450783052782e-05,79.1524359244992,514737.787215289,5655010.46939679
8.66251900847283e-05,79.1524359244992,515237.787215289,5655010.46939679
4.00596388022236e-05,79.1524359244992,515737.787215289,5655010.46939679
2.65213086832795e-05,79.1524359244992,516237.787215289,5655010.46939679
3.76985860222576e-05,79.1524359244992,516737.787215289,5655010.46939679
4.11101657967074e-05,79.1524359244992,517237.787215289,5655010.46939679
5.07670789983792e-05,79.1524359244992,517737.787215289,5655010.46939679
9.6442863546612e-05,79.1524359244992,518237.787215289,5655010.46939679
6.12850977575852e-05,79.1524359244992,518737.787215289,5655010.46939679
7.64660074179847e-05,79.1524359244992,519237.787215289,5655010.46939679
0.00010685015837344,79.1524359244992,519737.787215289,5655010.46939679
9.64740434323922e-05,79.1524359244992,520237.787215289,5655010.46939679
0.000140669639529768,79.1524359244992,520737.787215289,5655010.46939679
0.000138757252447369,79.1524359244992,521237.787215289,5655010.46939679
0.000241913957810169,79.1524359244992,521737.787215289,5655010.46939679
0.000147930983056167,79.1524359244992,522237.787215289,5655010.46939679
0.000160533459307811,79.1524359244992,522737.787215289,5655010.46939679
0.000149050080327072,79.1524359244992,523237.787215289,5655010.46939679
0.000169686294194015,79.1524359244992,523737.787215289,5655010.46939679
0.00018157174453859,79.1524359244992,524237.787215289,5655010.46939679
0.000311359574098576,79.1524359244992,524737.787215289,5655010.46939679
0.000941584228429551,79.1524359244992,525237.787215289,5655010.46939679
0.000860864278248527,79.1524359244992,525737.787215289,5655010.46939679
0.00029645996915693,79.1524359244992,526237.787215289,5655010.46939679
0.0003518328260542,79.1524359244992,526737.787215289,5655010.46939679
0.00115738411302608,79.1524359244992,527237.787215289,5655010.46939679
0.00153865661071527,79.1524359244992,527737.787215289,5655010.46939679
0.00167966001905866,79.1524359244992,528237.787215289,5655010.46939679
0.00131582618807587,79.1524359244992,528737.787215289,5655010.46939679
0.00120525176446679,79.1524359244992,529237.787215289,5655010.46939679
0.000203092584680501,79.1524359244992,478737.787215289,5655510.46939679
0.000160533459307811,79.1524359244992,479237.787215289,5655510.46939679
0.00023670015987325,79.1524359244992,479737.787215289,5655510.46939679
0.000865480361763077,79.1524359244992,480237.787215289,5655510.46939679
0.00100563741694346,79.1524359244992,480737.787215289,5655510.46939679
0.00120660007379396,79.1524359244992,481237.787215289,5655510.46939679
0.00106782527623322,79.1524359244992,481737.787215289,5655510.46939679
0.000792517399786897,79.1524359244992,482237.787215289,5655510.46939679
0.000883031921492706,79.1524359244992,482737.787215289,5655510.46939679
0.000858183606248591,79.1524359244992,483237.787215289,5655510.46939679
0.000769000393831344,79.1524359244992,483737.787215289,5655510.46939679
0.000405980252486123,79.1524359244992,484237.787215289,5655510.46939679
0.000152767745015667,79.1524359244992,484737.787215289,5655510.46939679
0.00022570732511789,79.1524359244992,485237.787215289,5655510.46939679
0.000165439521146077,79.1524359244992,485737.787215289,5655510.46939679
0.000178799319583049,79.1524359244992,486237.787215289,5655510.46939679
0.000118165494216134,79.1524359244992,486737.787215289,5655510.46939679
6.40075192796346e-05,79.1524359244992,487237.787215289,5655510.46939679
0.000150391595560177,79.1524359244992,487737.787215289,5655510.46939679
0.000417685721244527,79.1524359244992,488237.787215289,5655510.46939679
6.76971756400819e-05,79.1524359244992,488737.787215289,5655510.46939679
0.000112203467247463,79.1524359244992,489237.787215289,5655510.46939679
0.000134221062524384,79.1524359244992,489737.787215289,5655510.46939679
0.00056839925235041,79.1524359244992,490237.787215289,5655510.46939679
0.000420105563530634,79.1524359244992,490737.787215289,5655510.46939679
0.000216079892317467,79.1524359244992,491237.787215289,5655510.46939679
0.000442428231099672,79.1524359244992,491737.787215289,5655510.46939679
0.000618173553191837,79.1524359244992,492237.787215289,5655510.46939679
0.000681316476736867,79.1524359244992,492737.787215289,5655510.46939679
0.000716322738894548,79.1524359244992,493237.787215289,5655510.46939679
0.000929952576079307,79.1524359244992,493737.787215289,5655510.46939679
0.00109979659363172,79.1524359244992,494237.787215289,5655510.46939679
0.00103520164123911,79.1524359244992,494737.787215289,5655510.46939679
0.000718189899758754,79.1524359244992,495237.787215289,5655510.46939679
0.000785531819262011,79.1524359244992,495737.787215289,5655510.46939679
0.000906188617315624,79.1524359244992,496237.787215289,5655510.46939679
0.000169063541641688,79.1524359244992,496737.787215289,5655510.46939679
0.000131747781042648,79.1524359244992,497237.787215289,5655510.46939679
0.000123043437244129,79.1524359244992,497737.787215289,5655510.46939679
6.40075192796346e-05,79.1524359244992,498237.787215289,5655510.46939679
4.9409334505248e-05,79.1524359244992,498737.787215289,5655510.46939679
7.87351372226812e-05,79.1524359244992,499237.787215289,5655510.46939679
8.07998934097046e-05,79.1524359244992,499737.787215289,5655510.46939679
0.000138020587112496,79.1524359244992,500237.787215289,5655510.46939679
0.000193237966731866,79.1524359244992,500737.787215289,5655510.46939679
7.87351372226812e-05,79.1524359244992,501237.787215289,5655510.46939679
0.000124444318574825,79.1524359244992,501737.787215289,5655510.46939679
0.000157092288366321,79.1524359244992,502237.787215289,5655510.46939679
0.000112203467247463,79.1524359244992,502737.787215289,5655510.46939679
0.00020517760519947,79.1524359244992,503237.787215289,5655510.46939679
0.000131056773623159,79.1524359244992,503737.787215289,5655510.46939679
7.0990427620669e-05,79.1524359244992,504237.787215289,5655510.46939679
5.62367222634692e-05,79.1524359244992,504737.787215289,5655510.46939679
5.33993046485502e-05,79.1524359244992,505237.787215289,5655510.46939679
7.87351372226812e-05,79.1524359244992,505737.787215289,5655510.46939679
0.000210558198219536,79.1524359244992,506237.787215289,5655510.46939679
0.000233529071253951,79.1524359244992,506737.787215289,5655510.46939679
6.91763420016945e-05,79.1524359244992,507237.787215289,5655510.46939679
0.00020517760519947,79.1524359244992,507737.787215289,5655510.46939679
0.000142803604205009,79.1524359244992,508237.787215289,5655510.46939679
0.000113125204299534,79.1524359244992,508737.787215289,5655510.46939679
0.000116091808203775,79.1524359244992,509237.787215289,5655510.46939679
5.7711478316831e-05,79.1524359244992,509737.787215289,5655510.46939679
0.000101166676040599,79.1524359244992,510237.787215289,5655510.46939679
0.000110940382324772,79.1524359244992,510737.787215289,5655510.46939679
0.00015939711110255,79.1524359244992,511237.787215289,5655510.46939679
0.000169222665809555,79.1524359244992,511737.787215289,5655510.46939679
9.54199444852607e-05,79.1524359244992,512237.787215289,5655510.46939679
0.000150261615532943,79.1524359244992,512737.787215289,5655510.46939679
9.63711263834383e-05,79.1524359244992,513237.787215289,5655510.46939679
5.78525837470002e-05,79.1524359244992,513737.787215289,5655510.46939679
5.80178613551955e-05,79.1524359244992,514237.787215289,5655510.46939679
5.41904966827415e-05,79.1524359244992,514737.787215289,5655510.46939679
1.99494423336076e-05,79.1524359244992,515237.787215289,5655510.46939679
2.33015040618808e-05,79.1524359244992,515737.787215289,5655510.46939679
3.67352383562303e-05,79.1524359244992,516237.787215289,5655510.46939679
3.36822076832294e-05,79.1524359244992,516737.787215289,5655510.46939679
7.81969348224581e-05,79.1524359244992,517237.787215289,5655510.46939679
5.11666134808038e-05,79.1524359244992,517737.787215289,5655510.46939679
5.86688228675554e-05,79.1524359244992,518237.787215289,5655510.46939679
6.29072408812882e-05,79.1524359244992,518737.787215289,5655510.46939679
8.31324770945918e-05,79.1524359244992,519237.787215289,5655510.46939679
0.000244186440150986,79.1524359244992,519737.787215289,5655510.46939679
0.000153277242290543,79.1524359244992,520237.787215289,5655510.46939679
0.000285996811219983,79.1524359244992,520737.787215289,5655510.46939679
0.000163527005147639,79.1524359244992,521237.787215289,5655510.46939679
0.000166969371964837,79.1524359244992,521737.787215289,5655510.46939679
0.000169686294194015,79.1524359244992,522237.787215289,5655510.46939679
0.000349768140724427,79.1524359244992,522737.787215289,5655510.46939679
0.000189674343453845,79.1524359244992,523237.787215289,5655510.46939679
0.000403352001025163,79.1524359244992,523737.787215289,5655510.46939679
0.000248520758768463,79.1524359244992,524237.787215289,5655510.46939679
0.000622277343996356,79.1524359244992,524737.787215289,5655510.46939679
0.000982654288857292,79.1524359244992,525237.787215289,5655510.46939679
0.000297850972891114,79.1524359244992,525737.787215289,5655510.46939679
0.00032880230666207,79.1524359244992,526237.787215289,5655510.46939679
0.000733572476963712,79.1524359244992,526737.787215289,5655510.46939679
0.00140119315417696,79.1524359244992,527237.787215289,5655510.46939679
0.00133049610823357,79.1524359244992,527737.787215289,5655510.46939679
0.00141147709761347,79.1524359244992,528237.787215289,5655510.46939679
0.00134105609139269,79.1524359244992,528737.787215289,5655510.46939679
0.0012052670274852,79.1524359244992,529237.787215289,5655510.46939679
0.000133278533266081,79.1524359244992,479237.787215289,5656010.46939679
0.000123320025903959,79.1524359244992,479737.787215289,5656010.46939679
0.000809861885899407,79.1524359244992,480237.787215289,5656010.46939679
0.000954339722692993,79.1524359244992,480737.787215289,5656010.46939679
0.00102186766895014,79.1524359244992,481237.787215289,5656010.46939679
0.000396024683195064,79.1524359244992,481737.787215289,5656010.46939679
0.000583581098938928,79.1524359244992,482237.787215289,5656010.46939679
0.000662799451279316,79.1524359244992,482737.787215289,5656010.46939679
0.000508219560350594,79.1524359244992,483237.787215289,5656010.46939679
0.000180121061621505,79.1524359244992,483737.787215289,5656010.46939679
0.000655782246762631,79.1524359244992,484237.787215289,5656010.46939679
0.000552212208827212,79.1524359244992,484737.787215289,5656010.46939679
9.93913022530658e-05,79.1524359244992,485237.787215289,5656010.46939679
9.43765250677713e-05,79.1524359244992,485737.787215289,5656010.46939679
4.57174929958151e-05,79.1524359244992,486237.787215289,5656010.46939679
4.57174929958151e-05,79.1524359244992,486737.787215289,5656010.46939679
9.93913022530658e-05,79.1524359244992,487237.787215289,5656010.46939679
7.67231437056557e-05,79.1524359244992,487737.787215289,5656010.46939679
5.33993046485502e-05,79.1524359244992,488237.787215289,5656010.46939679
0.000316005209764248,79.1524359244992,488737.787215289,5656010.46939679
0.000409903139858362,79.1524359244992,489237.787215289,5656010.46939679
0.000525529087139721,79.1524359244992,489737.787215289,5656010.46939679
0.000624007854385275,79.1524359244992,490237.787215289,5656010.46939679
0.000388715479585639,79.1524359244992,490737.787215289,5656010.46939679
0.000199934507567817,79.1524359244992,491237.787215289,5656010.46939679
0.000259005954562129,79.1524359244992,491737.787215289,5656010.46939679
0.000552212208827212,79.1524359244992,492237.787215289,5656010.46939679
0.000639024422040294,79.1524359244992,492737.787215289,5656010.46939679
0.000193087520520093,79.1524359244992,493237.787215289,5656010.46939679
0.000760407203352482,79.1524359244992,493737.787215289,5656010.46939679
0.000954898092064442,79.1524359244992,494237.787215289,5656010.46939679
0.00114401272965934,79.1524359244992,494737.787215289,5656010.46939679
0.00080322276042183,79.1524359244992,495237.787215289,5656010.46939679
0.000417067792640702,79.1524359244992,495737.787215289,5656010.46939679
0.000408538926327617,79.1524359244992,496237.787215289,5656010.46939679
0.000164069532200173,79.1524359244992,496737.787215289,5656010.46939679
0.000152767745015667,79.1524359244992,497237.787215289,5656010.46939679
0.000109336225801611,79.1524359244992,497737.787215289,5656010.46939679
0.000101997747272434,79.1524359244992,498237.787215289,5656010.46939679
7.28520859579709e-05,79.1524359244992,498737.787215289,5656010.46939679
0.000112203467247463,79.1524359244992,499237.787215289,5656010.46939679
0.000115145899449613,79.1524359244992,499737.787215289,5656010.46939679
0.000116835294198362,79.1524359244992,500237.787215289,5656010.46939679
0.000129581455267668,79.1524359244992,500737.787215289,5656010.46939679
0.000165439521146077,79.1524359244992,501237.787215289,5656010.46939679
0.000285292567333635,79.1524359244992,501737.787215289,5656010.46939679
0.00011989919178041,79.1524359244992,502237.787215289,5656010.46939679
0.000193489530270701,79.1524359244992,502737.787215289,5656010.46939679
0.000124444318574825,79.1524359244992,503237.787215289,5656010.46939679
0.00011989919178041,79.1524359244992,503737.787215289,5656010.46939679
0.000138020587112496,79.1524359244992,504237.787215289,5656010.46939679
0.000141640049416488,79.1524359244992,504737.787215289,5656010.46939679
0.000107417484602305,79.1524359244992,505237.787215289,5656010.46939679
7.476256456416e-05,79.1524359244992,505737.787215289,5656010.46939679
8.29187959189705e-05,79.1524359244992,506237.787215289,5656010.46939679
6.74086134303287e-05,79.1524359244992,506737.787215289,5656010.46939679
0.000113125204299534,79.1524359244992,507237.787215289,5656010.46939679
5.33993046485502e-05,79.1524359244992,507737.787215289,5656010.46939679
0.000180268132996643,79.1524359244992,508237.787215289,5656010.46939679
9.68514621913624e-05,79.1524359244992,508737.787215289,5656010.46939679
0.000189846834055387,79.1524359244992,509237.787215289,5656010.46939679
0.000194825391774719,79.1524359244992,509737.787215289,5656010.46939679
0.000194825391774719,79.1524359244992,510237.787215289,5656010.46939679
0.000263632439698363,79.1524359244992,510737.787215289,5656010.46939679
0.000219220176770562,79.1524359244992,511237.787215289,5656010.46939679
0.000135828369776925,79.1524359244992,511737.787215289,5656010.46939679
8.88762641169828e-05,79.1524359244992,512237.787215289,5656010.46939679
7.58304505153538e-05,79.1524359244992,512737.787215289,5656010.46939679
6.69212169073566e-05,79.1524359244992,513237.787215289,5656010.46939679
6.9351554198746e-05,79.1524359244992,513737.787215289,5656010.46939679
4.85602564023275e-05,79.1524359244992,514237.787215289,5656010.46939679
2.27060586640167e-05,79.1524359244992,514737.787215289,5656010.46939679
3.26236495649892e-05,79.1524359244992,515237.787215289,5656010.46939679
2.33015040618808e-05,79.1524359244992,515737.787215289,5656010.46939679
1.64654911227088e-05,79.1524359244992,516237.787215289,5656010.46939679
3.64021593758051e-05,79.1524359244992,516737.787215289,5656010.46939679
4.5773421807272e-05,79.1524359244992,517237.787215289,5656010.46939679
7.74010058658534e-05,79.1524359244992,517737.787215289,5656010.46939679
5.75650593947519e-05,79.1524359244992,518237.787215289,5656010.46939679
6.61510806624723e-05,79.1524359244992,518737.787215289,5656010.46939679
8.79402615250808e-05,79.1524359244992,519237.787215289,5656010.46939679
0.000179146938451089,79.1524359244992,519737.787215289,5656010.46939679
0.000158587072225493,79.1524359244992,520237.787215289,5656010.46939679
0.000261449324529349,79.1524359244992,520737.787215289,5656010.46939679
0.000221973435672072,79.1524359244992,521237.787215289,5656010.46939679
0.000274740985889047,79.1524359244992,521737.787215289,5656010.46939679
0.000252158016646078,79.1524359244992,522237.787215289,5656010.46939679
0.000223944215845825,79.1524359244992,522737.787215289,5656010.46939679
0.000334305272544772,79.1524359244992,523237.787215289,5656010.46939679
0.000484626348561458,79.1524359244992,523737.787215289,5656010.46939679
0.000827271722725604,79.1524359244992,524237.787215289,5656010.46939679
0.00106200693169266,79.1524359244992,524737.787215289,5656010.46939679
0.000615593682571088,79.1524359244992,525237.787215289,5656010.46939679
0.000758784694855509,79.1524359244992,525737.787215289,5656010.46939679
0.00114579502808492,79.1524359244992,526237.787215289,5656010.46939679
0.00111651544276044,79.1524359244992,526737.787215289,5656010.46939679
0.00130412112226348,79.1524359244992,527237.787215289,5656010.46939679
0.00127079568033291,79.1524359244992,527737.787215289,5656010.46939679
0.00137622404765112,79.1524359244992,528237.787215289,5656010.46939679
0.00123687404107275,79.1524359244992,528737.787215289,5656010.46939679
0.000113849691292482,79.1524359244992,479237.787215289,5656510.46939679
0.000140045594135775,79.1524359244992,479737.787215289,5656510.46939679
0.000512489180904105,79.1524359244992,480237.787215289,5656510.46939679
0.000836684902306765,79.1524359244992,480737.787215289,5656510.46939679
0.00083625362793019,79.1524359244992,481237.787215289,5656510.46939679
0.000809861885899407,79.1524359244992,481737.787215289,5656510.46939679
0.000603130050455781,79.1524359244992,482237.787215289,5656510.46939679
0.000614299406016972,79.1524359244992,482737.787215289,5656510.46939679
0.000204352856985223,79.1524359244992,483237.787215289,5656510.46939679
0.000316416595736701,79.1524359244992,483737.787215289,5656510.46939679
0.000237324084279147,79.1524359244992,484237.787215289,5656510.46939679
0.000265798146282652,79.1524359244992,484737.787215289,5656510.46939679
0.00020517760519947,79.1524359244992,485237.787215289,5656510.46939679
0.000265798146282652,79.1524359244992,485737.787215289,5656510.46939679
0.000259005954562129,79.1524359244992,486237.787215289,5656510.46939679
0.000252387330148278,79.1524359244992,486737.787215289,5656510.46939679
0.00020517760519947,79.1524359244992,487237.787215289,5656510.46939679
0.000566693463511524,79.1524359244992,487737.787215289,5656510.46939679
0.000504218571942446,79.1524359244992,488237.787215289,5656510.46939679
0.000639024422040294,79.1524359244992,488737.787215289,5656510.46939679
0.000717518809054696,79.1524359244992,489237.787215289,5656510.46939679
0.000789166718257707,79.1524359244992,489737.787215289,5656510.46939679
0.000686470633046705,79.1524359244992,490237.787215289,5656510.46939679
0.000618173553191837,79.1524359244992,490737.787215289,5656510.46939679
0.000431122443567937,79.1524359244992,491237.787215289,5656510.46939679
0.000233529071253951,79.1524359244992,491737.787215289,5656510.46939679
0.000239653155261803,79.1524359244992,492237.787215289,5656510.46939679
0.00051095118042078,79.1524359244992,492737.787215289,5656510.46939679
0.000456424414937093,79.1524359244992,493237.787215289,5656510.46939679
0.000649597458784966,79.1524359244992,493737.787215289,5656510.46939679
0.000398099144291054,79.1524359244992,494237.787215289,5656510.46939679
0.000238793566298264,79.1524359244992,494737.787215289,5656510.46939679
0.000647246952096702,79.1524359244992,495237.787215289,5656510.46939679
0.000252645751592394,79.1524359244992,495737.787215289,5656510.46939679
0.000148538477091192,79.1524359244992,496237.787215289,5656510.46939679
0.000121422140884443,79.1524359244992,496737.787215289,5656510.46939679
0.000174230291261777,79.1524359244992,497237.787215289,5656510.46939679
8.96147679118763e-05,79.1524359244992,497737.787215289,5656510.46939679
0.000107417484602305,79.1524359244992,498237.787215289,5656510.46939679
0.000118165494216134,79.1524359244992,498737.787215289,5656510.46939679
0.000130791184617604,79.1524359244992,499237.787215289,5656510.46939679
0.000189083710627684,79.1524359244992,499737.787215289,5656510.46939679
0.000177183956448233,79.1524359244992,500237.787215289,5656510.46939679
0.000136773639591739,79.1524359244992,500737.787215289,5656510.46939679
0.000145959418722064,79.1524359244992,501237.787215289,5656510.46939679
0.000235732101374009,79.1524359244992,501737.787215289,5656510.46939679
0.000147818571563123,79.1524359244992,502237.787215289,5656510.46939679
0.000147930983056167,79.1524359244992,502737.787215289,5656510.46939679
0.000271672015176331,79.1524359244992,503237.787215289,5656510.46939679
0.000268101708236676,79.1524359244992,503737.787215289,5656510.46939679
0.000179543512877258,79.1524359244992,504237.787215289,5656510.46939679
0.000149787069545969,79.1524359244992,504737.787215289,5656510.46939679
0.000209114461400661,79.1524359244992,505237.787215289,5656510.46939679
0.000127874009942556,79.1524359244992,505737.787215289,5656510.46939679
0.000138200266850973,79.1524359244992,506237.787215289,5656510.46939679
0.000153277242290543,79.1524359244992,506737.787215289,5656510.46939679
0.000105342897579139,79.1524359244992,507237.787215289,5656510.46939679
5.92249084843551e-05,79.1524359244992,507737.787215289,5656510.46939679
8.29187959189705e-05,79.1524359244992,508237.787215289,5656510.46939679
0.000124444318574825,79.1524359244992,508737.787215289,5656510.46939679
0.000183488166448212,79.1524359244992,509237.787215289,5656510.46939679
0.000166798585533819,79.1524359244992,509737.787215289,5656510.46939679
8.29187959189705e-05,79.1524359244992,510237.787215289,5656510.46939679
8.29187959189705e-05,79.1524359244992,510737.787215289,5656510.46939679
6.40075192796346e-05,79.1524359244992,511237.787215289,5656510.46939679
9.43765250677713e-05,79.1524359244992,511737.787215289,5656510.46939679
0.000189846834055387,79.1524359244992,512237.787215289,5656510.46939679
0.000104672543902909,79.1524359244992,512737.787215289,5656510.46939679
9.70967708761983e-05,79.1524359244992,513237.787215289,5656510.46939679
0.000107417484602305,79.1524359244992,513737.787215289,5656510.46939679
7.43313514715245e-05,79.1524359244992,514237.787215289,5656510.46939679
3.81053309731544e-05,79.1524359244992,514737.787215289,5656510.46939679
2.45396493619823e-05,79.1524359244992,515237.787215289,5656510.46939679
2.86629936678515e-05,79.1524359244992,515737.787215289,5656510.46939679
1.68972834058903e-05,79.1524359244992,516237.787215289,5656510.46939679
3.64021593758051e-05,79.1524359244992,516737.787215289,5656510.46939679
3.88732054248612e-05,79.1524359244992,517237.787215289,5656510.46939679
0.000112647949706593,79.1524359244992,517737.787215289,5656510.46939679
5.38448148009924e-05,79.1524359244992,518237.787215289,5656510.46939679
5.76300430192994e-05,79.1524359244992,518737.787215289,5656510.46939679
0.000170041364840516,79.1524359244992,519237.787215289,5656510.46939679
0.000112203467247463,79.1524359244992,519737.787215289,5656510.46939679
0.000199130834925656,79.1524359244992,520237.787215289,5656510.46939679
0.000222221756282358,79.1524359244992,520737.787215289,5656510.46939679
0.000173876492938282,79.1524359244992,521237.787215289,5656510.46939679
0.000217219519924963,79.1524359244992,521737.787215289,5656510.46939679
0.00023366265566754,79.1524359244992,522237.787215289,5656510.46939679
0.000278917533733575,79.1524359244992,522737.787215289,5656510.46939679
0.000249814866001991,79.1524359244992,523237.787215289,5656510.46939679
0.000386283880785206,79.1524359244992,523737.787215289,5656510.46939679
0.000883097927777131,79.1524359244992,524237.787215289,5656510.46939679
0.000839847712868495,79.1524359244992,524737.787215289,5656510.46939679
0.000406809404383555,79.1524359244992,525237.787215289,5656510.46939679
0.000255415850790688,79.1524359244992,525737.787215289,5656510.46939679
0.000668069808846175,79.1524359244992,526237.787215289,5656510.46939679
0.00095987047559629,79.1524359244992,526737.787215289,5656510.46939679
0.00103738324878816,79.1524359244992,527237.787215289,5656510.46939679
0.000396611434279384,79.1524359244992,527737.787215289,5656510.46939679
0.000476013399898766,79.1524359244992,528237.787215289,5656510.46939679
0.00101762032558522,79.1524359244992,528737.787215289,5656510.46939679
5.33993046485502e-05,79.1524359244992,479237.787215289,5657010.46939679
4.45492306066598e-05,79.1524359244992,479737.787215289,5657010.46939679
0.000622007005903393,79.1524359244992,480237.787215289,5657010.46939679
0.000831099765180877,79.1524359244992,480737.787215289,5657010.46939679
0.000747972188647093,79.1524359244992,481237.787215289,5657010.46939679
0.000663401655031791,79.1524359244992,481737.787215289,5657010.46939679
0.000422320604030585,79.1524359244992,482237.787215289,5657010.46939679
0.00037927537606172,79.1524359244992,482737.787215289,5657010.46939679
0.000490694994442864,79.1524359244992,483237.787215289,5657010.46939679
0.000111312915590639,79.1524359244992,483737.787215289,5657010.46939679
0.000174921518763586,79.1524359244992,484237.787215289,5657010.46939679
0.000265798146282652,79.1524359244992,484737.787215289,5657010.46939679
0.000524350402778862,79.1524359244992,485237.787215289,5657010.46939679
0.000604385772008967,79.1524359244992,485737.787215289,5657010.46939679
0.000573891554588712,79.1524359244992,486237.787215289,5657010.46939679
0.000604385772008967,79.1524359244992,486737.787215289,5657010.46939679
0.000604385772008967,79.1524359244992,487237.787215289,5657010.46939679
0.000598146759327673,79.1524359244992,487737.787215289,5657010.46939679
0.000747972188647093,79.1524359244992,488237.787215289,5657010.46939679
0.000722946835857789,79.1524359244992,488737.787215289,5657010.46939679
0.000858626190397,79.1524359244992,489237.787215289,5657010.46939679
0.000941523558650934,79.1524359244992,489737.787215289,5657010.46939679
0.000800812088912397,79.1524359244992,490237.787215289,5657010.46939679
0.000699183371496762,79.1524359244992,490737.787215289,5657010.46939679
0.000606782515355799,79.1524359244992,491237.787215289,5657010.46939679
0.000604385772008967,79.1524359244992,491737.787215289,5657010.46939679
0.000245937837711356,79.1524359244992,492237.787215289,5657010.46939679
0.00015838278131038,79.1524359244992,492737.787215289,5657010.46939679
0.000426269257907433,79.1524359244992,493237.787215289,5657010.46939679
0.000533116424045674,79.1524359244992,493737.787215289,5657010.46939679
0.000570733443256075,79.1524359244992,494237.787215289,5657010.46939679
0.000338855887528,79.1524359244992,494737.787215289,5657010.46939679
0.000185184916533856,79.1524359244992,495237.787215289,5657010.46939679
0.000129872740701935,79.1524359244992,495737.787215289,5657010.46939679
0.000131747781042648,79.1524359244992,496237.787215289,5657010.46939679
5.7711478316831e-05,79.1524359244992,496737.787215289,5657010.46939679
5.33993046485502e-05,79.1524359244992,497237.787215289,5657010.46939679
0.000199934507567817,79.1524359244992,497737.787215289,5657010.46939679
0.000113849691292482,79.1524359244992,498237.787215289,5657010.46939679
0.00029393512185198,79.1524359244992,498737.787215289,5657010.46939679
0.000164743300873117,79.1524359244992,499237.787215289,5657010.46939679
0.000239898538080478,79.1524359244992,499737.787215289,5657010.46939679
0.000310777517145296,79.1524359244992,500237.787215289,5657010.46939679
0.000171347989389898,79.1524359244992,500737.787215289,5657010.46939679
0.000166969371964837,79.1524359244992,501237.787215289,5657010.46939679
0.000181665385078152,79.1524359244992,501737.787215289,5657010.46939679
0.00020013922213944,79.1524359244992,502237.787215289,5657010.46939679
0.00017702311747136,79.1524359244992,502737.787215289,5657010.46939679
0.000195024875081045,79.1524359244992,503237.787215289,5657010.46939679
0.000141043984623846,79.1524359244992,503737.787215289,5657010.46939679
0.000235552970559581,79.1524359244992,504237.787215289,5657010.46939679
0.000189292800802618,79.1524359244992,504737.787215289,5657010.46939679
0.000149360403777594,79.1524359244992,505237.787215289,5657010.46939679
0.000127874009942556,79.1524359244992,505737.787215289,5657010.46939679
0.000169999042256034,79.1524359244992,506237.787215289,5657010.46939679
0.000143718160376936,79.1524359244992,506737.787215289,5657010.46939679
0.000145354428773394,79.1524359244992,507237.787215289,5657010.46939679
5.92249084843551e-05,79.1524359244992,507737.787215289,5657010.46939679
0.000131056773623159,79.1524359244992,508237.787215289,5657010.46939679
0.000150585578999716,79.1524359244992,508737.787215289,5657010.46939679
0.000591238729000648,79.1524359244992,509237.787215289,5657010.46939679
0.00014680642731251,79.1524359244992,509737.787215289,5657010.46939679
0.000128975164371297,79.1524359244992,510237.787215289,5657010.46939679
0.000169762111802485,79.1524359244992,510737.787215289,5657010.46939679
7.2607923453314e-05,79.1524359244992,511237.787215289,5657010.46939679
6.91763420016945e-05,79.1524359244992,511737.787215289,5657010.46939679
0.00023997065680663,79.1524359244992,512237.787215289,5657010.46939679
0.000125466612646159,79.1524359244992,512737.787215289,5657010.46939679
8.14938721744934e-05,79.1524359244992,513237.787215289,5657010.46939679
5.04125936929589e-05,79.1524359244992,513737.787215289,5657010.46939679
2.45396493619823e-05,79.1524359244992,514237.787215289,5657010.46939679
4.01300902474024e-05,79.1524359244992,514737.787215289,5657010.46939679
3.01860262928032e-05,79.1524359244992,515237.787215289,5657010.46939679
3.71315893682435e-05,79.1524359244992,515737.787215289,5657010.46939679
4.71573224249701e-05,79.1524359244992,516237.787215289,5657010.46939679
2.0785213090997e-05,79.1524359244992,516737.787215289,5657010.46939679
3.70664020208775e-05,79.1524359244992,517237.787215289,5657010.46939679
8.21137852603392e-05,79.1524359244992,517737.787215289,5657010.46939679
0.000106408900212581,79.1524359244992,518237.787215289,5657010.46939679
5.9834400637066e-05,79.1524359244992,518737.787215289,5657010.46939679
8.35032453358578e-05,79.1524359244992,519237.787215289,5657010.46939679
0.000101363362725373,79.1524359244992,519737.787215289,5657010.46939679
0.000216358604173477,79.1524359244992,520237.787215289,5657010.46939679
0.000133379887505651,79.1524359244992,520737.787215289,5657010.46939679
0.000166969371964837,79.1524359244992,521237.787215289,5657010.46939679
0.000546730111696529,79.1524359244992,521737.787215289,5657010.46939679
0.000242140218371174,79.1524359244992,522237.787215289,5657010.46939679
0.000268553134961469,79.1524359244992,522737.787215289,5657010.46939679
0.000262000175999355,79.1524359244992,523237.787215289,5657010.46939679
0.000229834124606481,79.1524359244992,523737.787215289,5657010.46939679
0.000907609759357574,79.1524359244992,524237.787215289,5657010.46939679
0.000291790718633634,79.1524359244992,524737.787215289,5657010.46939679
0.000346145295823006,79.1524359244992,525237.787215289,5657010.46939679
0.000332266345659473,79.1524359244992,525737.787215289,5657010.46939679
0.00045908722882429,79.1524359244992,526237.787215289,5657010.46939679
0.000642752537911355,79.1524359244992,526737.787215289,5657010.46939679
0.000876900241488321,79.1524359244992,527237.787215289,5657010.46939679
0.000731568160563297,79.1524359244992,527737.787215289,5657010.46939679
0.0010113486930161,79.1524359244992,528237.787215289,5657010.46939679
5.20347416522009e-05,79.1524359244992,479237.787215289,5657510.46939679
5.07050486262241e-05,79.1524359244992,479737.787215289,5657510.46939679
0.000655057878883277,79.1524359244992,480237.787215289,5657510.46939679
0.000739358913422835,79.1524359244992,480737.787215289,5657510.46939679
0.000638318564619277,79.1524359244992,481237.787215289,5657510.46939679
0.000441531642005659,79.1524359244992,481737.787215289,5657510.46939679
0.000161421759341913,79.1524359244992,482237.787215289,5657510.46939679
0.000544227426384639,79.1524359244992,482737.787215289,5657510.46939679
0.000239653155261803,79.1524359244992,483237.787215289,5657510.46939679
0.000265798146282652,79.1524359244992,483737.787215289,5657510.46939679
0.000245937837711356,79.1524359244992,484237.787215289,5657510.46939679
0.000265798146282652,79.1524359244992,484737.787215289,5657510.46939679
0.000253109148294343,79.1524359244992,485237.787215289,5657510.46939679
0.000672236166189203,79.1524359244992,485737.787215289,5657510.46939679
0.000622007005903393,79.1524359244992,486237.787215289,5657510.46939679
0.000638318564619277,79.1524359244992,486737.787215289,5657510.46939679
0.000672236166189203,79.1524359244992,487237.787215289,5657510.46939679
0.000702054641049618,79.1524359244992,487737.787215289,5657510.46939679
0.000335873848173345,79.1524359244992,488237.787215289,5657510.46939679
0.000417685721244527,79.1524359244992,488737.787215289,5657510.46939679
0.000386476446741464,79.1524359244992,489237.787215289,5657510.46939679
0.000396611434279384,79.1524359244992,489737.787215289,5657510.46939679
0.000929952576079307,79.1524359244992,490237.787215289,5657510.46939679
0.000324039675272393,79.1524359244992,490737.787215289,5657510.46939679
0.000375645604931233,79.1524359244992,491237.787215289,5657510.46939679
0.000591276827168739,79.1524359244992,491737.787215289,5657510.46939679
0.000227561481763746,79.1524359244992,492237.787215289,5657510.46939679
0.000216079892317467,79.1524359244992,492737.787215289,5657510.46939679
0.000350479837744014,79.1524359244992,493237.787215289,5657510.46939679
0.000586983674793767,79.1524359244992,493737.787215289,5657510.46939679
0.000356692447394682,79.1524359244992,494237.787215289,5657510.46939679
0.000165103573677945,79.1524359244992,494737.787215289,5657510.46939679
0.000314675362869898,79.1524359244992,495237.787215289,5657510.46939679
0.000114912554128474,79.1524359244992,495737.787215289,5657510.46939679
0.00010947856329538,79.1524359244992,496237.787215289,5657510.46939679
5.07050486262241e-05,79.1524359244992,496737.787215289,5657510.46939679
5.7711478316831e-05,79.1524359244992,497237.787215289,5657510.46939679
0.000121264275063946,79.1524359244992,497737.787215289,5657510.46939679
0.000134221062524384,79.1524359244992,498237.787215289,5657510.46939679
0.000147930983056167,79.1524359244992,498737.787215289,5657510.46939679
0.000302835924969427,79.1524359244992,499237.787215289,5657510.46939679
0.000329320560762704,79.1524359244992,499737.787215289,5657510.46939679
0.000233316891945413,79.1524359244992,500237.787215289,5657510.46939679
0.000194648377766611,79.1524359244992,500737.787215289,5657510.46939679
0.000287001241579697,79.1524359244992,501237.787215289,5657510.46939679
0.00049962944234621,79.1524359244992,501737.787215289,5657510.46939679
0.000511634885505931,79.1524359244992,502237.787215289,5657510.46939679
0.000180452711007075,79.1524359244992,502737.787215289,5657510.46939679
0.000158544950730871,79.1524359244992,503237.787215289,5657510.46939679
0.000254574666138157,79.1524359244992,503737.787215289,5657510.46939679
0.000117926029629664,79.1524359244992,504237.787215289,5657510.46939679
0.000134668704568064,79.1524359244992,504737.787215289,5657510.46939679
0.000198305453770708,79.1524359244992,505237.787215289,5657510.46939679
0.000198305453770708,79.1524359244992,505737.787215289,5657510.46939679
0.000106542253691463,79.1524359244992,506237.787215289,5657510.46939679
0.000115145899449613,79.1524359244992,506737.787215289,5657510.46939679
5.92249084843551e-05,79.1524359244992,507237.787215289,5657510.46939679
0.000210558198219536,79.1524359244992,507737.787215289,5657510.46939679
0.000128756858575284,79.1524359244992,508237.787215289,5657510.46939679
0.000132324219285578,79.1524359244992,508737.787215289,5657510.46939679
0.000311006055069732,79.1524359244992,509237.787215289,5657510.46939679
0.000123747269572334,79.1524359244992,509737.787215289,5657510.46939679
8.82902125144517e-05,79.1524359244992,510237.787215289,5657510.46939679
6.81349619927855e-05,79.1524359244992,510737.787215289,5657510.46939679
7.48130078761169e-05,79.1524359244992,511237.787215289,5657510.46939679
7.75248836189355e-05,79.1524359244992,511737.787215289,5657510.46939679
7.4945360155974e-05,79.1524359244992,512237.787215289,5657510.46939679
4.9409334505248e-05,79.1524359244992,512737.787215289,5657510.46939679
4.42922810007117e-05,79.1524359244992,513237.787215289,5657510.46939679
4.63948672897231e-05,79.1524359244992,513737.787215289,5657510.46939679
3.01860262928032e-05,79.1524359244992,514237.787215289,5657510.46939679
0.000106223427074134,79.1524359244992,514737.787215289,5657510.46939679
5.28057156071501e-05,79.1524359244992,515237.787215289,5657510.46939679
4.93637028578472e-05,79.1524359244992,515737.787215289,5657510.46939679
9.9901707871557e-05,79.1524359244992,516237.787215289,5657510.46939679
1.60447328366105e-05,79.1524359244992,516737.787215289,5657510.46939679
0.000122873831683924,79.1524359244992,517237.787215289,5657510.46939679
7.53812416117901e-05,79.1524359244992,517737.787215289,5657510.46939679
9.32996777954795e-05,79.1524359244992,518237.787215289,5657510.46939679
6.09687903883103e-05,79.1524359244992,518737.787215289,5657510.46939679
7.89380371381706e-05,79.1524359244992,519237.787215289,5657510.46939679
0.000103021460556057,79.1524359244992,519737.787215289,5657510.46939679
0.000134668704568064,79.1524359244992,520237.787215289,5657510.46939679
0.000405666843225244,79.1524359244992,520737.787215289,5657510.46939679
0.000166047998145104,79.1524359244992,521237.787215289,5657510.46939679
0.000216203495368465,79.1524359244992,521737.787215289,5657510.46939679
0.000242046556921096,79.1524359244992,522237.787215289,5657510.46939679
0.000262535718298512,79.1524359244992,522737.787215289,5657510.46939679
0.000262535718298512,79.1524359244992,523237.787215289,5657510.46939679
0.000290564394696895,79.1524359244992,523737.787215289,5657510.46939679
0.000333120405072139,79.1524359244992,524237.787215289,5657510.46939679
0.000216203495368465,79.1524359244992,524737.787215289,5657510.46939679
0.000211168549887827,79.1524359244992,525237.787215289,5657510.46939679
0.000332638050415413,79.1524359244992,525737.787215289,5657510.46939679
0.00053854330307615,79.1524359244992,526237.787215289,5657510.46939679
0.00081488404711361,79.1524359244992,526737.787215289,5657510.46939679
0.000903783924403121,79.1524359244992,527237.787215289,5657510.46939679
0.000715953505935052,79.1524359244992,527737.787215289,5657510.46939679
0.000936828063122709,79.1524359244992,528237.787215289,5657510.46939679
0.000490694994442864,79.1524359244992,479737.787215289,5658010.46939679
0.000680798750153813,79.1524359244992,480237.787215289,5658010.46939679
0.000571983925127431,79.1524359244992,480737.787215289,5658010.46939679
0.000116835294198362,79.1524359244992,481237.787215289,5658010.46939679
0.000243933951672621,79.1524359244992,481737.787215289,5658010.46939679
6.23718745297274e-05,79.1524359244992,482237.787215289,5658010.46939679
0.000221746387738591,79.1524359244992,482737.787215289,5658010.46939679
0.000111312915590639,79.1524359244992,483237.787215289,5658010.46939679
0.000454030502457798,79.1524359244992,483737.787215289,5658010.46939679
0.000284921646965274,79.1524359244992,484237.787215289,5658010.46939679
0.000544227426384639,79.1524359244992,484737.787215289,5658010.46939679
0.000326002010823823,79.1524359244992,485237.787215289,5658010.46939679
0.000348054112877825,79.1524359244992,485737.787215289,5658010.46939679
0.000348054112877825,79.1524359244992,486237.787215289,5658010.46939679
0.000348054112877825,79.1524359244992,486737.787215289,5658010.46939679
0.000831099765180877,79.1524359244992,487237.787215289,5658010.46939679
0.000378493323208805,79.1524359244992,487737.787215289,5658010.46939679
0.000174921518763586,79.1524359244992,488237.787215289,5658010.46939679
0.000902027548985683,79.1524359244992,488737.787215289,5658010.46939679
0.00101394826977745,79.1524359244992,489237.787215289,5658010.46939679
0.00117445282485699,79.1524359244992,489737.787215289,5658010.46939679
0.000806131665037828,79.1524359244992,490237.787215289,5658010.46939679
0.000929952576079307,79.1524359244992,490737.787215289,5658010.46939679
0.000473405775017019,79.1524359244992,491237.787215289,5658010.46939679
0.000396611434279384,79.1524359244992,491737.787215289,5658010.46939679
0.000566693463511524,79.1524359244992,492237.787215289,5658010.46939679
0.000503563017049491,79.1524359244992,492737.787215289,5658010.46939679
6.0778026958933e-05,79.1524359244992,493237.787215289,5658010.46939679
0.000198305453770708,79.1524359244992,493737.787215289,5658010.46939679
0.000199351035285439,79.1524359244992,494237.787215289,5658010.46939679
0.000150268898894935,79.1524359244992,494737.787215289,5658010.46939679
0.000131747781042648,79.1524359244992,495237.787215289,5658010.46939679
0.000115145899449613,79.1524359244992,495737.787215289,5658010.46939679
6.56860573010377e-05,79.1524359244992,496237.787215289,5658010.46939679
0.000122260445486848,79.1524359244992,496737.787215289,5658010.46939679
0.000118165494216134,79.1524359244992,497237.787215289,5658010.46939679
0.000134221062524384,79.1524359244992,497737.787215289,5658010.46939679
0.000144150762567893,79.1524359244992,498237.787215289,5658010.46939679
0.000180452711007075,79.1524359244992,498737.787215289,5658010.46939679
0.000513031753992292,79.1524359244992,499237.787215289,5658010.46939679
0.000711219852696807,79.1524359244992,499737.787215289,5658010.46939679
0.000198498511010909,79.1524359244992,500237.787215289,5658010.46939679
0.000231851787295628,79.1524359244992,500737.787215289,5658010.46939679
0.000699514323031133,79.1524359244992,501237.787215289,5658010.46939679
0.000831099765180877,79.1524359244992,501737.787215289,5658010.46939679
0.00056839925235041,79.1524359244992,502237.787215289,5658010.46939679
0.000480145966679681,79.1524359244992,502737.787215289,5658010.46939679
0.000161882879807847,79.1524359244992,503237.787215289,5658010.46939679
0.000235024659930642,79.1524359244992,503737.787215289,5658010.46939679
0.000161211888404874,79.1524359244992,504237.787215289,5658010.46939679
6.23718745297274e-05,79.1524359244992,504737.787215289,5658010.46939679
0.000166798585533819,79.1524359244992,505237.787215289,5658010.46939679
7.0990427620669e-05,79.1524359244992,505737.787215289,5658010.46939679
6.56860573010377e-05,79.1524359244992,506237.787215289,5658010.46939679
0.000101997747272434,79.1524359244992,506737.787215289,5658010.46939679
0.000132133388162235,79.1524359244992,507237.787215289,5658010.46939679
6.40075192796346e-05,79.1524359244992,507737.787215289,5658010.46939679
0.000205538725131755,79.1524359244992,508237.787215289,5658010.46939679
0.000133544743246235,79.1524359244992,508737.787215289,5658010.46939679
0.000290185409568691,79.1524359244992,509237.787215289,5658010.46939679
8.11721381239236e-05,79.1524359244992,509737.787215289,5658010.46939679
0.000109864960121481,79.1524359244992,510237.787215289,5658010.46939679
9.63711263834383e-05,79.1524359244992,510737.787215289,5658010.46939679
6.35984367332449e-05,79.1524359244992,511237.787215289,5658010.46939679
6.41696397063049e-05,79.1524359244992,511737.787215289,5658010.46939679
4.71654652579443e-05,79.1524359244992,512237.787215289,5658010.46939679
5.30913098728717e-05,79.1524359244992,512737.787215289,5658010.46939679
2.15604269802065e-05,79.1524359244992,513237.787215289,5658010.46939679
2.5183178980839e-05,79.1524359244992,513737.787215289,5658010.46939679
6.23142714185993e-05,79.1524359244992,514237.787215289,5658010.46939679
2.5183178980839e-05,79.1524359244992,514737.787215289,5658010.46939679
3.17899865557939e-05,79.1524359244992,515237.787215289,5658010.46939679
4.23532539311207e-05,79.1524359244992,515737.787215289,5658010.46939679
5.09594381536428e-05,79.1524359244992,516237.787215289,5658010.46939679
1.73403990425282e-05,79.1524359244992,516737.787215289,5658010.46939679
3.95343788551584e-05,79.1524359244992,517237.787215289,5658010.46939679
4.65436218764054e-05,79.1524359244992,517737.787215289,5658010.46939679
5.1815216572889e-05,79.1524359244992,518237.787215289,5658010.46939679
0.000102848714007585,79.1524359244992,518737.787215289,5658010.46939679
0.000196522991899768,79.1524359244992,519237.787215289,5658010.46939679
8.46438439892614e-05,79.1524359244992,519737.787215289,5658010.46939679
0.00011989919178041,79.1524359244992,520237.787215289,5658010.46939679
0.000162061891101552,79.1524359244992,520737.787215289,5658010.46939679
0.00028052163906694,79.1524359244992,521237.787215289,5658010.46939679
0.000208509943547746,79.1524359244992,521737.787215289,5658010.46939679
0.000230588478015679,79.1524359244992,522237.787215289,5658010.46939679
0.000275595692662079,79.1524359244992,522737.787215289,5658010.46939679
0.000275904000232248,79.1524359244992,523237.787215289,5658010.46939679
0.000207332448723542,79.1524359244992,523737.787215289,5658010.46939679
0.000246650745452837,79.1524359244992,524237.787215289,5658010.46939679
0.00019821108736564,79.1524359244992,524737.787215289,5658010.46939679
0.00020872975251245,79.1524359244992,525237.787215289,5658010.46939679
0.000285969572318915,79.1524359244992,525737.787215289,5658010.46939679
0.000295427395711022,79.1524359244992,526237.787215289,5658010.46939679
0.000712337054933192,79.1524359244992,526737.787215289,5658010.46939679
0.000712337054933192,79.1524359244992,527237.787215289,5658010.46939679
0.00067639616744765,79.1524359244992,527737.787215289,5658010.46939679
0.000376600448137084,79.1524359244992,528237.787215289,5658010.46939679
0.000241187964368945,79.1524359244992,479737.787215289,5658510.46939679
0.000547096909427174,79.1524359244992,480237.787215289,5658510.46939679
0.000140045594135775,79.1524359244992,480737.787215289,5658510.46939679
0.000277640774323457,79.1524359244992,481237.787215289,5658510.46939679
0.00011913620855293,79.1524359244992,481737.787215289,5658510.46939679
0.000194825391774719,79.1524359244992,482237.787215289,5658510.46939679
0.000239653155261803,79.1524359244992,482737.787215289,5658510.46939679
0.000530320267620484,79.1524359244992,483237.787215289,5658510.46939679
0.000538101007356382,79.1524359244992,483737.787215289,5658510.46939679
0.000253109148294343,79.1524359244992,484237.787215289,5658510.46939679
0.000253109148294343,79.1524359244992,484737.787215289,5658510.46939679
0.000300487839151699,79.1524359244992,485237.787215289,5658510.46939679
0.000378493323208805,79.1524359244992,485737.787215289,5658510.46939679
0.000385279894917775,79.1524359244992,486237.787215289,5658510.46939679
0.000385279894917775,79.1524359244992,486737.787215289,5658510.46939679
0.000919989215319157,79.1524359244992,487237.787215289,5658510.46939679
0.000991552216285335,79.1524359244992,487737.787215289,5658510.46939679
0.000396611434279384,79.1524359244992,488237.787215289,5658510.46939679
0.00095987047559629,79.1524359244992,488737.787215289,5658510.46939679
0.000860864278248527,79.1524359244992,489237.787215289,5658510.46939679
0.00109343717409864,79.1524359244992,489737.787215289,5658510.46939679
0.00111644350151217,79.1524359244992,490237.787215289,5658510.46939679
0.000647625646250598,79.1524359244992,490737.787215289,5658510.46939679
0.000906188617315624,79.1524359244992,491237.787215289,5658510.46939679
0.000658375054696861,79.1524359244992,491737.787215289,5658510.46939679
0.000529245563668838,79.1524359244992,492237.787215289,5658510.46939679
0.000460691935911274,79.1524359244992,492737.787215289,5658510.46939679
5.33993046485502e-05,79.1524359244992,493237.787215289,5658510.46939679
9.36075510752883e-05,79.1524359244992,493737.787215289,5658510.46939679
0.000101298378145871,79.1524359244992,494237.787215289,5658510.46939679
0.000153715096974263,79.1524359244992,494737.787215289,5658510.46939679
0.000130791184617604,79.1524359244992,495237.787215289,5658510.46939679
5.47996520480094e-05,79.1524359244992,495737.787215289,5658510.46939679
0.000199934507567817,79.1524359244992,496237.787215289,5658510.46939679
0.000109336225801611,79.1524359244992,496737.787215289,5658510.46939679
0.000285292567333635,79.1524359244992,497237.787215289,5658510.46939679
0.000125100461291231,79.1524359244992,497737.787215289,5658510.46939679
0.000453677015147414,79.1524359244992,498237.787215289,5658510.46939679
0.000169433262267768,79.1524359244992,498737.787215289,5658510.46939679
0.000743206345346828,79.1524359244992,499237.787215289,5658510.46939679
0.00111644350151217,79.1524359244992,499737.787215289,5658510.46939679
0.000440445909537084,79.1524359244992,500237.787215289,5658510.46939679
0.000906718814222064,79.1524359244992,500737.787215289,5658510.46939679
0.000858626190397,79.1524359244992,501237.787215289,5658510.46939679
0.000739358913422835,79.1524359244992,501737.787215289,5658510.46939679
0.000655782246762631,79.1524359244992,502237.787215289,5658510.46939679
0.000573891554588712,79.1524359244992,502737.787215289,5658510.46939679
0.000257230025455254,79.1524359244992,503237.787215289,5658510.46939679
0.000124444318574825,79.1524359244992,503737.787215289,5658510.46939679
0.000221746387738591,79.1524359244992,504237.787215289,5658510.46939679
0.000210558198219536,79.1524359244992,504737.787215289,5658510.46939679
0.00020517760519947,79.1524359244992,505237.787215289,5658510.46939679
0.000233529071253951,79.1524359244992,505737.787215289,5658510.46939679
0.000189846834055387,79.1524359244992,506237.787215289,5658510.46939679
0.000210558198219536,79.1524359244992,506737.787215289,5658510.46939679
0.000398909183690025,79.1524359244992,507237.787215289,5658510.46939679
0.000118165494216134,79.1524359244992,507737.787215289,5658510.46939679
0.000287749291527609,79.1524359244992,508237.787215289,5658510.46939679
0.000406632709916193,79.1524359244992,508737.787215289,5658510.46939679
0.00015382813516808,79.1524359244992,509237.787215289,5658510.46939679
7.46979489841339e-05,79.1524359244992,509737.787215289,5658510.46939679
7.48130078761169e-05,79.1524359244992,510237.787215289,5658510.46939679
9.95229796014123e-05,79.1524359244992,510737.787215289,5658510.46939679
6.31727402222085e-05,79.1524359244992,511237.787215289,5658510.46939679
5.21586063862458e-05,79.1524359244992,511737.787215289,5658510.46939679
4.41745253392719e-05,79.1524359244992,512237.787215289,5658510.46939679
5.01414090543931e-05,79.1524359244992,512737.787215289,5658510.46939679
2.5183178980839e-05,79.1524359244992,513237.787215289,5658510.46939679
3.34791746159216e-05,79.1524359244992,513737.787215289,5658510.46939679
3.17899865557939e-05,79.1524359244992,514237.787215289,5658510.46939679
3.17899865557939e-05,79.1524359244992,514737.787215289,5658510.46939679
4.11824647659074e-05,79.1524359244992,515237.787215289,5658510.46939679
5.81210093998838e-05,79.1524359244992,515737.787215289,5658510.46939679
3.9337127173025e-05,79.1524359244992,516237.787215289,5658510.46939679
1.7795134977099e-05,79.1524359244992,516737.787215289,5658510.46939679
3.93417563267773e-05,79.1524359244992,517237.787215289,5658510.46939679
4.12709611284378e-05,79.1524359244992,517737.787215289,5658510.46939679
4.75943042440251e-05,79.1524359244992,518237.787215289,5658510.46939679
5.79932219212748e-05,79.1524359244992,518737.787215289,5658510.46939679
6.92354782125351e-05,79.1524359244992,519237.787215289,5658510.46939679
0.000178276057342577,79.1524359244992,519737.787215289,5658510.46939679
0.00014450039652449,79.1524359244992,520237.787215289,5658510.46939679
0.000140669639529768,79.1524359244992,520737.787215289,5658510.46939679
0.000233338547054954,79.1524359244992,521237.787215289,5658510.46939679
0.000238778179939438,79.1524359244992,521737.787215289,5658510.46939679
0.000399297535622003,79.1524359244992,522237.787215289,5658510.46939679
0.000242140218371174,79.1524359244992,522737.787215289,5658510.46939679
0.000237931886082237,79.1524359244992,523237.787215289,5658510.46939679
0.000207211212656535,79.1524359244992,523737.787215289,5658510.46939679
0.000172410562208089,79.1524359244992,524237.787215289,5658510.46939679
0.000175414218609474,79.1524359244992,524737.787215289,5658510.46939679
0.000161086376227772,79.1524359244992,525237.787215289,5658510.46939679
0.000166662503260498,79.1524359244992,525737.787215289,5658510.46939679
0.00056839925235041,79.1524359244992,526237.787215289,5658510.46939679
0.000417685721244527,79.1524359244992,526737.787215289,5658510.46939679
0.000614299406016972,79.1524359244992,527237.787215289,5658510.46939679
0.000598601631604982,79.1524359244992,527737.787215289,5658510.46939679
0.000674398589923695,79.1524359244992,528237.787215289,5658510.46939679
0.000274515346165353,79.1524359244992,479737.787215289,5659010.46939679
7.476256456416e-05,79.1524359244992,480237.787215289,5659010.46939679
9.19648323560573e-05,79.1524359244992,480737.787215289,5659010.46939679
0.000221746387738591,79.1524359244992,481237.787215289,5659010.46939679
0.000324292154259525,79.1524359244992,481737.787215289,5659010.46939679
0.000374518277480294,79.1524359244992,482237.787215289,5659010.46939679
0.000430248765864038,79.1524359244992,482737.787215289,5659010.46939679
0.000525529087139721,79.1524359244992,483237.787215289,5659010.46939679
0.000632997679806298,79.1524359244992,483737.787215289,5659010.46939679
0.000348054112877825,79.1524359244992,484237.787215289,5659010.46939679
0.000348054112877825,79.1524359244992,484737.787215289,5659010.46939679
0.000378493323208805,79.1524359244992,485237.787215289,5659010.46939679
0.00109979659363172,79.1524359244992,485737.787215289,5659010.46939679
0.00117401340591291,79.1524359244992,486237.787215289,5659010.46939679
0.00117401340591291,79.1524359244992,486737.787215289,5659010.46939679
0.00120480082216712,79.1524359244992,487237.787215289,5659010.46939679
0.000417685721244527,79.1524359244992,487737.787215289,5659010.46939679
0.000396611434279384,79.1524359244992,488237.787215289,5659010.46939679
0.00151434421978323,79.1524359244992,488737.787215289,5659010.46939679
0.00166290831333426,79.1524359244992,489237.787215289,5659010.46939679
0.000975293215524418,79.1524359244992,489737.787215289,5659010.46939679
0.000305661839307064,79.1524359244992,490237.787215289,5659010.46939679
0.000718278447327205,79.1524359244992,490737.787215289,5659010.46939679
0.000888176784157613,79.1524359244992,491237.787215289,5659010.46939679
0.000686470633046705,79.1524359244992,491737.787215289,5659010.46939679
0.000481690481965513,79.1524359244992,492237.787215289,5659010.46939679
0.000639024422040294,79.1524359244992,492737.787215289,5659010.46939679
0.000324292154259525,79.1524359244992,493237.787215289,5659010.46939679
4.34108219325812e-05,79.1524359244992,493737.787215289,5659010.46939679
6.0778026958933e-05,79.1524359244992,494237.787215289,5659010.46939679
5.20347416522009e-05,79.1524359244992,494737.787215289,5659010.46939679
0.000127707755786989,79.1524359244992,495237.787215289,5659010.46939679
5.47996520480094e-05,79.1524359244992,495737.787215289,5659010.46939679
0.000149166214295178,79.1524359244992,496237.787215289,5659010.46939679
0.000131747781042648,79.1524359244992,496737.787215289,5659010.46939679
0.00015243376133662,79.1524359244992,497237.787215289,5659010.46939679
0.000168091435617501,79.1524359244992,497737.787215289,5659010.46939679
0.00100563741694346,79.1524359244992,498237.787215289,5659010.46939679
0.000308229809977121,79.1524359244992,498737.787215289,5659010.46939679
0.000883439648120228,79.1524359244992,499237.787215289,5659010.46939679
0.00112115543943337,79.1524359244992,499737.787215289,5659010.46939679
0.000647246952096702,79.1524359244992,500237.787215289,5659010.46939679
0.000495232544683638,79.1524359244992,500737.787215289,5659010.46939679
0.000606782515355799,79.1524359244992,501237.787215289,5659010.46939679
0.000573891554588712,79.1524359244992,501737.787215289,5659010.46939679
0.000503563017049491,79.1524359244992,502237.787215289,5659010.46939679
0.000252387330148278,79.1524359244992,502737.787215289,5659010.46939679
0.000221746387738591,79.1524359244992,503237.787215289,5659010.46939679
0.000245937837711356,79.1524359244992,503737.787215289,5659010.46939679
0.000350479837744014,79.1524359244992,504237.787215289,5659010.46939679
0.00036958339323523,79.1524359244992,504737.787215289,5659010.46939679
0.000543124539315371,79.1524359244992,505237.787215289,5659010.46939679
0.000622007005903393,79.1524359244992,505737.787215289,5659010.46939679
0.000492737350785259,79.1524359244992,506237.787215289,5659010.46939679
0.00017340212662738,79.1524359244992,506737.787215289,5659010.46939679
8.71638917376866e-05,79.1524359244992,507237.787215289,5659010.46939679
8.74400872648645e-05,79.1524359244992,507737.787215289,5659010.46939679
0.000126818554024186,79.1524359244992,508237.787215289,5659010.46939679
6.92230162138482e-05,79.1524359244992,508737.787215289,5659010.46939679
7.11698144927824e-05,79.1524359244992,509237.787215289,5659010.46939679
6.43060738075392e-05,79.1524359244992,509737.787215289,5659010.46939679
5.69588115362061e-05,79.1524359244992,510237.787215289,5659010.46939679
9.00905215344821e-05,79.1524359244992,510737.787215289,5659010.46939679
5.43387300973091e-05,79.1524359244992,511237.787215289,5659010.46939679
4.5209295313819e-05,79.1524359244992,511737.787215289,5659010.46939679
3.01860262928032e-05,79.1524359244992,512237.787215289,5659010.46939679
2.10094729736643e-05,79.1524359244992,512737.787215289,5659010.46939679
2.58435845690397e-05,79.1524359244992,513237.787215289,5659010.46939679
3.71315893682435e-05,79.1524359244992,513737.787215289,5659010.46939679
8.19970669019443e-05,79.1524359244992,514237.787215289,5659010.46939679
7.80728929988396e-05,79.1524359244992,514737.787215289,5659010.46939679
8.3359001461648e-05,79.1524359244992,515237.787215289,5659010.46939679
6.97487918004001e-05,79.1524359244992,515737.787215289,5659010.46939679
5.7782080053238e-05,79.1524359244992,516237.787215289,5659010.46939679
5.80078449215198e-05,79.1524359244992,516737.787215289,5659010.46939679
1.7795134977099e-05,79.1524359244992,517237.787215289,5659010.46939679
4.21882418904626e-05,79.1524359244992,517737.787215289,5659010.46939679
6.34989531053236e-05,79.1524359244992,518237.787215289,5659010.46939679
6.85764350276213e-05,79.1524359244992,518737.787215289,5659010.46939679
7.02036350957885e-05,79.1524359244992,519237.787215289,5659010.46939679
0.000118181519652052,79.1524359244992,519737.787215289,5659010.46939679
0.000104021523207558,79.1524359244992,520237.787215289,5659010.46939679
0.000255461226288595,79.1524359244992,520737.787215289,5659010.46939679
0.000133378686687062,79.1524359244992,521237.787215289,5659010.46939679
0.00017702311747136,79.1524359244992,521737.787215289,5659010.46939679
0.000390477865789119,79.1524359244992,522237.787215289,5659010.46939679
0.000439229045661556,79.1524359244992,522737.787215289,5659010.46939679
0.000193146011760902,79.1524359244992,523237.787215289,5659010.46939679
0.000145241262486544,79.1524359244992,523737.787215289,5659010.46939679
0.000401038304957618,79.1524359244992,524237.787215289,5659010.46939679
0.000449928562151411,79.1524359244992,524737.787215289,5659010.46939679
0.000177949437096711,79.1524359244992,525237.787215289,5659010.46939679
0.000361543943944635,79.1524359244992,525737.787215289,5659010.46939679
0.000491333797320884,79.1524359244992,526237.787215289,5659010.46939679
0.000604385772008967,79.1524359244992,526737.787215289,5659010.46939679
0.000565528132887234,79.1524359244992,527237.787215289,5659010.46939679
0.000536994473360123,79.1524359244992,527737.787215289,5659010.46939679
0.000401728626845447,79.1524359244992,528237.787215289,5659010.46939679
0.000138020587112496,79.1524359244992,479737.787215289,5659510.46939679
0.000104672543902909,79.1524359244992,480237.787215289,5659510.46939679
0.000146548496710595,79.1524359244992,480737.787215289,5659510.46939679
0.000243933951672621,79.1524359244992,481237.787215289,5659510.46939679
0.000517441237867138,79.1524359244992,481737.787215289,5659510.46939679
0.000618173553191837,79.1524359244992,482237.787215289,5659510.46939679
0.000663401655031791,79.1524359244992,482737.787215289,5659510.46939679
0.000684114374019988,79.1524359244992,483237.787215289,5659510.46939679
0.000831099765180877,79.1524359244992,483737.787215289,5659510.46939679
0.000903783924403121,79.1524359244992,484237.787215289,5659510.46939679
0.000896479859747446,79.1524359244992,484737.787215289,5659510.46939679
0.000827218418527467,79.1524359244992,485237.787215289,5659510.46939679
0.00049327574183214,79.1524359244992,485737.787215289,5659510.46939679
0.00127339325431472,79.1524359244992,486237.787215289,5659510.46939679
0.00134105609139269,79.1524359244992,486737.787215289,5659510.46939679
0.000933374980694296,79.1524359244992,487237.787215289,5659510.46939679
0.00138574373529472,79.1524359244992,487737.787215289,5659510.46939679
0.000417685721244527,79.1524359244992,488237.787215289,5659510.46939679
0.00167966001905866,79.1524359244992,488737.787215289,5659510.46939679
0.00167778309121873,79.1524359244992,489237.787215289,5659510.46939679
0.00157900645792127,79.1524359244992,489737.787215289,5659510.46939679
0.00108671204110912,79.1524359244992,490237.787215289,5659510.46939679
0.000268432591166774,79.1524359244992,490737.787215289,5659510.46939679
0.000221973435672072,79.1524359244992,491237.787215289,5659510.46939679
0.000168372104008161,79.1524359244992,491737.787215289,5659510.46939679
0.000380358821309995,79.1524359244992,492237.787215289,5659510.46939679
0.000672236166189203,79.1524359244992,492737.787215289,5659510.46939679
0.000355621999125855,79.1524359244992,493237.787215289,5659510.46939679
6.91763420016945e-05,79.1524359244992,493737.787215289,5659510.46939679
6.91763420016945e-05,79.1524359244992,494237.787215289,5659510.46939679
5.62367222634692e-05,79.1524359244992,494737.787215289,5659510.46939679
5.62367222634692e-05,79.1524359244992,495237.787215289,5659510.46939679
6.56860573010377e-05,79.1524359244992,495737.787215289,5659510.46939679
0.000113849691292482,79.1524359244992,496237.787215289,5659510.46939679
0.000385496563655244,79.1524359244992,496737.787215289,5659510.46939679
0.000831099765180877,79.1524359244992,497237.787215289,5659510.46939679
0.000486861938098742,79.1524359244992,497737.787215289,5659510.46939679
0.000596134992968768,79.1524359244992,498237.787215289,5659510.46939679
0.0010113486930161,79.1524359244992,498737.787215289,5659510.46939679
0.00101394826977745,79.1524359244992,499237.787215289,5659510.46939679
0.00105359329073623,79.1524359244992,499737.787215289,5659510.46939679
0.000865480361763077,79.1524359244992,500237.787215289,5659510.46939679
0.00075874791742753,79.1524359244992,500737.787215289,5659510.46939679
0.000491333797320884,79.1524359244992,501237.787215289,5659510.46939679
0.000420105563530634,79.1524359244992,501737.787215289,5659510.46939679
0.000199934507567817,79.1524359244992,502237.787215289,5659510.46939679
0.000252387330148278,79.1524359244992,502737.787215289,5659510.46939679
0.000245937837711356,79.1524359244992,503237.787215289,5659510.46939679
0.000350479837744014,79.1524359244992,503737.787215289,5659510.46939679
0.000355621999125855,79.1524359244992,504237.787215289,5659510.46939679
0.000411528645733584,79.1524359244992,504737.787215289,5659510.46939679
0.000567967330603648,79.1524359244992,505237.787215289,5659510.46939679
0.000657165044156448,79.1524359244992,505737.787215289,5659510.46939679
0.000131602254290079,79.1524359244992,506237.787215289,5659510.46939679
0.000108273838987997,79.1524359244992,506737.787215289,5659510.46939679
9.8773128735045e-05,79.1524359244992,507237.787215289,5659510.46939679
8.18209136845985e-05,79.1524359244992,507737.787215289,5659510.46939679
7.29143644218319e-05,79.1524359244992,508237.787215289,5659510.46939679
6.63724620980863e-05,79.1524359244992,508737.787215289,5659510.46939679
6.5992441145438e-05,79.1524359244992,509237.787215289,5659510.46939679
5.78576519163361e-05,79.1524359244992,509737.787215289,5659510.46939679
0.000192626754753308,79.1524359244992,510237.787215289,5659510.46939679
5.29501610729106e-05,79.1524359244992,510737.787215289,5659510.46939679
4.292826530854e-05,79.1524359244992,511237.787215289,5659510.46939679
2.2125829246241e-05,79.1524359244992,511737.787215289,5659510.46939679
2.33015040618808e-05,79.1524359244992,512237.787215289,5659510.46939679
2.86629936678515e-05,79.1524359244992,512737.787215289,5659510.46939679
4.68730626784591e-05,79.1524359244992,513237.787215289,5659510.46939679
7.02012948752659e-05,79.1524359244992,513737.787215289,5659510.46939679
0.000108340078062955,79.1524359244992,514237.787215289,5659510.46939679
7.42497948104047e-05,79.1524359244992,514737.787215289,5659510.46939679
6.83956754512758e-05,79.1524359244992,515237.787215289,5659510.46939679
0.00012022069793349,79.1524359244992,515737.787215289,5659510.46939679
7.14941885285124e-05,79.1524359244992,516237.787215289,5659510.46939679
7.13549858093164e-05,79.1524359244992,516737.787215289,5659510.46939679
1.7795134977099e-05,79.1524359244992,517237.787215289,5659510.46939679
3.8331908313411e-05,79.1524359244992,517737.787215289,5659510.46939679
4.72493191850717e-05,79.1524359244992,518237.787215289,5659510.46939679
5.99910802556642e-05,79.1524359244992,518737.787215289,5659510.46939679
9.92510535450602e-05,79.1524359244992,519237.787215289,5659510.46939679
0.000126559858939044,79.1524359244992,519737.787215289,5659510.46939679
0.000101271390533681,79.1524359244992,520237.787215289,5659510.46939679
0.000244979446878707,79.1524359244992,520737.787215289,5659510.46939679
0.000133854331098558,79.1524359244992,521237.787215289,5659510.46939679
0.00020013922213944,79.1524359244992,521737.787215289,5659510.46939679
0.000356861284237171,79.1524359244992,522237.787215289,5659510.46939679
0.00065530035545822,79.1524359244992,522737.787215289,5659510.46939679
0.000515719122885762,79.1524359244992,523237.787215289,5659510.46939679
0.000371072917325087,79.1524359244992,523737.787215289,5659510.46939679
0.000356421399844393,79.1524359244992,524237.787215289,5659510.46939679
0.000180500652854867,79.1524359244992,524737.787215289,5659510.46939679
0.000456395005812158,79.1524359244992,525237.787215289,5659510.46939679
0.000311006055069732,79.1524359244992,525737.787215289,5659510.46939679
0.000432716866728951,79.1524359244992,526237.787215289,5659510.46939679
0.00044406446653412,79.1524359244992,526737.787215289,5659510.46939679
0.00035177601978952,79.1524359244992,527237.787215289,5659510.46939679
0.00036100102070941,79.1524359244992,527737.787215289,5659510.46939679
0.000171473994366742,79.1524359244992,528237.787215289,5659510.46939679
0.00015433547612434,79.1524359244992,479737.787215289,5660010.46939679
9.43765250677713e-05,79.1524359244992,480237.787215289,5660010.46939679
0.000478155800602843,79.1524359244992,480737.787215289,5660010.46939679
0.000456424414937093,79.1524359244992,481237.787215289,5660010.46939679
0.000614299406016972,79.1524359244992,481737.787215289,5660010.46939679
0.000528088517196395,79.1524359244992,482237.787215289,5660010.46939679
0.000831099765180877,79.1524359244992,482737.787215289,5660010.46939679
0.000896479859747446,79.1524359244992,483237.787215289,5660010.46939679
0.00103200932854201,79.1524359244992,483737.787215289,5660010.46939679
0.0010761654794381,79.1524359244992,484237.787215289,5660010.46939679
0.00112456508339702,79.1524359244992,484737.787215289,5660010.46939679
0.000505308912211371,79.1524359244992,485237.787215289,5660010.46939679
0.000576345295828705,79.1524359244992,485737.787215289,5660010.46939679
0.00155415663711295,79.1524359244992,486237.787215289,5660010.46939679
0.00172370755029797,79.1524359244992,486737.787215289,5660010.46939679
0.00111005934882744,79.1524359244992,487237.787215289,5660010.46939679
0.00165575502218135,79.1524359244992,487737.787215289,5660010.46939679
0.00155241995241086,79.1524359244992,488237.787215289,5660010.46939679
0.00178946281584581,79.1524359244992,488737.787215289,5660010.46939679
0.00186082104791462,79.1524359244992,489237.787215289,5660010.46939679
0.00155405649701261,79.1524359244992,489737.787215289,5660010.46939679
0.00112115543943337,79.1524359244992,490237.787215289,5660010.46939679
0.000716322738894548,79.1524359244992,490737.787215289,5660010.46939679
0.000385496563655244,79.1524359244992,491237.787215289,5660010.46939679
0.000100961659877435,79.1524359244992,491737.787215289,5660010.46939679
0.000544227426384639,79.1524359244992,492237.787215289,5660010.46939679
0.000465937032656581,79.1524359244992,492737.787215289,5660010.46939679
0.000360139078823401,79.1524359244992,493237.787215289,5660010.46939679
0.000121422140884443,79.1524359244992,493737.787215289,5660010.46939679
0.00011989919178041,79.1524359244992,494237.787215289,5660010.46939679
5.62367222634692e-05,79.1524359244992,494737.787215289,5660010.46939679
5.92249084843551e-05,79.1524359244992,495237.787215289,5660010.46939679
0.000113849691292482,79.1524359244992,495737.787215289,5660010.46939679
0.00016631181437769,79.1524359244992,496237.787215289,5660010.46939679
0.000217754720110344,79.1524359244992,496737.787215289,5660010.46939679
0.000906188617315624,79.1524359244992,497237.787215289,5660010.46939679
0.000919989215319157,79.1524359244992,497737.787215289,5660010.46939679
0.000858626190397,79.1524359244992,498237.787215289,5660010.46939679
0.000769000393831344,79.1524359244992,498737.787215289,5660010.46939679
0.00067433600199931,79.1524359244992,499237.787215289,5660010.46939679
0.000794470057906343,79.1524359244992,499737.787215289,5660010.46939679
0.000556148951143829,79.1524359244992,500237.787215289,5660010.46939679
0.000433395571457306,79.1524359244992,500737.787215289,5660010.46939679
0.000150391595560177,79.1524359244992,501237.787215289,5660010.46939679
0.000116091808203775,79.1524359244992,501737.787215289,5660010.46939679
0.000245937837711356,79.1524359244992,502237.787215289,5660010.46939679
0.000398909183690025,79.1524359244992,502737.787215289,5660010.46939679
0.000497894361079555,79.1524359244992,503237.787215289,5660010.46939679
0.000543124539315371,79.1524359244992,503737.787215289,5660010.46939679
0.000461727522757694,79.1524359244992,504237.787215289,5660010.46939679
0.000340086458065894,79.1524359244992,504737.787215289,5660010.46939679
0.000162702645497022,79.1524359244992,505237.787215289,5660010.46939679
0.000158253565053141,79.1524359244992,505737.787215289,5660010.46939679
0.000155004482630738,79.1524359244992,506237.787215289,5660010.46939679
0.000111106060883176,79.1524359244992,506737.787215289,5660010.46939679
9.07471765216746e-05,79.1524359244992,507237.787215289,5660010.46939679
8.38122714727831e-05,79.1524359244992,507737.787215289,5660010.46939679
7.29486031509546e-05,79.1524359244992,508237.787215289,5660010.46939679
6.31727402222085e-05,79.1524359244992,508737.787215289,5660010.46939679
4.95269496578077e-05,79.1524359244992,509237.787215289,5660010.46939679
4.98337042349842e-05,79.1524359244992,509737.787215289,5660010.46939679
0.000127673879756941,79.1524359244992,510237.787215289,5660010.46939679
4.81022654154323e-05,79.1524359244992,510737.787215289,5660010.46939679
2.58435845690397e-05,79.1524359244992,511237.787215289,5660010.46939679
2.15604269802065e-05,79.1524359244992,511737.787215289,5660010.46939679
2.2125829246241e-05,79.1524359244992,512237.787215289,5660010.46939679
4.93637028578472e-05,79.1524359244992,512737.787215289,5660010.46939679
9.14344005817441e-05,79.1524359244992,513237.787215289,5660010.46939679
6.13000407673101e-05,79.1524359244992,513737.787215289,5660010.46939679
8.10045461339769e-05,79.1524359244992,514237.787215289,5660010.46939679
6.52662469430448e-05,79.1524359244992,514737.787215289,5660010.46939679
0.000127472279399264,79.1524359244992,515237.787215289,5660010.46939679
7.97537059481373e-05,79.1524359244992,515737.787215289,5660010.46939679
4.15130420621428e-05,79.1524359244992,516237.787215289,5660010.46939679
6.26921737357358e-05,79.1524359244992,516737.787215289,5660010.46939679
1.92321520502012e-05,79.1524359244992,517237.787215289,5660010.46939679
8.12052701376021e-05,79.1524359244992,517737.787215289,5660010.46939679
5.07670789983792e-05,79.1524359244992,518237.787215289,5660010.46939679
7.53812416117901e-05,79.1524359244992,518737.787215289,5660010.46939679
6.2567640553689e-05,79.1524359244992,519237.787215289,5660010.46939679
7.87882608830591e-05,79.1524359244992,519737.787215289,5660010.46939679
0.000136223165577938,79.1524359244992,520237.787215289,5660010.46939679
0.000113451084066725,79.1524359244992,520737.787215289,5660010.46939679
0.000132324219285578,79.1524359244992,521237.787215289,5660010.46939679
0.000180654582583236,79.1524359244992,521737.787215289,5660010.46939679
0.000237217793246194,79.1524359244992,522237.787215289,5660010.46939679
0.000387926139890469,79.1524359244992,522737.787215289,5660010.46939679
0.000581376188588273,79.1524359244992,523237.787215289,5660010.46939679
0.000210318658054925,79.1524359244992,523737.787215289,5660010.46939679
0.000286405463991514,79.1524359244992,524237.787215289,5660010.46939679
0.000181693559859205,79.1524359244992,524737.787215289,5660010.46939679
0.000306205223308311,79.1524359244992,525237.787215289,5660010.46939679
0.000297795253672936,79.1524359244992,525737.787215289,5660010.46939679
0.000169934137590271,79.1524359244992,526237.787215289,5660010.46939679
0.000214516362428886,79.1524359244992,526737.787215289,5660010.46939679
0.000225914872380468,79.1524359244992,527237.787215289,5660010.46939679
8.97331227194596e-05,79.1524359244992,527737.787215289,5660010.46939679
0.000148330690728729,79.1524359244992,528237.787215289,5660010.46939679
4.81467309941378e-05,79.1524359244992,479237.787215289,5660510.46939679
0.000194825391774719,79.1524359244992,479737.787215289,5660510.46939679
0.000409370208260986,79.1524359244992,480237.787215289,5660510.46939679
0.000454621574294608,79.1524359244992,480737.787215289,5660510.46939679
0.000525928735903058,79.1524359244992,481237.787215289,5660510.46939679
0.000651834833022551,79.1524359244992,481737.787215289,5660510.46939679
0.000749349398588867,79.1524359244992,482237.787215289,5660510.46939679
0.00071016742083594,79.1524359244992,482737.787215289,5660510.46939679
0.000417685721244527,79.1524359244992,483237.787215289,5660510.46939679
0.00112456508339702,79.1524359244992,483737.787215289,5660510.46939679
0.000505308912211371,79.1524359244992,484237.787215289,5660510.46939679
0.000174921518763586,79.1524359244992,484737.787215289,5660510.46939679
0.000545504055707837,79.1524359244992,485237.787215289,5660510.46939679
0.00150512729911821,79.1524359244992,485737.787215289,5660510.46939679
0.00172178140176056,79.1524359244992,486237.787215289,5660510.46939679
0.00186082104791462,79.1524359244992,486737.787215289,5660510.46939679
0.00186082104791462,79.1524359244992,487237.787215289,5660510.46939679
0.00141756468792177,79.1524359244992,487737.787215289,5660510.46939679
0.00159491295818224,79.1524359244992,488237.787215289,5660510.46939679
0.000339556490258908,79.1524359244992,488737.787215289,5660510.46939679
0.00162041444256887,79.1524359244992,489237.787215289,5660510.46939679
0.00150512729911821,79.1524359244992,489737.787215289,5660510.46939679
0.00109582800695212,79.1524359244992,490237.787215289,5660510.46939679
0.000831099765180877,79.1524359244992,490737.787215289,5660510.46939679
0.000613832605134697,79.1524359244992,491237.787215289,5660510.46939679
0.000110940382324772,79.1524359244992,491737.787215289,5660510.46939679
5.92249084843551e-05,79.1524359244992,492237.787215289,5660510.46939679
8.50932646877239e-05,79.1524359244992,492737.787215289,5660510.46939679
0.000115145899449613,79.1524359244992,493237.787215289,5660510.46939679
0.000134493616356086,79.1524359244992,493737.787215289,5660510.46939679
0.000121264275063946,79.1524359244992,494237.787215289,5660510.46939679
0.00015838278131038,79.1524359244992,494737.787215289,5660510.46939679
5.20347416522009e-05,79.1524359244992,495237.787215289,5660510.46939679
0.000131227387640262,79.1524359244992,495737.787215289,5660510.46939679
0.000525928735903058,79.1524359244992,496237.787215289,5660510.46939679
0.000756002460174733,79.1524359244992,496737.787215289,5660510.46939679
0.000880688677975238,79.1524359244992,497237.787215289,5660510.46939679
0.000831099765180877,79.1524359244992,497737.787215289,5660510.46939679
0.000781327227319264,79.1524359244992,498237.787215289,5660510.46939679
0.000710233334423089,79.1524359244992,498737.787215289,5660510.46939679
0.000711541057389255,79.1524359244992,499237.787215289,5660510.46939679
0.000603130050455781,79.1524359244992,499737.787215289,5660510.46939679
0.000313388400665516,79.1524359244992,500237.787215289,5660510.46939679
0.000387927740388246,79.1524359244992,500737.787215289,5660510.46939679
0.000166798585533819,79.1524359244992,501237.787215289,5660510.46939679
0.000233529071253951,79.1524359244992,501737.787215289,5660510.46939679
0.000465937032656581,79.1524359244992,502237.787215289,5660510.46939679
0.000478778279546028,79.1524359244992,502737.787215289,5660510.46939679
0.000543124539315371,79.1524359244992,503237.787215289,5660510.46939679
0.000646449124355011,79.1524359244992,503737.787215289,5660510.46939679
0.000684114374019988,79.1524359244992,504237.787215289,5660510.46939679
0.000809861885899407,79.1524359244992,504737.787215289,5660510.46939679
0.00031270472821675,79.1524359244992,505237.787215289,5660510.46939679
0.000153894992300412,79.1524359244992,505737.787215289,5660510.46939679
0.00011878087733672,79.1524359244992,506237.787215289,5660510.46939679
0.000105945479387024,79.1524359244992,506737.787215289,5660510.46939679
8.82076858540103e-05,79.1524359244992,507237.787215289,5660510.46939679
7.29143644218319e-05,79.1524359244992,507737.787215289,5660510.46939679
6.75734285013095e-05,79.1524359244992,508237.787215289,5660510.46939679
6.00921367936779e-05,79.1524359244992,508737.787215289,5660510.46939679
5.97335827795834e-05,79.1524359244992,509237.787215289,5660510.46939679
5.04125936929589e-05,79.1524359244992,509737.787215289,5660510.46939679
6.84073747125771e-05,79.1524359244992,510237.787215289,5660510.46939679
6.23142714185993e-05,79.1524359244992,510737.787215289,5660510.46939679
2.33015040618808e-05,79.1524359244992,511237.787215289,5660510.46939679
2.15604269802065e-05,79.1524359244992,511737.787215289,5660510.46939679
5.19866853282808e-05,79.1524359244992,512237.787215289,5660510.46939679
4.56752709229756e-05,79.1524359244992,512737.787215289,5660510.46939679
9.51871115862397e-05,79.1524359244992,513237.787215289,5660510.46939679
8.31161777888082e-05,79.1524359244992,513737.787215289,5660510.46939679
7.62327935195e-05,79.1524359244992,514237.787215289,5660510.46939679
0.000146033219721155,79.1524359244992,514737.787215289,5660510.46939679
0.000118616753885707,79.1524359244992,515237.787215289,5660510.46939679
7.22203024149658e-05,79.1524359244992,515737.787215289,5660510.46939679
4.30659050246552e-05,79.1524359244992,516237.787215289,5660510.46939679
7.95269444028416e-05,79.1524359244992,516737.787215289,5660510.46939679
3.2275417325523e-05,79.1524359244992,517237.787215289,5660510.46939679
3.85241194365301e-05,79.1524359244992,517737.787215289,5660510.46939679
5.87980629265759e-05,79.1524359244992,518237.787215289,5660510.46939679
8.66251900847283e-05,79.1524359244992,518737.787215289,5660510.46939679
0.000159606013787801,79.1524359244992,519237.787215289,5660510.46939679
7.54091447725187e-05,79.1524359244992,519737.787215289,5660510.46939679
0.000117265596985182,79.1524359244992,520237.787215289,5660510.46939679
0.000114260599712186,79.1524359244992,520737.787215289,5660510.46939679
0.000135070052847132,79.1524359244992,521237.787215289,5660510.46939679
0.000210386414758733,79.1524359244992,521737.787215289,5660510.46939679
0.000394946398282928,79.1524359244992,522237.787215289,5660510.46939679
0.000318927370234378,79.1524359244992,522737.787215289,5660510.46939679
0.000481690481965513,79.1524359244992,523237.787215289,5660510.46939679
0.000157296796272575,79.1524359244992,523737.787215289,5660510.46939679
0.000135837122268616,79.1524359244992,524237.787215289,5660510.46939679
0.000117331818514552,79.1524359244992,524737.787215289,5660510.46939679
0.000287641630762384,79.1524359244992,525237.787215289,5660510.46939679
0.000149897219167782,79.1524359244992,525737.787215289,5660510.46939679
0.00023944602850361,79.1524359244992,526237.787215289,5660510.46939679
7.86670882386779e-05,79.1524359244992,526737.787215289,5660510.46939679
8.39137796407638e-05,79.1524359244992,527237.787215289,5660510.46939679
8.95373159111152e-05,79.1524359244992,527737.787215289,5660510.46939679
0.000316005209764248,79.1524359244992,479237.787215289,5661010.46939679
0.000466543604805895,79.1524359244992,479737.787215289,5661010.46939679
0.000586983674793767,79.1524359244992,480237.787215289,5661010.46939679
0.00063040884005112,79.1524359244992,480737.787215289,5661010.46939679
0.000809861885899407,79.1524359244992,481237.787215289,5661010.46939679
0.000736683613438937,79.1524359244992,481737.787215289,5661010.46939679
0.00100563741694346,79.1524359244992,482237.787215289,5661010.46939679
0.00109582800695212,79.1524359244992,482737.787215289,5661010.46939679
0.00123687404107275,79.1524359244992,483237.787215289,5661010.46939679
0.00137622404765112,79.1524359244992,483737.787215289,5661010.46939679
0.00145937641104147,79.1524359244992,484237.787215289,5661010.46939679
0.000425948258433342,79.1524359244992,484737.787215289,5661010.46939679
0.000672788317878902,79.1524359244992,485237.787215289,5661010.46939679
0.00178946281584581,79.1524359244992,485737.787215289,5661010.46939679
0.00211695545474708,79.1524359244992,486237.787215289,5661010.46939679
0.00197184994785766,79.1524359244992,486737.787215289,5661010.46939679
0.00147574183552071,79.1524359244992,487237.787215289,5661010.46939679
0.000706945194285717,79.1524359244992,487737.787215289,5661010.46939679
0.00141649754450253,79.1524359244992,488237.787215289,5661010.46939679
0.00111879765972834,79.1524359244992,488737.787215289,5661010.46939679
0.000560471764627568,79.1524359244992,489237.787215289,5661010.46939679
0.000331411969929435,79.1524359244992,489737.787215289,5661010.46939679
0.00109979659363172,79.1524359244992,490237.787215289,5661010.46939679
0.000809861885899407,79.1524359244992,490737.787215289,5661010.46939679
0.000629929797747241,79.1524359244992,491237.787215289,5661010.46939679
0.000415376395918873,79.1524359244992,491737.787215289,5661010.46939679
0.000122260445486848,79.1524359244992,492237.787215289,5661010.46939679
4.9409334505248e-05,79.1524359244992,492737.787215289,5661010.46939679
5.7711478316831e-05,79.1524359244992,493237.787215289,5661010.46939679
5.07050486262241e-05,79.1524359244992,493737.787215289,5661010.46939679
7.476256456416e-05,79.1524359244992,494237.787215289,5661010.46939679
5.92249084843551e-05,79.1524359244992,494737.787215289,5661010.46939679
5.7711478316831e-05,79.1524359244992,495237.787215289,5661010.46939679
0.000317671372744668,79.1524359244992,495737.787215289,5661010.46939679
0.000477783530442612,79.1524359244992,496237.787215289,5661010.46939679
0.000722946835857789,79.1524359244992,496737.787215289,5661010.46939679
0.000747972188647093,79.1524359244992,497237.787215289,5661010.46939679
0.000680798750153813,79.1524359244992,497737.787215289,5661010.46939679
0.000655782246762631,79.1524359244992,498237.787215289,5661010.46939679
0.000517441237867138,79.1524359244992,498737.787215289,5661010.46939679
0.000672236166189203,79.1524359244992,499237.787215289,5661010.46939679
0.000655782246762631,79.1524359244992,499737.787215289,5661010.46939679
0.00044300419871814,79.1524359244992,500237.787215289,5661010.46939679
0.000243933951672621,79.1524359244992,500737.787215289,5661010.46939679
0.000122260445486848,79.1524359244992,501237.787215289,5661010.46939679
0.000355621999125855,79.1524359244992,501737.787215289,5661010.46939679
0.00023721877195454,79.1524359244992,502237.787215289,5661010.46939679
0.000474196237877397,79.1524359244992,502737.787215289,5661010.46939679
0.000720465374997233,79.1524359244992,503237.787215289,5661010.46939679
0.000809861885899407,79.1524359244992,503737.787215289,5661010.46939679
0.000734728724765493,79.1524359244992,504237.787215289,5661010.46939679
0.000941523558650934,79.1524359244992,504737.787215289,5661010.46939679
0.000391356873819796,79.1524359244992,505237.787215289,5661010.46939679
0.000145902930046447,79.1524359244992,505737.787215289,5661010.46939679
0.00010760654322168,79.1524359244992,506237.787215289,5661010.46939679
0.00010303567185656,79.1524359244992,506737.787215289,5661010.46939679
0.000111808963923395,79.1524359244992,507237.787215289,5661010.46939679
0.000153219556798808,79.1524359244992,507737.787215289,5661010.46939679
8.77883531295403e-05,79.1524359244992,508237.787215289,5661010.46939679
5.1597075467651e-05,79.1524359244992,508737.787215289,5661010.46939679
6.01024157127157e-05,79.1524359244992,509237.787215289,5661010.46939679
2.94146541793069e-05,79.1524359244992,509737.787215289,5661010.46939679
2.58435845690397e-05,79.1524359244992,510237.787215289,5661010.46939679
3.43571350204251e-05,79.1524359244992,510737.787215289,5661010.46939679
4.5209295313819e-05,79.1524359244992,511237.787215289,5661010.46939679
4.63948672897231e-05,79.1524359244992,511737.787215289,5661010.46939679
2.15604269802065e-05,79.1524359244992,512237.787215289,5661010.46939679
6.04274734282718e-05,79.1524359244992,512737.787215289,5661010.46939679
9.09269938934008e-05,79.1524359244992,513237.787215289,5661010.46939679
8.02834880480211e-05,79.1524359244992,513737.787215289,5661010.46939679
9.20793886984456e-05,79.1524359244992,514237.787215289,5661010.46939679
8.2640895010184e-05,79.1524359244992,514737.787215289,5661010.46939679
6.5593369264342e-05,79.1524359244992,515237.787215289,5661010.46939679
0.000182884677702255,79.1524359244992,515737.787215289,5661010.46939679
0.00012012208749118,79.1524359244992,516237.787215289,5661010.46939679
6.72281269863376e-05,79.1524359244992,516737.787215289,5661010.46939679
2.69262871272229e-05,79.1524359244992,517237.787215289,5661010.46939679
1.60447328366105e-05,79.1524359244992,517737.787215289,5661010.46939679
8.33348032768068e-05,79.1524359244992,518237.787215289,5661010.46939679
5.37782357677104e-05,79.1524359244992,518737.787215289,5661010.46939679
0.000103689732825141,79.1524359244992,519237.787215289,5661010.46939679
7.15997709587934e-05,79.1524359244992,519737.787215289,5661010.46939679
0.000212392885271216,79.1524359244992,520237.787215289,5661010.46939679
9.3878074761862e-05,79.1524359244992,520737.787215289,5661010.46939679
0.000274113380406555,79.1524359244992,521237.787215289,5661010.46939679
0.000147816783067924,79.1524359244992,521737.787215289,5661010.46939679
0.000444055456568406,79.1524359244992,522237.787215289,5661010.46939679
0.000227375826210016,79.1524359244992,522737.787215289,5661010.46939679
0.000438760574785334,79.1524359244992,523237.787215289,5661010.46939679
0.00013534867163662,79.1524359244992,523737.787215289,5661010.46939679
8.74400872648645e-05,79.1524359244992,524237.787215289,5661010.46939679
8.43920220202925e-05,79.1524359244992,524737.787215289,5661010.46939679
0.000101909592944934,79.1524359244992,525237.787215289,5661010.46939679
0.00010081097767439,79.1524359244992,525737.787215289,5661010.46939679
0.000220966708563044,79.1524359244992,526237.787215289,5661010.46939679
7.07408192340635e-05,79.1524359244992,526737.787215289,5661010.46939679
7.2595931822177e-05,79.1524359244992,527237.787215289,5661010.46939679
6.37824633931793e-05,79.1524359244992,527737.787215289,5661010.46939679
0.00044426969293253,79.1524359244992,479237.787215289,5661510.46939679
0.00063040884005112,79.1524359244992,479737.787215289,5661510.46939679
0.000632997679806298,79.1524359244992,480237.787215289,5661510.46939679
0.000858626190397,79.1524359244992,480737.787215289,5661510.46939679
0.000919989215319157,79.1524359244992,481237.787215289,5661510.46939679
0.000954339722692993,79.1524359244992,481737.787215289,5661510.46939679
0.00103200932854201,79.1524359244992,482237.787215289,5661510.46939679
0.00120660007379396,79.1524359244992,482737.787215289,5661510.46939679
0.00150512729911821,79.1524359244992,483237.787215289,5661510.46939679
0.000696405055136495,79.1524359244992,483737.787215289,5661510.46939679
0.000417685721244527,79.1524359244992,484237.787215289,5661510.46939679
0.00181326972563573,79.1524359244992,484737.787215289,5661510.46939679
0.000811839726194708,79.1524359244992,485237.787215289,5661510.46939679
0.000283280475056577,79.1524359244992,485737.787215289,5661510.46939679
0.00187236047637289,79.1524359244992,486237.787215289,5661510.46939679
0.00172370755029797,79.1524359244992,486737.787215289,5661510.46939679
0.00150512729911821,79.1524359244992,487237.787215289,5661510.46939679
0.000777044628005094,79.1524359244992,487737.787215289,5661510.46939679
0.000988037889515822,79.1524359244992,488237.787215289,5661510.46939679
0.000938186546850697,79.1524359244992,488737.787215289,5661510.46939679
0.000450684547088095,79.1524359244992,489237.787215289,5661510.46939679
0.000417685721244527,79.1524359244992,489737.787215289,5661510.46939679
0.000114482649683963,79.1524359244992,490237.787215289,5661510.46939679
0.000417685721244527,79.1524359244992,490737.787215289,5661510.46939679
0.00075874791742753,79.1524359244992,491237.787215289,5661510.46939679
0.000655782246762631,79.1524359244992,491737.787215289,5661510.46939679
0.000420652470766482,79.1524359244992,492237.787215289,5661510.46939679
0.000151354747454636,79.1524359244992,492737.787215289,5661510.46939679
0.000121264275063946,79.1524359244992,493237.787215289,5661510.46939679
8.96147679118763e-05,79.1524359244992,493737.787215289,5661510.46939679
8.96147679118763e-05,79.1524359244992,494237.787215289,5661510.46939679
0.000221746387738591,79.1524359244992,494737.787215289,5661510.46939679
0.000490694994442864,79.1524359244992,495237.787215289,5661510.46939679
0.000629929797747241,79.1524359244992,495737.787215289,5661510.46939679
0.000831099765180877,79.1524359244992,496237.787215289,5661510.46939679
0.000655782246762631,79.1524359244992,496737.787215289,5661510.46939679
0.000504218571942446,79.1524359244992,497237.787215289,5661510.46939679
0.000538101007356382,79.1524359244992,497737.787215289,5661510.46939679
0.000478155800602843,79.1524359244992,498237.787215289,5661510.46939679
0.000245937837711356,79.1524359244992,498737.787215289,5661510.46939679
0.000516768491653143,79.1524359244992,499237.787215289,5661510.46939679
0.000388715479585639,79.1524359244992,499737.787215289,5661510.46939679
0.000245937837711356,79.1524359244992,500237.787215289,5661510.46939679
0.00015433547612434,79.1524359244992,500737.787215289,5661510.46939679
0.000184995498135733,79.1524359244992,501237.787215289,5661510.46939679
4.81467309941378e-05,79.1524359244992,501737.787215289,5661510.46939679
0.000454030502457798,79.1524359244992,502237.787215289,5661510.46939679
0.000515721250629228,79.1524359244992,502737.787215289,5661510.46939679
0.000663401655031791,79.1524359244992,503237.787215289,5661510.46939679
0.000769000393831344,79.1524359244992,503737.787215289,5661510.46939679
0.000392310005794305,79.1524359244992,504237.787215289,5661510.46939679
0.000597295752247464,79.1524359244992,504737.787215289,5661510.46939679
0.000558197548821576,79.1524359244992,505237.787215289,5661510.46939679
0.000347574418289304,79.1524359244992,505737.787215289,5661510.46939679
0.000114769250473868,79.1524359244992,506237.787215289,5661510.46939679
9.07471765216746e-05,79.1524359244992,506737.787215289,5661510.46939679
0.000308919907290027,79.1524359244992,507237.787215289,5661510.46939679
6.0926630146531e-05,79.1524359244992,507737.787215289,5661510.46939679
0.000109598602389605,79.1524359244992,508237.787215289,5661510.46939679
6.23142714185993e-05,79.1524359244992,508737.787215289,5661510.46939679
3.34791746159216e-05,79.1524359244992,509237.787215289,5661510.46939679
2.15604269802065e-05,79.1524359244992,509737.787215289,5661510.46939679
0.000187736488218836,79.1524359244992,510237.787215289,5661510.46939679
0.000134816363697213,79.1524359244992,510737.787215289,5661510.46939679
5.29501610729106e-05,79.1524359244992,511237.787215289,5661510.46939679
8.07252712298471e-05,79.1524359244992,511737.787215289,5661510.46939679
2.39125644648449e-05,79.1524359244992,512237.787215289,5661510.46939679
7.61969270391378e-05,79.1524359244992,512737.787215289,5661510.46939679
7.82319280561973e-05,79.1524359244992,513237.787215289,5661510.46939679
8.51992614357717e-05,79.1524359244992,513737.787215289,5661510.46939679
9.93054006165708e-05,79.1524359244992,514237.787215289,5661510.46939679
0.000139513008452133,79.1524359244992,514737.787215289,5661510.46939679
7.38652794984958e-05,79.1524359244992,515237.787215289,5661510.46939679
0.000168190185363768,79.1524359244992,515737.787215289,5661510.46939679
0.000189045904907286,79.1524359244992,516237.787215289,5661510.46939679
6.74910782240885e-05,79.1524359244992,516737.787215289,5661510.46939679
3.93417563267773e-05,79.1524359244992,517237.787215289,5661510.46939679
2.18896531233607e-05,79.1524359244992,517737.787215289,5661510.46939679
3.85241194365301e-05,79.1524359244992,518237.787215289,5661510.46939679
4.30979516052871e-05,79.1524359244992,518737.787215289,5661510.46939679
7.06909319614424e-05,79.1524359244992,519237.787215289,5661510.46939679
5.67059049779886e-05,79.1524359244992,519737.787215289,5661510.46939679
0.000169118344085812,79.1524359244992,520237.787215289,5661510.46939679
8.75497921969609e-05,79.1524359244992,520737.787215289,5661510.46939679
0.000134632826532901,79.1524359244992,521237.787215289,5661510.46939679
0.000149952705202633,79.1524359244992,521737.787215289,5661510.46939679
0.00037293277965472,79.1524359244992,522237.787215289,5661510.46939679
0.000427227466206974,79.1524359244992,522737.787215289,5661510.46939679
0.000121422140884443,79.1524359244992,523237.787215289,5661510.46939679
0.000277896076550183,79.1524359244992,523737.787215289,5661510.46939679
0.000261624729206839,79.1524359244992,524237.787215289,5661510.46939679
7.87882608830591e-05,79.1524359244992,524737.787215289,5661510.46939679
6.75789493576085e-05,79.1524359244992,525237.787215289,5661510.46939679
6.1920896038552e-05,79.1524359244992,525737.787215289,5661510.46939679
5.29959988445566e-05,79.1524359244992,526237.787215289,5661510.46939679
7.04542623714053e-05,79.1524359244992,526737.787215289,5661510.46939679
6.51899540591449e-05,79.1524359244992,527237.787215289,5661510.46939679
6.35240934336501e-05,79.1524359244992,527737.787215289,5661510.46939679
0.00056839925235041,79.1524359244992,479237.787215289,5662010.46939679
0.000781327227319264,79.1524359244992,479737.787215289,5662010.46939679
0.000693358374980056,79.1524359244992,480237.787215289,5662010.46939679
0.000831099765180877,79.1524359244992,480737.787215289,5662010.46939679
0.000749349398588867,79.1524359244992,481237.787215289,5662010.46939679
0.000858626190397,79.1524359244992,481737.787215289,5662010.46939679
0.000929952576079307,79.1524359244992,482237.787215289,5662010.46939679
0.00109979659363172,79.1524359244992,482737.787215289,5662010.46939679
0.000576345295828705,79.1524359244992,483237.787215289,5662010.46939679
0.00166290831333426,79.1524359244992,483737.787215289,5662010.46939679
0.00178946281584581,79.1524359244992,484237.787215289,5662010.46939679
0.00193854857862798,79.1524359244992,484737.787215289,5662010.46939679
0.000386476446741464,79.1524359244992,485237.787215289,5662010.46939679
0.000417685721244527,79.1524359244992,485737.787215289,5662010.46939679
0.000417685721244527,79.1524359244992,486237.787215289,5662010.46939679
0.00160651517197232,79.1524359244992,486737.787215289,5662010.46939679
0.00130678681522164,79.1524359244992,487237.787215289,5662010.46939679
0.00092135259236723,79.1524359244992,487737.787215289,5662010.46939679
0.00103200932854201,79.1524359244992,488237.787215289,5662010.46939679
0.0010113486930161,79.1524359244992,488737.787215289,5662010.46939679
0.00100563741694346,79.1524359244992,489237.787215289,5662010.46939679
0.000941523558650934,79.1524359244992,489737.787215289,5662010.46939679
0.000991552216285335,79.1524359244992,490237.787215289,5662010.46939679
0.000850822448601872,79.1524359244992,490737.787215289,5662010.46939679
0.00075874791742753,79.1524359244992,491237.787215289,5662010.46939679
0.000356421399844393,79.1524359244992,491737.787215289,5662010.46939679
0.000622694825881343,79.1524359244992,492237.787215289,5662010.46939679
0.00036958339323523,79.1524359244992,492737.787215289,5662010.46939679
0.000186180263573137,79.1524359244992,493237.787215289,5662010.46939679
5.33993046485502e-05,79.1524359244992,493737.787215289,5662010.46939679
5.23777651206069e-05,79.1524359244992,494237.787215289,5662010.46939679
0.000503563017049491,79.1524359244992,494737.787215289,5662010.46939679
0.000566693463511524,79.1524359244992,495237.787215289,5662010.46939679
0.00063040884005112,79.1524359244992,495737.787215289,5662010.46939679
0.000781327227319264,79.1524359244992,496237.787215289,5662010.46939679
0.000602376779028595,79.1524359244992,496737.787215289,5662010.46939679
0.000490694994442864,79.1524359244992,497237.787215289,5662010.46939679
0.000478155800602843,79.1524359244992,497737.787215289,5662010.46939679
0.000210558198219536,79.1524359244992,498237.787215289,5662010.46939679
0.000221746387738591,79.1524359244992,498737.787215289,5662010.46939679
0.000210558198219536,79.1524359244992,499237.787215289,5662010.46939679
0.00017566157069537,79.1524359244992,499737.787215289,5662010.46939679
0.000166798585533819,79.1524359244992,500237.787215289,5662010.46939679
0.00015433547612434,79.1524359244992,500737.787215289,5662010.46939679
0.00020517760519947,79.1524359244992,501237.787215289,5662010.46939679
0.000194825391774719,79.1524359244992,501737.787215289,5662010.46939679
4.9409334505248e-05,79.1524359244992,502237.787215289,5662010.46939679
0.000538101007356382,79.1524359244992,502737.787215289,5662010.46939679
0.000543124539315371,79.1524359244992,503237.787215289,5662010.46939679
0.000608061990799042,79.1524359244992,503737.787215289,5662010.46939679
0.00075874791742753,79.1524359244992,504237.787215289,5662010.46939679
0.00020013922213944,79.1524359244992,504737.787215289,5662010.46939679
0.000154493501476068,79.1524359244992,505237.787215289,5662010.46939679
0.000151808969584278,79.1524359244992,505737.787215289,5662010.46939679
0.000119723626478592,79.1524359244992,506237.787215289,5662010.46939679
0.000176470842693431,79.1524359244992,506737.787215289,5662010.46939679
7.30361770849714e-05,79.1524359244992,507237.787215289,5662010.46939679
5.21665370195776e-05,79.1524359244992,507737.787215289,5662010.46939679
4.88600981491154e-05,79.1524359244992,508237.787215289,5662010.46939679
2.5183178980839e-05,79.1524359244992,508737.787215289,5662010.46939679
2.15604269802065e-05,79.1524359244992,509237.787215289,5662010.46939679
8.63540510149499e-05,79.1524359244992,509737.787215289,5662010.46939679
0.000145315871749457,79.1524359244992,510237.787215289,5662010.46939679
5.38579436629939e-05,79.1524359244992,510737.787215289,5662010.46939679
4.91243529498228e-05,79.1524359244992,511237.787215289,5662010.46939679
3.09776269268815e-05,79.1524359244992,511737.787215289,5662010.46939679
5.01414090543931e-05,79.1524359244992,512237.787215289,5662010.46939679
5.49300984403841e-05,79.1524359244992,512737.787215289,5662010.46939679
9.86726555895817e-05,79.1524359244992,513237.787215289,5662010.46939679
9.44572039519579e-05,79.1524359244992,513737.787215289,5662010.46939679
0.000107064375319036,79.1524359244992,514237.787215289,5662010.46939679
8.35032453358578e-05,79.1524359244992,514737.787215289,5662010.46939679
7.49514833107831e-05,79.1524359244992,515237.787215289,5662010.46939679
9.86024598449092e-05,79.1524359244992,515737.787215289,5662010.46939679
8.22413099745446e-05,79.1524359244992,516237.787215289,5662010.46939679
5.66357882109651e-05,79.1524359244992,516737.787215289,5662010.46939679
3.64021593758051e-05,79.1524359244992,517237.787215289,5662010.46939679
1.7795134977099e-05,79.1524359244992,517737.787215289,5662010.46939679
3.5471940527482e-05,79.1524359244992,518237.787215289,5662010.46939679
3.70664020208775e-05,79.1524359244992,518737.787215289,5662010.46939679
9.8250904702507e-05,79.1524359244992,519237.787215289,5662010.46939679
5.79932219212748e-05,79.1524359244992,519737.787215289,5662010.46939679
0.000158783001349731,79.1524359244992,520237.787215289,5662010.46939679
7.81041992187894e-05,79.1524359244992,520737.787215289,5662010.46939679
0.00026903054973249,79.1524359244992,521237.787215289,5662010.46939679
0.0001301588722925,79.1524359244992,521737.787215289,5662010.46939679
0.00015243376133662,79.1524359244992,522237.787215289,5662010.46939679
0.000128381105239561,79.1524359244992,522737.787215289,5662010.46939679
0.000115041106247714,79.1524359244992,523237.787215289,5662010.46939679
8.61685377460995e-05,79.1524359244992,523737.787215289,5662010.46939679
0.000148127601879788,79.1524359244992,524237.787215289,5662010.46939679
6.98992195033024e-05,79.1524359244992,524737.787215289,5662010.46939679
6.5992441145438e-05,79.1524359244992,525237.787215289,5662010.46939679
5.8846392387416e-05,79.1524359244992,525737.787215289,5662010.46939679
5.73156558795204e-05,79.1524359244992,526237.787215289,5662010.46939679
5.03572807901448e-05,79.1524359244992,526737.787215289,5662010.46939679
5.44238007880861e-05,79.1524359244992,527237.787215289,5662010.46939679
5.30330578717714e-05,79.1524359244992,527737.787215289,5662010.46939679
0.000586983674793767,79.1524359244992,479237.787215289,5662510.46939679
0.000672236166189203,79.1524359244992,479737.787215289,5662510.46939679
0.000655057878883277,79.1524359244992,480237.787215289,5662510.46939679
0.000546492593848277,79.1524359244992,480737.787215289,5662510.46939679
0.000281524038713273,79.1524359244992,481237.787215289,5662510.46939679
0.000614299406016972,79.1524359244992,481737.787215289,5662510.46939679
0.000430786791420784,79.1524359244992,482237.787215289,5662510.46939679
0.000929952576079307,79.1524359244992,482737.787215289,5662510.46939679
0.00049327574183214,79.1524359244992,483237.787215289,5662510.46939679
0.00134105609139269,79.1524359244992,483737.787215289,5662510.46939679
0.00146666535601447,79.1524359244992,484237.787215289,5662510.46939679
0.00160651517197232,79.1524359244992,484737.787215289,5662510.46939679
0.00178946281584581,79.1524359244992,485237.787215289,5662510.46939679
0.00167699561677363,79.1524359244992,485737.787215289,5662510.46939679
0.00125084677755187,79.1524359244992,486237.787215289,5662510.46939679
0.00134105609139269,79.1524359244992,486737.787215289,5662510.46939679
0.00117786671105944,79.1524359244992,487237.787215289,5662510.46939679
0.000417685721244527,79.1524359244992,487737.787215289,5662510.46939679
0.000658375054696861,79.1524359244992,488237.787215289,5662510.46939679
0.000549260001237845,79.1524359244992,488737.787215289,5662510.46939679
0.000392310005794305,79.1524359244992,489237.787215289,5662510.46939679
0.000417685721244527,79.1524359244992,489737.787215289,5662510.46939679
0.000290709243636503,79.1524359244992,490237.787215289,5662510.46939679
0.000747972188647093,79.1524359244992,490737.787215289,5662510.46939679
0.000361567241068576,79.1524359244992,491237.787215289,5662510.46939679
0.00014748703627267,79.1524359244992,491737.787215289,5662510.46939679
0.000115145899449613,79.1524359244992,492237.787215289,5662510.46939679
5.20347416522009e-05,79.1524359244992,492737.787215289,5662510.46939679
7.476256456416e-05,79.1524359244992,493237.787215289,5662510.46939679
7.0990427620669e-05,79.1524359244992,493737.787215289,5662510.46939679
5.07050486262241e-05,79.1524359244992,494237.787215289,5662510.46939679
0.000149166214295178,79.1524359244992,494737.787215289,5662510.46939679
0.000573891554588712,79.1524359244992,495237.787215289,5662510.46939679
0.000559226360267116,79.1524359244992,495737.787215289,5662510.46939679
0.000591276827168739,79.1524359244992,496237.787215289,5662510.46939679
0.000478155800602843,79.1524359244992,496737.787215289,5662510.46939679
0.000265798146282652,79.1524359244992,497237.787215289,5662510.46939679
0.000216079892317467,79.1524359244992,497737.787215289,5662510.46939679
0.000221746387738591,79.1524359244992,498237.787215289,5662510.46939679
0.000184995498135733,79.1524359244992,498737.787215289,5662510.46939679
0.000259005954562129,79.1524359244992,499237.787215289,5662510.46939679
0.000265798146282652,79.1524359244992,499737.787215289,5662510.46939679
0.000420105563530634,79.1524359244992,500237.787215289,5662510.46939679
0.000490694994442864,79.1524359244992,500737.787215289,5662510.46939679
0.000497894361079555,79.1524359244992,501237.787215289,5662510.46939679
0.00022570732511789,79.1524359244992,501737.787215289,5662510.46939679
9.93913022530658e-05,79.1524359244992,502237.787215289,5662510.46939679
4.57174929958151e-05,79.1524359244992,502737.787215289,5662510.46939679
0.000138020587112496,79.1524359244992,503237.787215289,5662510.46939679
0.000341968301350154,79.1524359244992,503737.787215289,5662510.46939679
0.000165104254858911,79.1524359244992,504237.787215289,5662510.46939679
0.000131602254290079,79.1524359244992,504737.787215289,5662510.46939679
0.000115625156341786,79.1524359244992,505237.787215289,5662510.46939679
0.000140465877008199,79.1524359244992,505737.787215289,5662510.46939679
0.000143507717572204,79.1524359244992,506237.787215289,5662510.46939679
0.000151084448906238,79.1524359244992,506737.787215289,5662510.46939679
0.000167220071606444,79.1524359244992,507237.787215289,5662510.46939679
0.000135941912528262,79.1524359244992,507737.787215289,5662510.46939679
4.40540193812523e-05,79.1524359244992,508237.787215289,5662510.46939679
4.76115297946942e-05,79.1524359244992,508737.787215289,5662510.46939679
6.53071953923144e-05,79.1524359244992,509237.787215289,5662510.46939679
7.71304573036954e-05,79.1524359244992,509737.787215289,5662510.46939679
4.98337042349842e-05,79.1524359244992,510237.787215289,5662510.46939679
4.63948672897231e-05,79.1524359244992,510737.787215289,5662510.46939679
7.46935181173877e-05,79.1524359244992,511237.787215289,5662510.46939679
3.61827307046145e-05,79.1524359244992,511737.787215289,5662510.46939679
6.70198162182878e-05,79.1524359244992,512237.787215289,5662510.46939679
6.9351554198746e-05,79.1524359244992,512737.787215289,5662510.46939679
0.000107489960629806,79.1524359244992,513237.787215289,5662510.46939679
9.05208508719995e-05,79.1524359244992,513737.787215289,5662510.46939679
9.8773128735045e-05,79.1524359244992,514237.787215289,5662510.46939679
0.000150648522154959,79.1524359244992,514737.787215289,5662510.46939679
8.0868966150389e-05,79.1524359244992,515237.787215289,5662510.46939679
7.52918449093596e-05,79.1524359244992,515737.787215289,5662510.46939679
5.25414092253559e-05,79.1524359244992,516237.787215289,5662510.46939679
0.000112218947694212,79.1524359244992,516737.787215289,5662510.46939679
5.18954187228767e-05,79.1524359244992,517237.787215289,5662510.46939679
3.97017325564888e-05,79.1524359244992,517737.787215289,5662510.46939679
1.82617959411736e-05,79.1524359244992,518237.787215289,5662510.46939679
3.83364191740141e-05,79.1524359244992,518737.787215289,5662510.46939679
4.19626227826873e-05,79.1524359244992,519237.787215289,5662510.46939679
5.82213691459937e-05,79.1524359244992,519737.787215289,5662510.46939679
6.96660747762154e-05,79.1524359244992,520237.787215289,5662510.46939679
7.73916665155546e-05,79.1524359244992,520737.787215289,5662510.46939679
9.70156727490186e-05,79.1524359244992,521237.787215289,5662510.46939679
0.000116241549871012,79.1524359244992,521737.787215289,5662510.46939679
0.000131756270589867,79.1524359244992,522237.787215289,5662510.46939679
0.000122790414587665,79.1524359244992,522737.787215289,5662510.46939679
0.000106193747744501,79.1524359244992,523237.787215289,5662510.46939679
7.95835325660396e-05,79.1524359244992,523737.787215289,5662510.46939679
7.10788571162106e-05,79.1524359244992,524237.787215289,5662510.46939679
5.99853665867141e-05,79.1524359244992,524737.787215289,5662510.46939679
5.63705894918929e-05,79.1524359244992,525237.787215289,5662510.46939679
5.30330578717714e-05,79.1524359244992,525737.787215289,5662510.46939679
4.40540193812523e-05,79.1524359244992,526237.787215289,5662510.46939679
4.5209295313819e-05,79.1524359244992,526737.787215289,5662510.46939679
4.76115297946942e-05,79.1524359244992,527237.787215289,5662510.46939679
0.000552212208827212,79.1524359244992,479237.787215289,5663010.46939679
0.00044300419871814,79.1524359244992,479737.787215289,5663010.46939679
0.000253109148294343,79.1524359244992,480237.787215289,5663010.46939679
0.000604385772008967,79.1524359244992,480737.787215289,5663010.46939679
0.000604385772008967,79.1524359244992,481237.787215289,5663010.46939679
0.000561444020113555,79.1524359244992,481737.787215289,5663010.46939679
0.00063040884005112,79.1524359244992,482237.787215289,5663010.46939679
0.000865480361763077,79.1524359244992,482737.787215289,5663010.46939679
0.0010761654794381,79.1524359244992,483237.787215289,5663010.46939679
0.000517987268367831,79.1524359244992,483737.787215289,5663010.46939679
0.00130678681522164,79.1524359244992,484237.787215289,5663010.46939679
0.00145937641104147,79.1524359244992,484737.787215289,5663010.46939679
0.00157900645792127,79.1524359244992,485237.787215289,5663010.46939679
0.00155241995241086,79.1524359244992,485737.787215289,5663010.46939679
0.00126336607394038,79.1524359244992,486237.787215289,5663010.46939679
0.00111519593720397,79.1524359244992,486737.787215289,5663010.46939679
0.00044446278243218,79.1524359244992,487237.787215289,5663010.46939679
0.000417685721244527,79.1524359244992,487737.787215289,5663010.46939679
0.00075874791742753,79.1524359244992,488237.787215289,5663010.46939679
0.000624007854385275,79.1524359244992,488737.787215289,5663010.46939679
0.000739358913422835,79.1524359244992,489237.787215289,5663010.46939679
0.000718671879488059,79.1524359244992,489737.787215289,5663010.46939679
0.000718671879488059,79.1524359244992,490237.787215289,5663010.46939679
0.000590623711071862,79.1524359244992,490737.787215289,5663010.46939679
0.000580358585370124,79.1524359244992,491237.787215289,5663010.46939679
0.000103819678596303,79.1524359244992,491737.787215289,5663010.46939679
0.000146548496710595,79.1524359244992,492237.787215289,5663010.46939679
6.56860573010377e-05,79.1524359244992,492737.787215289,5663010.46939679
0.000193976700874474,79.1524359244992,493237.787215289,5663010.46939679
0.000142803604205009,79.1524359244992,493737.787215289,5663010.46939679
0.000139154408483717,79.1524359244992,494237.787215289,5663010.46939679
4.9409334505248e-05,79.1524359244992,494737.787215289,5663010.46939679
0.000115145899449613,79.1524359244992,495237.787215289,5663010.46939679
0.000118165494216134,79.1524359244992,495737.787215289,5663010.46939679
0.000231927829785806,79.1524359244992,496237.787215289,5663010.46939679
0.000503563017049491,79.1524359244992,496737.787215289,5663010.46939679
0.000216079892317467,79.1524359244992,497237.787215289,5663010.46939679
0.000180268132996643,79.1524359244992,497737.787215289,5663010.46939679
0.000490694994442864,79.1524359244992,498237.787215289,5663010.46939679
0.000409370208260986,79.1524359244992,498737.787215289,5663010.46939679
0.000465937032656581,79.1524359244992,499237.787215289,5663010.46939679
0.000359670847488015,79.1524359244992,499737.787215289,5663010.46939679
0.000552212208827212,79.1524359244992,500237.787215289,5663010.46939679
0.000588941330074163,79.1524359244992,500737.787215289,5663010.46939679
0.000489700591849226,79.1524359244992,501237.787215289,5663010.46939679
0.000229018852246785,79.1524359244992,501737.787215289,5663010.46939679
0.000138020587112496,79.1524359244992,502237.787215289,5663010.46939679
5.7711478316831e-05,79.1524359244992,502737.787215289,5663010.46939679
5.07050486262241e-05,79.1524359244992,503237.787215289,5663010.46939679
0.000109336225801611,79.1524359244992,503737.787215289,5663010.46939679
0.000123043437244129,79.1524359244992,504237.787215289,5663010.46939679
0.000121422140884443,79.1524359244992,504737.787215289,5663010.46939679
0.000141824441090002,79.1524359244992,505237.787215289,5663010.46939679
0.00012664907977136,79.1524359244992,505737.787215289,5663010.46939679
0.000106193747744501,79.1524359244992,506237.787215289,5663010.46939679
0.000164590097075365,79.1524359244992,506737.787215289,5663010.46939679
8.03991655197689e-05,79.1524359244992,507237.787215289,5663010.46939679
7.67231437056557e-05,79.1524359244992,507737.787215289,5663010.46939679
7.05809713370291e-05,79.1524359244992,508237.787215289,5663010.46939679
5.30913098728717e-05,79.1524359244992,508737.787215289,5663010.46939679
6.79875764005804e-05,79.1524359244992,509237.787215289,5663010.46939679
7.01892888116523e-05,79.1524359244992,509737.787215289,5663010.46939679
3.99355113796585e-05,79.1524359244992,510237.787215289,5663010.46939679
4.45080874744283e-05,79.1524359244992,510737.787215289,5663010.46939679
3.17899865557939e-05,79.1524359244992,511237.787215289,5663010.46939679
3.52581191249068e-05,79.1524359244992,511737.787215289,5663010.46939679
4.61101540251757e-05,79.1524359244992,512237.787215289,5663010.46939679
6.75734285013095e-05,79.1524359244992,512737.787215289,5663010.46939679
8.41031830219006e-05,79.1524359244992,513237.787215289,5663010.46939679
0.000104328457955521,79.1524359244992,513737.787215289,5663010.46939679
0.000110031340705637,79.1524359244992,514237.787215289,5663010.46939679
0.000103021460556057,79.1524359244992,514737.787215289,5663010.46939679
0.000179663967470241,79.1524359244992,515237.787215289,5663010.46939679
6.7313494735556e-05,79.1524359244992,515737.787215289,5663010.46939679
8.58031974026224e-05,79.1524359244992,516237.787215289,5663010.46939679
4.60958155394116e-05,79.1524359244992,516737.787215289,5663010.46939679
4.42281555442651e-05,79.1524359244992,517237.787215289,5663010.46939679
6.10901412560338e-05,79.1524359244992,517737.787215289,5663010.46939679
1.73403990425282e-05,79.1524359244992,518237.787215289,5663010.46939679
3.64021593758051e-05,79.1524359244992,518737.787215289,5663010.46939679
6.68730241584167e-05,79.1524359244992,519237.787215289,5663010.46939679
6.02509513549326e-05,79.1524359244992,519737.787215289,5663010.46939679
6.88747210742648e-05,79.1524359244992,520237.787215289,5663010.46939679
9.88992604722678e-05,79.1524359244992,520737.787215289,5663010.46939679
0.000103927139130162,79.1524359244992,521237.787215289,5663010.46939679
0.000119652634851477,79.1524359244992,521737.787215289,5663010.46939679
0.000128237646403957,79.1524359244992,522237.787215289,5663010.46939679
0.000146111406625201,79.1524359244992,522737.787215289,5663010.46939679
0.000140846682099368,79.1524359244992,523237.787215289,5663010.46939679
0.000124006776861155,79.1524359244992,523737.787215289,5663010.46939679
6.3544714294435e-05,79.1524359244992,524237.787215289,5663010.46939679
5.85565455199733e-05,79.1524359244992,524737.787215289,5663010.46939679
4.85602564023275e-05,79.1524359244992,525237.787215289,5663010.46939679
5.1597075467651e-05,79.1524359244992,525737.787215289,5663010.46939679
2.33015040618808e-05,79.1524359244992,526237.787215289,5663010.46939679
3.09776269268815e-05,79.1524359244992,526737.787215289,5663010.46939679
2.65213086832795e-05,79.1524359244992,527237.787215289,5663010.46939679
0.00017566157069537,79.1524359244992,479237.787215289,5663510.46939679
0.000227561481763746,79.1524359244992,479737.787215289,5663510.46939679
0.000252387330148278,79.1524359244992,480237.787215289,5663510.46939679
0.00017117272424261,79.1524359244992,480737.787215289,5663510.46939679
0.000184995498135733,79.1524359244992,481237.787215289,5663510.46939679
0.000174921518763586,79.1524359244992,481737.787215289,5663510.46939679
0.000237324084279147,79.1524359244992,482237.787215289,5663510.46939679
0.000646940729100459,79.1524359244992,482737.787215289,5663510.46939679
0.000407012202496204,79.1524359244992,483237.787215289,5663510.46939679
0.000736683613438937,79.1524359244992,483737.787215289,5663510.46939679
0.000906718814222064,79.1524359244992,484237.787215289,5663510.46939679
0.0010761654794381,79.1524359244992,484737.787215289,5663510.46939679
0.00123687404107275,79.1524359244992,485237.787215289,5663510.46939679
0.00141649754450253,79.1524359244992,485737.787215289,5663510.46939679
0.00141649754450253,79.1524359244992,486237.787215289,5663510.46939679
0.000703568268163047,79.1524359244992,486737.787215289,5663510.46939679
0.000717858439487108,79.1524359244992,487237.787215289,5663510.46939679
0.000209943722639592,79.1524359244992,487737.787215289,5663510.46939679
0.000417685721244527,79.1524359244992,488237.787215289,5663510.46939679
0.000417685721244527,79.1524359244992,488737.787215289,5663510.46939679
0.000566693463511524,79.1524359244992,489237.787215289,5663510.46939679
0.000566693463511524,79.1524359244992,489737.787215289,5663510.46939679
0.000520053893886898,79.1524359244992,490237.787215289,5663510.46939679
0.000525133468575196,79.1524359244992,490737.787215289,5663510.46939679
0.000121727859222812,79.1524359244992,491237.787215289,5663510.46939679
0.000179482855868827,79.1524359244992,491737.787215289,5663510.46939679
0.000454030502457798,79.1524359244992,492237.787215289,5663510.46939679
0.000179482855868827,79.1524359244992,492737.787215289,5663510.46939679
0.000395007651164399,79.1524359244992,493237.787215289,5663510.46939679
0.000171914716097703,79.1524359244992,493737.787215289,5663510.46939679
0.000559226360267116,79.1524359244992,494237.787215289,5663510.46939679
0.00017566157069537,79.1524359244992,494737.787215289,5663510.46939679
0.000116091808203775,79.1524359244992,495237.787215289,5663510.46939679
0.000142803604205009,79.1524359244992,495737.787215289,5663510.46939679
0.000189846834055387,79.1524359244992,496237.787215289,5663510.46939679
0.000252387330148278,79.1524359244992,496737.787215289,5663510.46939679
0.00036910288296593,79.1524359244992,497237.787215289,5663510.46939679
0.000355621999125855,79.1524359244992,497737.787215289,5663510.46939679
0.000629929797747241,79.1524359244992,498237.787215289,5663510.46939679
0.000548250530441247,79.1524359244992,498737.787215289,5663510.46939679
0.000166662503260498,79.1524359244992,499237.787215289,5663510.46939679
0.000548250530441247,79.1524359244992,499737.787215289,5663510.46939679
0.000702054641049618,79.1524359244992,500237.787215289,5663510.46939679
0.000831099765180877,79.1524359244992,500737.787215289,5663510.46939679
0.000769000393831344,79.1524359244992,501237.787215289,5663510.46939679
0.000666632551621695,79.1524359244992,501737.787215289,5663510.46939679
0.000162061891101552,79.1524359244992,502237.787215289,5663510.46939679
0.000176786558923393,79.1524359244992,502737.787215289,5663510.46939679
0.000165439521146077,79.1524359244992,503237.787215289,5663510.46939679
6.56860573010377e-05,79.1524359244992,503737.787215289,5663510.46939679
5.7711478316831e-05,79.1524359244992,504237.787215289,5663510.46939679
6.56860573010377e-05,79.1524359244992,504737.787215289,5663510.46939679
5.7711478316831e-05,79.1524359244992,505237.787215289,5663510.46939679
5.7711478316831e-05,79.1524359244992,505737.787215289,5663510.46939679
5.47996520480094e-05,79.1524359244992,506237.787215289,5663510.46939679
5.62367222634692e-05,79.1524359244992,506737.787215289,5663510.46939679
0.00011913620855293,79.1524359244992,507237.787215289,5663510.46939679
9.20793886984456e-05,79.1524359244992,507737.787215289,5663510.46939679
8.75459360106608e-05,79.1524359244992,508237.787215289,5663510.46939679
6.09319676173689e-05,79.1524359244992,508737.787215289,5663510.46939679
6.27029990301604e-05,79.1524359244992,509237.787215289,5663510.46939679
4.5209295313819e-05,79.1524359244992,509737.787215289,5663510.46939679
2.79305410492048e-05,79.1524359244992,510237.787215289,5663510.46939679
2.94146541793069e-05,79.1524359244992,510737.787215289,5663510.46939679
5.85665617720596e-05,79.1524359244992,511237.787215289,5663510.46939679
7.05809713370291e-05,79.1524359244992,511737.787215289,5663510.46939679
8.41329730116187e-05,79.1524359244992,512237.787215289,5663510.46939679
7.06383498756921e-05,79.1524359244992,512737.787215289,5663510.46939679
0.000109325981226027,79.1524359244992,513237.787215289,5663510.46939679
0.000154597150176823,79.1524359244992,513737.787215289,5663510.46939679
0.000234541362607989,79.1524359244992,514237.787215289,5663510.46939679
0.000106542253691463,79.1524359244992,514737.787215289,5663510.46939679
0.000151451623981427,79.1524359244992,515237.787215289,5663510.46939679
0.000154467411624139,79.1524359244992,515737.787215289,5663510.46939679
8.13719149250887e-05,79.1524359244992,516237.787215289,5663510.46939679
7.79958625075864e-05,79.1524359244992,516737.787215289,5663510.46939679
5.24653408501719e-05,79.1524359244992,517237.787215289,5663510.46939679
4.03687069679584e-05,79.1524359244992,517737.787215289,5663510.46939679
4.29077811528513e-05,79.1524359244992,518237.787215289,5663510.46939679
1.73403990425282e-05,79.1524359244992,518737.787215289,5663510.46939679
7.10772742516075e-05,79.1524359244992,519237.787215289,5663510.46939679
5.14377045817636e-05,79.1524359244992,519737.787215289,5663510.46939679
7.34147420551445e-05,79.1524359244992,520237.787215289,5663510.46939679
9.26577238949518e-05,79.1524359244992,520737.787215289,5663510.46939679
8.31523019301514e-05,79.1524359244992,521237.787215289,5663510.46939679
9.85814681713729e-05,79.1524359244992,521737.787215289,5663510.46939679
0.000127874009942556,79.1524359244992,522237.787215289,5663510.46939679
0.000116835294198362,79.1524359244992,522737.787215289,5663510.46939679
0.000102132456361501,79.1524359244992,523237.787215289,5663510.46939679
7.49514833107831e-05,79.1524359244992,523737.787215289,5663510.46939679
7.11702345956134e-05,79.1524359244992,524237.787215289,5663510.46939679
5.44835803940642e-05,79.1524359244992,524737.787215289,5663510.46939679
2.58435845690397e-05,79.1524359244992,525237.787215289,5663510.46939679
2.45396493619823e-05,79.1524359244992,525737.787215289,5663510.46939679
2.72168054858936e-05,79.1524359244992,526237.787215289,5663510.46939679
2.79305410492048e-05,79.1524359244992,526737.787215289,5663510.46939679
0.000227561481763746,79.1524359244992,479237.787215289,5664010.46939679
0.000139154408483717,79.1524359244992,479737.787215289,5664010.46939679
0.000170427068185607,79.1524359244992,480237.787215289,5664010.46939679
0.000170427068185607,79.1524359244992,480737.787215289,5664010.46939679
0.000252387330148278,79.1524359244992,481237.787215289,5664010.46939679
0.000221746387738591,79.1524359244992,481737.787215289,5664010.46939679
0.000376600448137084,79.1524359244992,482237.787215289,5664010.46939679
0.000591276827168739,79.1524359244992,482737.787215289,5664010.46939679
0.000601059851736044,79.1524359244992,483237.787215289,5664010.46939679
0.000843363922541599,79.1524359244992,483737.787215289,5664010.46939679
0.000873571261000047,79.1524359244992,484237.787215289,5664010.46939679
0.000966214143585773,79.1524359244992,484737.787215289,5664010.46939679
0.00112456508339702,79.1524359244992,485237.787215289,5664010.46939679
0.00126881894183712,79.1524359244992,485737.787215289,5664010.46939679
0.00137622404765112,79.1524359244992,486237.787215289,5664010.46939679
0.00112456508339702,79.1524359244992,486737.787215289,5664010.46939679
0.000896479859747446,79.1524359244992,487237.787215289,5664010.46939679
0.000145059865301978,79.1524359244992,487737.787215289,5664010.46939679
0.000108706440229684,79.1524359244992,488237.787215289,5664010.46939679
0.000245937837711356,79.1524359244992,488737.787215289,5664010.46939679
0.000544227426384639,79.1524359244992,489237.787215289,5664010.46939679
0.000503563017049491,79.1524359244992,489737.787215289,5664010.46939679
0.00026464028659097,79.1524359244992,490237.787215289,5664010.46939679
0.000232511780869415,79.1524359244992,490737.787215289,5664010.46939679
0.000189019830557355,79.1524359244992,491237.787215289,5664010.46939679
0.000215138613377052,79.1524359244992,491737.787215289,5664010.46939679
0.00036910288296593,79.1524359244992,492237.787215289,5664010.46939679
0.000179482855868827,79.1524359244992,492737.787215289,5664010.46939679
0.000375077583722155,79.1524359244992,493237.787215289,5664010.46939679
0.000311805401509616,79.1524359244992,493737.787215289,5664010.46939679
0.000567576335564972,79.1524359244992,494237.787215289,5664010.46939679
0.000490694994442864,79.1524359244992,494737.787215289,5664010.46939679
0.000465937032656581,79.1524359244992,495237.787215289,5664010.46939679
0.000150391595560177,79.1524359244992,495737.787215289,5664010.46939679
0.00017117272424261,79.1524359244992,496237.787215289,5664010.46939679
0.000245937837711356,79.1524359244992,496737.787215289,5664010.46939679
0.000194825391774719,79.1524359244992,497237.787215289,5664010.46939679
0.000420105563530634,79.1524359244992,497737.787215289,5664010.46939679
0.000477186808920296,79.1524359244992,498237.787215289,5664010.46939679
0.000356692447394682,79.1524359244992,498737.787215289,5664010.46939679
0.000246189655467607,79.1524359244992,499237.787215289,5664010.46939679
0.000769000393831344,79.1524359244992,499737.787215289,5664010.46939679
0.000769000393831344,79.1524359244992,500237.787215289,5664010.46939679
0.000903783924403121,79.1524359244992,500737.787215289,5664010.46939679
0.000880688677975238,79.1524359244992,501237.787215289,5664010.46939679
0.000809861885899407,79.1524359244992,501737.787215289,5664010.46939679
0.000646940729100459,79.1524359244992,502237.787215289,5664010.46939679
0.000152767745015667,79.1524359244992,502737.787215289,5664010.46939679
0.000176786558923393,79.1524359244992,503237.787215289,5664010.46939679
0.000153077960368469,79.1524359244992,503737.787215289,5664010.46939679
5.47996520480094e-05,79.1524359244992,504237.787215289,5664010.46939679
6.74086134303287e-05,79.1524359244992,504737.787215289,5664010.46939679
6.0778026958933e-05,79.1524359244992,505237.787215289,5664010.46939679
5.62367222634692e-05,79.1524359244992,505737.787215289,5664010.46939679
5.47996520480094e-05,79.1524359244992,506237.787215289,5664010.46939679
5.92249084843551e-05,79.1524359244992,506737.787215289,5664010.46939679
0.000139034140501073,79.1524359244992,507237.787215289,5664010.46939679
8.0868966150389e-05,79.1524359244992,507737.787215289,5664010.46939679
6.7723031907812e-05,79.1524359244992,508237.787215289,5664010.46939679
6.25298521396205e-05,79.1524359244992,508737.787215289,5664010.46939679
5.97335827795834e-05,79.1524359244992,509237.787215289,5664010.46939679
2.39125644648449e-05,79.1524359244992,509737.787215289,5664010.46939679
2.45396493619823e-05,79.1524359244992,510237.787215289,5664010.46939679
7.58702858337194e-05,79.1524359244992,510737.787215289,5664010.46939679
6.18472623286885e-05,79.1524359244992,511237.787215289,5664010.46939679
5.52703184466184e-05,79.1524359244992,511737.787215289,5664010.46939679
7.37875193838434e-05,79.1524359244992,512237.787215289,5664010.46939679
9.69168091808521e-05,79.1524359244992,512737.787215289,5664010.46939679
0.000103286632239529,79.1524359244992,513237.787215289,5664010.46939679
0.000120585038414662,79.1524359244992,513737.787215289,5664010.46939679
0.000207849896853161,79.1524359244992,514237.787215289,5664010.46939679
0.000106998891296504,79.1524359244992,514737.787215289,5664010.46939679
0.000124803959815808,79.1524359244992,515237.787215289,5664010.46939679
8.2640895010184e-05,79.1524359244992,515737.787215289,5664010.46939679
6.97746100504927e-05,79.1524359244992,516237.787215289,5664010.46939679
8.48773758480139e-05,79.1524359244992,516737.787215289,5664010.46939679
0.000117052494043971,79.1524359244992,517237.787215289,5664010.46939679
5.50745843864036e-05,79.1524359244992,517737.787215289,5664010.46939679
1.73403990425282e-05,79.1524359244992,518237.787215289,5664010.46939679
1.7795134977099e-05,79.1524359244992,518737.787215289,5664010.46939679
4.5404986212561e-05,79.1524359244992,519237.787215289,5664010.46939679
4.29893713559252e-05,79.1524359244992,519737.787215289,5664010.46939679
8.44179020119913e-05,79.1524359244992,520237.787215289,5664010.46939679
8.25075593105737e-05,79.1524359244992,520737.787215289,5664010.46939679
0.000101459045425831,79.1524359244992,521237.787215289,5664010.46939679
0.000101363362725373,79.1524359244992,521737.787215289,5664010.46939679
0.000223166516653669,79.1524359244992,522237.787215289,5664010.46939679
0.000113849691292482,79.1524359244992,522737.787215289,5664010.46939679
0.000113274609493562,79.1524359244992,523237.787215289,5664010.46939679
6.37824633931793e-05,79.1524359244992,523737.787215289,5664010.46939679
5.58119864614638e-05,79.1524359244992,524237.787215289,5664010.46939679
5.28057156071501e-05,79.1524359244992,524737.787215289,5664010.46939679
5.47490422103141e-05,79.1524359244992,525237.787215289,5664010.46939679
4.01300902474024e-05,79.1524359244992,525737.787215289,5664010.46939679
5.41904966827415e-05,79.1524359244992,526237.787215289,5664010.46939679
5.72260648850034e-05,79.1524359244992,526737.787215289,5664010.46939679
0.000604385772008967,79.1524359244992,479237.787215289,5664510.46939679
0.000573891554588712,79.1524359244992,479737.787215289,5664510.46939679
0.000384938449633016,79.1524359244992,480237.787215289,5664510.46939679
0.000553072520015072,79.1524359244992,480737.787215289,5664510.46939679
0.000532593207872078,79.1524359244992,481237.787215289,5664510.46939679
0.000257877682755545,79.1524359244992,481737.787215289,5664510.46939679
0.000245937837711356,79.1524359244992,482237.787215289,5664510.46939679
0.000544227426384639,79.1524359244992,482737.787215289,5664510.46939679
0.000543124539315371,79.1524359244992,483237.787215289,5664510.46939679
0.000717518809054696,79.1524359244992,483737.787215289,5664510.46939679
0.000720465374997233,79.1524359244992,484237.787215289,5664510.46939679
0.000831099765180877,79.1524359244992,484737.787215289,5664510.46939679
0.000407012202496204,79.1524359244992,485237.787215289,5664510.46939679
0.00103200932854201,79.1524359244992,485737.787215289,5664510.46939679
0.00112456508339702,79.1524359244992,486237.787215289,5664510.46939679
0.00106782527623322,79.1524359244992,486737.787215289,5664510.46939679
0.000787643224652383,79.1524359244992,487237.787215289,5664510.46939679
0.000178436979414212,79.1524359244992,487737.787215289,5664510.46939679
0.000161211888404874,79.1524359244992,488237.787215289,5664510.46939679
7.476256456416e-05,79.1524359244992,488737.787215289,5664510.46939679
0.000221746387738591,79.1524359244992,489237.787215289,5664510.46939679
0.000180268132996643,79.1524359244992,489737.787215289,5664510.46939679
0.000259005954562129,79.1524359244992,490237.787215289,5664510.46939679
0.000245937837711356,79.1524359244992,490737.787215289,5664510.46939679
0.000426905849152766,79.1524359244992,491237.787215289,5664510.46939679
0.000525133468575196,79.1524359244992,491737.787215289,5664510.46939679
0.000193976700874474,79.1524359244992,492237.787215289,5664510.46939679
0.000199063560533285,79.1524359244992,492737.787215289,5664510.46939679
0.000546559972393113,79.1524359244992,493237.787215289,5664510.46939679
0.000498637917377563,79.1524359244992,493737.787215289,5664510.46939679
0.000209640972671197,79.1524359244992,494237.787215289,5664510.46939679
0.000233529071253951,79.1524359244992,494737.787215289,5664510.46939679
0.000259005954562129,79.1524359244992,495237.787215289,5664510.46939679
0.000166798585533819,79.1524359244992,495737.787215289,5664510.46939679
0.000530320267620484,79.1524359244992,496237.787215289,5664510.46939679
0.000378782264854815,79.1524359244992,496737.787215289,5664510.46939679
0.000189846834055387,79.1524359244992,497237.787215289,5664510.46939679
0.00017566157069537,79.1524359244992,497737.787215289,5664510.46939679
0.000118165494216134,79.1524359244992,498237.787215289,5664510.46939679
0.000127874009942556,79.1524359244992,498737.787215289,5664510.46939679
0.000438431111558126,79.1524359244992,499237.787215289,5664510.46939679
0.000666632551621695,79.1524359244992,499737.787215289,5664510.46939679
0.000794060543430838,79.1524359244992,500237.787215289,5664510.46939679
0.000917463915612847,79.1524359244992,500737.787215289,5664510.46939679
0.00102186766895014,79.1524359244992,501237.787215289,5664510.46939679
0.000883031921492706,79.1524359244992,501737.787215289,5664510.46939679
0.000662799451279316,79.1524359244992,502237.787215289,5664510.46939679
0.000476143574263532,79.1524359244992,502737.787215289,5664510.46939679
0.00027513242768875,79.1524359244992,503237.787215289,5664510.46939679
0.000332121998044848,79.1524359244992,503737.787215289,5664510.46939679
0.000141824441090002,79.1524359244992,504237.787215289,5664510.46939679
0.000149360403777594,79.1524359244992,504737.787215289,5664510.46939679
0.000118165494216134,79.1524359244992,505237.787215289,5664510.46939679
6.91763420016945e-05,79.1524359244992,505737.787215289,5664510.46939679
0.000124558750295861,79.1524359244992,506237.787215289,5664510.46939679
0.000151912184914566,79.1524359244992,506737.787215289,5664510.46939679
0.000104802929654406,79.1524359244992,507237.787215289,5664510.46939679
8.97334929385519e-05,79.1524359244992,507737.787215289,5664510.46939679
5.9365888862182e-05,79.1524359244992,508237.787215289,5664510.46939679
5.36827948948918e-05,79.1524359244992,508737.787215289,5664510.46939679
4.7869031842252e-05,79.1524359244992,509237.787215289,5664510.46939679
3.43571350204251e-05,79.1524359244992,509737.787215289,5664510.46939679
5.70699549614741e-05,79.1524359244992,510237.787215289,5664510.46939679
7.71304573036954e-05,79.1524359244992,510737.787215289,5664510.46939679
0.000124050701008553,79.1524359244992,511237.787215289,5664510.46939679
6.9351554198746e-05,79.1524359244992,511737.787215289,5664510.46939679
6.52111156829408e-05,79.1524359244992,512237.787215289,5664510.46939679
8.38122714727831e-05,79.1524359244992,512737.787215289,5664510.46939679
0.000216446253328576,79.1524359244992,513237.787215289,5664510.46939679
0.000229018852246785,79.1524359244992,513737.787215289,5664510.46939679
0.000248069278633462,79.1524359244992,514237.787215289,5664510.46939679
0.000121422140884443,79.1524359244992,514737.787215289,5664510.46939679
0.000103087214826181,79.1524359244992,515237.787215289,5664510.46939679
0.000293826358929744,79.1524359244992,515737.787215289,5664510.46939679
9.03956211663092e-05,79.1524359244992,516237.787215289,5664510.46939679
0.000105480957886657,79.1524359244992,516737.787215289,5664510.46939679
0.00010618499610934,79.1524359244992,517237.787215289,5664510.46939679
0.000112309888714186,79.1524359244992,517737.787215289,5664510.46939679
6.77547778758044e-05,79.1524359244992,518237.787215289,5664510.46939679
1.7795134977099e-05,79.1524359244992,518737.787215289,5664510.46939679
4.14602545192244e-05,79.1524359244992,519237.787215289,5664510.46939679
5.24653408501719e-05,79.1524359244992,519737.787215289,5664510.46939679
0.000164623216646241,79.1524359244992,520237.787215289,5664510.46939679
9.33305425749722e-05,79.1524359244992,520737.787215289,5664510.46939679
8.58347200773876e-05,79.1524359244992,521237.787215289,5664510.46939679
8.56930407502751e-05,79.1524359244992,521737.787215289,5664510.46939679
9.61617537016942e-05,79.1524359244992,522237.787215289,5664510.46939679
0.000107947121702153,79.1524359244992,522737.787215289,5664510.46939679
9.37044413522355e-05,79.1524359244992,523237.787215289,5664510.46939679
6.36900733393178e-05,79.1524359244992,523737.787215289,5664510.46939679
5.93697142739856e-05,79.1524359244992,524237.787215289,5664510.46939679
7.34778021376824e-05,79.1524359244992,524737.787215289,5664510.46939679
6.16785460031464e-05,79.1524359244992,525237.787215289,5664510.46939679
2.72168054858936e-05,79.1524359244992,525737.787215289,5664510.46939679
5.01414090543931e-05,79.1524359244992,526237.787215289,5664510.46939679
0.000672236166189203,79.1524359244992,479237.787215289,5665010.46939679
0.000281524038713273,79.1524359244992,479737.787215289,5665010.46939679
0.00031732047739832,79.1524359244992,480237.787215289,5665010.46939679
0.000646934904695687,79.1524359244992,480737.787215289,5665010.46939679
0.000159069331893946,79.1524359244992,481237.787215289,5665010.46939679
0.000468899269311106,79.1524359244992,481737.787215289,5665010.46939679
0.000244866492734244,79.1524359244992,482237.787215289,5665010.46939679
0.000150391595560177,79.1524359244992,482737.787215289,5665010.46939679
0.000524350402778862,79.1524359244992,483237.787215289,5665010.46939679
0.00057616737051451,79.1524359244992,483737.787215289,5665010.46939679
0.000473835900198336,79.1524359244992,484237.787215289,5665010.46939679
0.000649597458784966,79.1524359244992,484737.787215289,5665010.46939679
0.000858626190397,79.1524359244992,485237.787215289,5665010.46939679
0.000896479859747446,79.1524359244992,485737.787215289,5665010.46939679
0.000979939411773974,79.1524359244992,486237.787215289,5665010.46939679
0.00101394826977745,79.1524359244992,486737.787215289,5665010.46939679
0.000681638971153298,79.1524359244992,487237.787215289,5665010.46939679
0.000162061891101552,79.1524359244992,487737.787215289,5665010.46939679
0.000124444318574825,79.1524359244992,488237.787215289,5665010.46939679
6.74086134303287e-05,79.1524359244992,488737.787215289,5665010.46939679
5.33993046485502e-05,79.1524359244992,489237.787215289,5665010.46939679
0.000221746387738591,79.1524359244992,489737.787215289,5665010.46939679
0.000490694994442864,79.1524359244992,490237.787215289,5665010.46939679
0.000420105563530634,79.1524359244992,490737.787215289,5665010.46939679
0.000221746387738591,79.1524359244992,491237.787215289,5665010.46939679
0.00017117272424261,79.1524359244992,491737.787215289,5665010.46939679
0.000238609187377365,79.1524359244992,492237.787215289,5665010.46939679
0.000251287890139546,79.1524359244992,492737.787215289,5665010.46939679
0.000533082073368965,79.1524359244992,493237.787215289,5665010.46939679
0.000178704822375431,79.1524359244992,493737.787215289,5665010.46939679
0.000203398276129428,79.1524359244992,494237.787215289,5665010.46939679
0.000265798146282652,79.1524359244992,494737.787215289,5665010.46939679
0.000265798146282652,79.1524359244992,495237.787215289,5665010.46939679
0.000265798146282652,79.1524359244992,495737.787215289,5665010.46939679
0.000552212208827212,79.1524359244992,496237.787215289,5665010.46939679
0.000538101007356382,79.1524359244992,496737.787215289,5665010.46939679
0.000454030502457798,79.1524359244992,497237.787215289,5665010.46939679
0.000189846834055387,79.1524359244992,497737.787215289,5665010.46939679
0.000166798585533819,79.1524359244992,498237.787215289,5665010.46939679
0.00022570732511789,79.1524359244992,498737.787215289,5665010.46939679
0.000145059865301978,79.1524359244992,499237.787215289,5665010.46939679
0.000598601631604982,79.1524359244992,499737.787215289,5665010.46939679
0.000769000393831344,79.1524359244992,500237.787215289,5665010.46939679
0.000753996306353024,79.1524359244992,500737.787215289,5665010.46939679
0.000911868305858939,79.1524359244992,501237.787215289,5665010.46939679
0.000844677829417257,79.1524359244992,501737.787215289,5665010.46939679
0.000850822448601872,79.1524359244992,502237.787215289,5665010.46939679
0.000638010753731855,79.1524359244992,502737.787215289,5665010.46939679
0.000418337630402642,79.1524359244992,503237.787215289,5665010.46939679
0.000321362335554831,79.1524359244992,503737.787215289,5665010.46939679
0.000128239297269903,79.1524359244992,504237.787215289,5665010.46939679
0.000149787069545969,79.1524359244992,504737.787215289,5665010.46939679
0.000292774101173449,79.1524359244992,505237.787215289,5665010.46939679
0.000166491317803775,79.1524359244992,505737.787215289,5665010.46939679
0.000207770312764078,79.1524359244992,506237.787215289,5665010.46939679
9.05803946253672e-05,79.1524359244992,506737.787215289,5665010.46939679
6.8676163955481e-05,79.1524359244992,507237.787215289,5665010.46939679
6.0926630146531e-05,79.1524359244992,507737.787215289,5665010.46939679
4.85602564023275e-05,79.1524359244992,508237.787215289,5665010.46939679
5.02785665401213e-05,79.1524359244992,508737.787215289,5665010.46939679
4.88600981491154e-05,79.1524359244992,509237.787215289,5665010.46939679
3.71315893682435e-05,79.1524359244992,509737.787215289,5665010.46939679
4.66457891436268e-05,79.1524359244992,510237.787215289,5665010.46939679
6.00921367936779e-05,79.1524359244992,510737.787215289,5665010.46939679
5.93697142739856e-05,79.1524359244992,511237.787215289,5665010.46939679
9.23937900381684e-05,79.1524359244992,511737.787215289,5665010.46939679
9.20793886984456e-05,79.1524359244992,512237.787215289,5665010.46939679
0.000133469371218006,79.1524359244992,512737.787215289,5665010.46939679
0.00010323815423076,79.1524359244992,513237.787215289,5665010.46939679
0.000125092400602593,79.1524359244992,513737.787215289,5665010.46939679
0.000155791422061476,79.1524359244992,514237.787215289,5665010.46939679
0.000152350338597508,79.1524359244992,514737.787215289,5665010.46939679
0.000141176736525693,79.1524359244992,515237.787215289,5665010.46939679
0.000135980320318101,79.1524359244992,515737.787215289,5665010.46939679
7.94211914252542e-05,79.1524359244992,516237.787215289,5665010.46939679
6.61933682469595e-05,79.1524359244992,516737.787215289,5665010.46939679
5.85453727600353e-05,79.1524359244992,517237.787215289,5665010.46939679
5.58314131511967e-05,79.1524359244992,517737.787215289,5665010.46939679
8.17694513702888e-05,79.1524359244992,518237.787215289,5665010.46939679
1.82617959411736e-05,79.1524359244992,518737.787215289,5665010.46939679
4.04007813761094e-05,79.1524359244992,519237.787215289,5665010.46939679
4.491788551606e-05,79.1524359244992,519737.787215289,5665010.46939679
6.65294776754193e-05,79.1524359244992,520237.787215289,5665010.46939679
6.12083040003494e-05,79.1524359244992,520737.787215289,5665010.46939679
6.65995889876712e-05,79.1524359244992,521237.787215289,5665010.46939679
7.81041992187894e-05,79.1524359244992,521737.787215289,5665010.46939679
8.24808596931796e-05,79.1524359244992,522237.787215289,5665010.46939679
0.000108495593764725,79.1524359244992,522737.787215289,5665010.46939679
9.78859607799307e-05,79.1524359244992,523237.787215289,5665010.46939679
7.10383258208885e-05,79.1524359244992,523737.787215289,5665010.46939679
6.87342246621308e-05,79.1524359244992,524237.787215289,5665010.46939679
5.95393261346651e-05,79.1524359244992,524737.787215289,5665010.46939679
7.43313514715245e-05,79.1524359244992,525237.787215289,5665010.46939679
3.17899865557939e-05,79.1524359244992,525737.787215289,5665010.46939679
0.00032242420501997,79.1524359244992,479737.787215289,5665510.46939679
0.000174921518763586,79.1524359244992,480237.787215289,5665510.46939679
0.000818030754617816,79.1524359244992,480737.787215289,5665510.46939679
0.000577382290165481,79.1524359244992,481237.787215289,5665510.46939679
0.000417685721244527,79.1524359244992,481737.787215289,5665510.46939679
0.000468899269311106,79.1524359244992,482237.787215289,5665510.46939679
0.000208732207889531,79.1524359244992,482737.787215289,5665510.46939679
0.00020517760519947,79.1524359244992,483237.787215289,5665510.46939679
0.000250330894050669,79.1524359244992,483737.787215289,5665510.46939679
0.000404761889547333,79.1524359244992,484237.787215289,5665510.46939679
0.000419254211740402,79.1524359244992,484737.787215289,5665510.46939679
0.000646940729100459,79.1524359244992,485237.787215289,5665510.46939679
0.000702054641049618,79.1524359244992,485737.787215289,5665510.46939679
0.000774168212220121,79.1524359244992,486237.787215289,5665510.46939679
0.000954339722692993,79.1524359244992,486737.787215289,5665510.46939679
0.000865860091130335,79.1524359244992,487237.787215289,5665510.46939679
0.000638318564619277,79.1524359244992,487737.787215289,5665510.46939679
0.000106542253691463,79.1524359244992,488237.787215289,5665510.46939679
8.07998934097046e-05,79.1524359244992,488737.787215289,5665510.46939679
0.000131056773623159,79.1524359244992,489237.787215289,5665510.46939679
0.000559226360267116,79.1524359244992,489737.787215289,5665510.46939679
0.000490694994442864,79.1524359244992,490237.787215289,5665510.46939679
0.000233529071253951,79.1524359244992,490737.787215289,5665510.46939679
0.000216079892317467,79.1524359244992,491237.787215289,5665510.46939679
0.00020517760519947,79.1524359244992,491737.787215289,5665510.46939679
0.000206939846398189,79.1524359244992,492237.787215289,5665510.46939679
0.000503563017049491,79.1524359244992,492737.787215289,5665510.46939679
0.000439957954578746,79.1524359244992,493237.787215289,5665510.46939679
0.000231503874279953,79.1524359244992,493737.787215289,5665510.46939679
0.000237574849369353,79.1524359244992,494237.787215289,5665510.46939679
0.000283247585314918,79.1524359244992,494737.787215289,5665510.46939679
0.000538904608329321,79.1524359244992,495237.787215289,5665510.46939679
0.000582460500269626,79.1524359244992,495737.787215289,5665510.46939679
0.000552212208827212,79.1524359244992,496237.787215289,5665510.46939679
0.000184995498135733,79.1524359244992,496737.787215289,5665510.46939679
0.000180268132996643,79.1524359244992,497237.787215289,5665510.46939679
0.00015433547612434,79.1524359244992,497737.787215289,5665510.46939679
0.00017117272424261,79.1524359244992,498237.787215289,5665510.46939679
0.00015433547612434,79.1524359244992,498737.787215289,5665510.46939679
0.000284921646965274,79.1524359244992,499237.787215289,5665510.46939679
0.000333229661530441,79.1524359244992,499737.787215289,5665510.46939679
0.000375360155038092,79.1524359244992,500237.787215289,5665510.46939679
0.000649597458784966,79.1524359244992,500737.787215289,5665510.46939679
0.000668090392868589,79.1524359244992,501237.787215289,5665510.46939679
0.000615326248084212,79.1524359244992,501737.787215289,5665510.46939679
0.000640371883502914,79.1524359244992,502237.787215289,5665510.46939679
0.00063807152492391,79.1524359244992,502737.787215289,5665510.46939679
0.000663900174512821,79.1524359244992,503237.787215289,5665510.46939679
0.00049536411579247,79.1524359244992,503737.787215289,5665510.46939679
0.000509900476475174,79.1524359244992,504237.787215289,5665510.46939679
0.000138739371730339,79.1524359244992,504737.787215289,5665510.46939679
0.00011700977622833,79.1524359244992,505237.787215289,5665510.46939679
0.000113274609493562,79.1524359244992,505737.787215289,5665510.46939679
8.16705371366443e-05,79.1524359244992,506237.787215289,5665510.46939679
7.29428344352846e-05,79.1524359244992,506737.787215289,5665510.46939679
6.15584273720214e-05,79.1524359244992,507237.787215289,5665510.46939679
5.23109876038363e-05,79.1524359244992,507737.787215289,5665510.46939679
5.85665617720596e-05,79.1524359244992,508237.787215289,5665510.46939679
3.26236495649892e-05,79.1524359244992,508737.787215289,5665510.46939679
4.45080874744283e-05,79.1524359244992,509237.787215289,5665510.46939679
6.84073747125771e-05,79.1524359244992,509737.787215289,5665510.46939679
7.13673069442207e-05,79.1524359244992,510237.787215289,5665510.46939679
6.69777939337909e-05,79.1524359244992,510737.787215289,5665510.46939679
9.63711263834383e-05,79.1524359244992,511237.787215289,5665510.46939679
8.96913761518659e-05,79.1524359244992,511737.787215289,5665510.46939679
0.000154202087491051,79.1524359244992,512237.787215289,5665510.46939679
9.61506558633652e-05,79.1524359244992,512737.787215289,5665510.46939679
0.000105342897579139,79.1524359244992,513237.787215289,5665510.46939679
0.000128610379172635,79.1524359244992,513737.787215289,5665510.46939679
0.00012655244837079,79.1524359244992,514237.787215289,5665510.46939679
0.000131983067472665,79.1524359244992,514737.787215289,5665510.46939679
0.000125235484539522,79.1524359244992,515237.787215289,5665510.46939679
8.91414668611375e-05,79.1524359244992,515737.787215289,5665510.46939679
0.00013402074167565,79.1524359244992,516237.787215289,5665510.46939679
8.61858769727231e-05,79.1524359244992,516737.787215289,5665510.46939679
4.73046356886889e-05,79.1524359244992,517237.787215289,5665510.46939679
3.8331908313411e-05,79.1524359244992,517737.787215289,5665510.46939679
1.68972834058903e-05,79.1524359244992,518237.787215289,5665510.46939679
1.87406946576267e-05,79.1524359244992,518737.787215289,5665510.46939679
4.36632805186476e-05,79.1524359244992,519237.787215289,5665510.46939679
4.73046356886889e-05,79.1524359244992,519737.787215289,5665510.46939679
5.54465480506989e-05,79.1524359244992,520237.787215289,5665510.46939679
5.25414092253559e-05,79.1524359244992,520737.787215289,5665510.46939679
6.2567640553689e-05,79.1524359244992,521237.787215289,5665510.46939679
6.6661518435452e-05,79.1524359244992,521737.787215289,5665510.46939679
7.94211914252542e-05,79.1524359244992,522237.787215289,5665510.46939679
8.59536313320989e-05,79.1524359244992,522737.787215289,5665510.46939679
9.45377564126656e-05,79.1524359244992,523237.787215289,5665510.46939679
7.95835325660396e-05,79.1524359244992,523737.787215289,5665510.46939679
0.000150578931421854,79.1524359244992,524237.787215289,5665510.46939679
7.37875193838434e-05,79.1524359244992,524737.787215289,5665510.46939679
6.43473272139836e-05,79.1524359244992,525237.787215289,5665510.46939679
6.01024157127157e-05,79.1524359244992,525737.787215289,5665510.46939679
0.000960321206333194,79.1524359244992,479737.787215289,5666010.46939679
0.000935781209204087,79.1524359244992,480237.787215289,5666010.46939679
0.000400717786842455,79.1524359244992,480737.787215289,5666010.46939679
0.000709812341519262,79.1524359244992,481237.787215289,5666010.46939679
0.000680790512993334,79.1524359244992,481737.787215289,5666010.46939679
0.00057719633937173,79.1524359244992,482237.787215289,5666010.46939679
0.000470591448049677,79.1524359244992,482737.787215289,5666010.46939679
0.000211459553934599,79.1524359244992,483237.787215289,5666010.46939679
0.00017117272424261,79.1524359244992,483737.787215289,5666010.46939679
0.00015838278131038,79.1524359244992,484237.787215289,5666010.46939679
0.000478155800602843,79.1524359244992,484737.787215289,5666010.46939679
0.000341968301350154,79.1524359244992,485237.787215289,5666010.46939679
0.000602376779028595,79.1524359244992,485737.787215289,5666010.46939679
0.000663906151657224,79.1524359244992,486237.787215289,5666010.46939679
0.000741905448300474,79.1524359244992,486737.787215289,5666010.46939679
0.000831099765180877,79.1524359244992,487237.787215289,5666010.46939679
0.000525529087139721,79.1524359244992,487737.787215289,5666010.46939679
0.000312447909569017,79.1524359244992,488237.787215289,5666010.46939679
9.0690099919733e-05,79.1524359244992,488737.787215289,5666010.46939679
0.000106542253691463,79.1524359244992,489237.787215289,5666010.46939679
0.000210558198219536,79.1524359244992,489737.787215289,5666010.46939679
0.000233529071253951,79.1524359244992,490237.787215289,5666010.46939679
0.000265798146282652,79.1524359244992,490737.787215289,5666010.46939679
0.000503563017049491,79.1524359244992,491237.787215289,5666010.46939679
0.000566693463511524,79.1524359244992,491737.787215289,5666010.46939679
0.000249119448853921,79.1524359244992,492237.787215289,5666010.46939679
0.000202520989839031,79.1524359244992,492737.787215289,5666010.46939679
0.000456917042274101,79.1524359244992,493237.787215289,5666010.46939679
0.000178704822375431,79.1524359244992,493737.787215289,5666010.46939679
0.000243805030168165,79.1524359244992,494237.787215289,5666010.46939679
0.000646934904695687,79.1524359244992,494737.787215289,5666010.46939679
0.000631317639522195,79.1524359244992,495237.787215289,5666010.46939679
0.000485895750506509,79.1524359244992,495737.787215289,5666010.46939679
0.000226570187163695,79.1524359244992,496237.787215289,5666010.46939679
0.000189846834055387,79.1524359244992,496737.787215289,5666010.46939679
0.000189846834055387,79.1524359244992,497237.787215289,5666010.46939679
0.000516768491653143,79.1524359244992,497737.787215289,5666010.46939679
0.000420105563530634,79.1524359244992,498237.787215289,5666010.46939679
0.000188299973987811,79.1524359244992,498737.787215289,5666010.46939679
0.00017117272424261,79.1524359244992,499237.787215289,5666010.46939679
5.33993046485502e-05,79.1524359244992,499737.787215289,5666010.46939679
0.000304463632273824,79.1524359244992,500237.787215289,5666010.46939679
0.000390765013333785,79.1524359244992,500737.787215289,5666010.46939679
0.000364835975253361,79.1524359244992,501237.787215289,5666010.46939679
0.000375645604931233,79.1524359244992,501737.787215289,5666010.46939679
0.000401012464566026,79.1524359244992,502237.787215289,5666010.46939679
0.000480645943860425,79.1524359244992,502737.787215289,5666010.46939679
0.000543732130114043,79.1524359244992,503237.787215289,5666010.46939679
0.000511714235795324,79.1524359244992,503737.787215289,5666010.46939679
0.000274113380406555,79.1524359244992,504237.787215289,5666010.46939679
0.00026903054973249,79.1524359244992,504737.787215289,5666010.46939679
9.54199444852607e-05,79.1524359244992,505237.787215289,5666010.46939679
8.43920220202925e-05,79.1524359244992,505737.787215289,5666010.46939679
6.92625117746012e-05,79.1524359244992,506237.787215289,5666010.46939679
8.02834880480211e-05,79.1524359244992,506737.787215289,5666010.46939679
6.60347763843298e-05,79.1524359244992,507237.787215289,5666010.46939679
4.91243529498228e-05,79.1524359244992,507737.787215289,5666010.46939679
2.39125644648449e-05,79.1524359244992,508237.787215289,5666010.46939679
2.86629936678515e-05,79.1524359244992,508737.787215289,5666010.46939679
3.81053309731544e-05,79.1524359244992,509237.787215289,5666010.46939679
8.14938721744934e-05,79.1524359244992,509737.787215289,5666010.46939679
7.00645782373088e-05,79.1524359244992,510237.787215289,5666010.46939679
0.000102124801153359,79.1524359244992,510737.787215289,5666010.46939679
8.60101708119623e-05,79.1524359244992,511237.787215289,5666010.46939679
0.000343197367705616,79.1524359244992,511737.787215289,5666010.46939679
0.00026164158774878,79.1524359244992,512237.787215289,5666010.46939679
0.000151580780895664,79.1524359244992,512737.787215289,5666010.46939679
0.00011760382102712,79.1524359244992,513237.787215289,5666010.46939679
0.000138593268181149,79.1524359244992,513737.787215289,5666010.46939679
0.000113615574366187,79.1524359244992,514237.787215289,5666010.46939679
0.000122475628248886,79.1524359244992,514737.787215289,5666010.46939679
9.00566261992506e-05,79.1524359244992,515237.787215289,5666010.46939679
9.3878074761862e-05,79.1524359244992,515737.787215289,5666010.46939679
7.78190339787133e-05,79.1524359244992,516237.787215289,5666010.46939679
5.99853665867141e-05,79.1524359244992,516737.787215289,5666010.46939679
6.97487918004001e-05,79.1524359244992,517237.787215289,5666010.46939679
9.24262240887553e-05,79.1524359244992,517737.787215289,5666010.46939679
2.13302860894331e-05,79.1524359244992,518237.787215289,5666010.46939679
1.63832815785576e-05,79.1524359244992,518737.787215289,5666010.46939679
3.51962207979574e-05,79.1524359244992,519237.787215289,5666010.46939679
4.5773421807272e-05,79.1524359244992,519737.787215289,5666010.46939679
4.60958155394116e-05,79.1524359244992,520237.787215289,5666010.46939679
6.32731087572935e-05,79.1524359244992,520737.787215289,5666010.46939679
5.14410191182092e-05,79.1524359244992,521237.787215289,5666010.46939679
5.81571994615982e-05,79.1524359244992,521737.787215289,5666010.46939679
6.22838630576932e-05,79.1524359244992,522237.787215289,5666010.46939679
7.9814116987632e-05,79.1524359244992,522737.787215289,5666010.46939679
0.000115161515372391,79.1524359244992,523237.787215289,5666010.46939679
9.07471765216746e-05,79.1524359244992,523737.787215289,5666010.46939679
8.82657080294651e-05,79.1524359244992,524237.787215289,5666010.46939679
7.05367161625903e-05,79.1524359244992,524737.787215289,5666010.46939679
7.05035296082447e-05,79.1524359244992,525237.787215289,5666010.46939679
0.00112456508339702,79.1524359244992,479737.787215289,5666510.46939679
0.00112456508339702,79.1524359244992,480237.787215289,5666510.46939679
0.00101394826977745,79.1524359244992,480737.787215289,5666510.46939679
0.000742130190790914,79.1524359244992,481237.787215289,5666510.46939679
0.000570733443256075,79.1524359244992,481737.787215289,5666510.46939679
0.000680790512993334,79.1524359244992,482237.787215289,5666510.46939679
0.000623806887438754,79.1524359244992,482737.787215289,5666510.46939679
0.000261230519779172,79.1524359244992,483237.787215289,5666510.46939679
5.75173751776285e-05,79.1524359244992,483737.787215289,5666510.46939679
0.000180268132996643,79.1524359244992,484237.787215289,5666510.46939679
0.00017566157069537,79.1524359244992,484737.787215289,5666510.46939679
0.000188299973987811,79.1524359244992,485237.787215289,5666510.46939679
0.000155323885786846,79.1524359244992,485737.787215289,5666510.46939679
0.000401012464566026,79.1524359244992,486237.787215289,5666510.46939679
0.00055387440802866,79.1524359244992,486737.787215289,5666510.46939679
0.000674398589923695,79.1524359244992,487237.787215289,5666510.46939679
0.000539720730807672,79.1524359244992,487737.787215289,5666510.46939679
0.000333229661530441,79.1524359244992,488237.787215289,5666510.46939679
6.40075192796346e-05,79.1524359244992,488737.787215289,5666510.46939679
0.00015838278131038,79.1524359244992,489237.787215289,5666510.46939679
4.9409334505248e-05,79.1524359244992,489737.787215289,5666510.46939679
0.000221746387738591,79.1524359244992,490237.787215289,5666510.46939679
0.000454030502457798,79.1524359244992,490737.787215289,5666510.46939679
0.000588941330074163,79.1524359244992,491237.787215289,5666510.46939679
0.000543124539315371,79.1524359244992,491737.787215289,5666510.46939679
0.000230505364464902,79.1524359244992,492237.787215289,5666510.46939679
7.19088057670951e-05,79.1524359244992,492737.787215289,5666510.46939679
4.65095264315684e-05,79.1524359244992,493237.787215289,5666510.46939679
0.00016182818927045,79.1524359244992,493737.787215289,5666510.46939679
0.000251287890139546,79.1524359244992,494237.787215289,5666510.46939679
0.000655049446111358,79.1524359244992,494737.787215289,5666510.46939679
0.000536994473360123,79.1524359244992,495237.787215289,5666510.46939679
0.000174896360497593,79.1524359244992,495737.787215289,5666510.46939679
0.000135598464116173,79.1524359244992,496237.787215289,5666510.46939679
0.000516768491653143,79.1524359244992,496737.787215289,5666510.46939679
0.000516768491653143,79.1524359244992,497237.787215289,5666510.46939679
0.000573891554588712,79.1524359244992,497737.787215289,5666510.46939679
0.000544935919542729,79.1524359244992,498237.787215289,5666510.46939679
0.000329050095836996,79.1524359244992,498737.787215289,5666510.46939679
0.000122260445486848,79.1524359244992,499237.787215289,5666510.46939679
0.00011913620855293,79.1524359244992,499737.787215289,5666510.46939679
0.000103819678596303,79.1524359244992,500237.787215289,5666510.46939679
0.000134221062524384,79.1524359244992,500737.787215289,5666510.46939679
0.000258794645101755,79.1524359244992,501237.787215289,5666510.46939679
0.000251372813970277,79.1524359244992,501737.787215289,5666510.46939679
0.000345821850881273,79.1524359244992,502237.787215289,5666510.46939679
0.000327531627168644,79.1524359244992,502737.787215289,5666510.46939679
0.000476591724996117,79.1524359244992,503237.787215289,5666510.46939679
0.000462649775364003,79.1524359244992,503737.787215289,5666510.46939679
0.000372626496814956,79.1524359244992,504237.787215289,5666510.46939679
0.000313618858567646,79.1524359244992,504737.787215289,5666510.46939679
9.85722312940752e-05,79.1524359244992,505237.787215289,5666510.46939679
8.70320894790607e-05,79.1524359244992,505737.787215289,5666510.46939679
7.55438168582551e-05,79.1524359244992,506237.787215289,5666510.46939679
5.40849609867285e-05,79.1524359244992,506737.787215289,5666510.46939679
5.11405470598144e-05,79.1524359244992,507237.787215289,5666510.46939679
4.88600981491154e-05,79.1524359244992,507737.787215289,5666510.46939679
4.22624368332931e-05,79.1524359244992,508237.787215289,5666510.46939679
0.000169269960639868,79.1524359244992,508737.787215289,5666510.46939679
5.14563211536548e-05,79.1524359244992,509237.787215289,5666510.46939679
5.80178613551955e-05,79.1524359244992,509737.787215289,5666510.46939679
8.45494196865296e-05,79.1524359244992,510237.787215289,5666510.46939679
0.000154467411624139,79.1524359244992,510737.787215289,5666510.46939679
0.00035693175007336,79.1524359244992,511237.787215289,5666510.46939679
0.000321843223208852,79.1524359244992,511737.787215289,5666510.46939679
0.000160308893496875,79.1524359244992,512237.787215289,5666510.46939679
0.000109236719929149,79.1524359244992,512737.787215289,5666510.46939679
0.00012664907977136,79.1524359244992,513237.787215289,5666510.46939679
0.000120259014429839,79.1524359244992,513737.787215289,5666510.46939679
0.000112101351925483,79.1524359244992,514237.787215289,5666510.46939679
0.00026903054973249,79.1524359244992,514737.787215289,5666510.46939679
8.74400872648645e-05,79.1524359244992,515237.787215289,5666510.46939679
8.46438439892614e-05,79.1524359244992,515737.787215289,5666510.46939679
8.03998893596483e-05,79.1524359244992,516237.787215289,5666510.46939679
5.436472174216e-05,79.1524359244992,516737.787215289,5666510.46939679
4.76793022139802e-05,79.1524359244992,517237.787215289,5666510.46939679
5.46529260759596e-05,79.1524359244992,517737.787215289,5666510.46939679
3.64021593758051e-05,79.1524359244992,518237.787215289,5666510.46939679
1.59051036312299e-05,79.1524359244992,518737.787215289,5666510.46939679
3.21393675815043e-05,79.1524359244992,519237.787215289,5666510.46939679
3.50363645202806e-05,79.1524359244992,519737.787215289,5666510.46939679
3.84112076941536e-05,79.1524359244992,520237.787215289,5666510.46939679
4.41923425484303e-05,79.1524359244992,520737.787215289,5666510.46939679
5.1815216572889e-05,79.1524359244992,521237.787215289,5666510.46939679
5.39192591104228e-05,79.1524359244992,521737.787215289,5666510.46939679
6.12997125871652e-05,79.1524359244992,522237.787215289,5666510.46939679
7.11698144927824e-05,79.1524359244992,522737.787215289,5666510.46939679
6.74662384775766e-05,79.1524359244992,523237.787215289,5666510.46939679
8.68635505489387e-05,79.1524359244992,523737.787215289,5666510.46939679
7.46979489841339e-05,79.1524359244992,524237.787215289,5666510.46939679
9.98548997124885e-05,79.1524359244992,524737.787215289,5666510.46939679
0.000576345295828705,79.1524359244992,480237.787215289,5667010.46939679
0.000933374980694296,79.1524359244992,480737.787215289,5667010.46939679
0.000970309448497473,79.1524359244992,481237.787215289,5667010.46939679
0.000548199649755469,79.1524359244992,481737.787215289,5667010.46939679
0.000563663837007292,79.1524359244992,482237.787215289,5667010.46939679
0.000682411369128779,79.1524359244992,482737.787215289,5667010.46939679
0.000584891573705315,79.1524359244992,483237.787215289,5667010.46939679
0.000569945285479136,79.1524359244992,483737.787215289,5667010.46939679
0.000510203007752785,79.1524359244992,484237.787215289,5667010.46939679
0.000242753463682123,79.1524359244992,484737.787215289,5667010.46939679
0.000184995498135733,79.1524359244992,485237.787215289,5667010.46939679
0.000150391595560177,79.1524359244992,485737.787215289,5667010.46939679
0.0003079300294087,79.1524359244992,486237.787215289,5667010.46939679
0.000257230025455254,79.1524359244992,486737.787215289,5667010.46939679
0.000257230025455254,79.1524359244992,487237.787215289,5667010.46939679
0.000278002216212414,79.1524359244992,487737.787215289,5667010.46939679
0.000399428496781651,79.1524359244992,488237.787215289,5667010.46939679
5.47996520480094e-05,79.1524359244992,488737.787215289,5667010.46939679
0.000135598464116173,79.1524359244992,489237.787215289,5667010.46939679
7.476256456416e-05,79.1524359244992,489737.787215289,5667010.46939679
0.000333229661530441,79.1524359244992,490237.787215289,5667010.46939679
0.000464992802536052,79.1524359244992,490737.787215289,5667010.46939679
0.000717518809054696,79.1524359244992,491237.787215289,5667010.46939679
0.000423211118882873,79.1524359244992,491737.787215289,5667010.46939679
0.000218875241741855,79.1524359244992,492237.787215289,5667010.46939679
0.000100677092506673,79.1524359244992,492737.787215289,5667010.46939679
0.000231503874279953,79.1524359244992,493237.787215289,5667010.46939679
0.000511714235795324,79.1524359244992,493737.787215289,5667010.46939679
0.000361212388320027,79.1524359244992,494237.787215289,5667010.46939679
0.000595577952759376,79.1524359244992,494737.787215289,5667010.46939679
0.00034705196858872,79.1524359244992,495237.787215289,5667010.46939679
0.00015433547612434,79.1524359244992,495737.787215289,5667010.46939679
0.000442428231099672,79.1524359244992,496237.787215289,5667010.46939679
0.000639024422040294,79.1524359244992,496737.787215289,5667010.46939679
0.000480145966679681,79.1524359244992,497237.787215289,5667010.46939679
0.000681316476736867,79.1524359244992,497737.787215289,5667010.46939679
0.000710233334423089,79.1524359244992,498237.787215289,5667010.46939679
0.000567967330603648,79.1524359244992,498737.787215289,5667010.46939679
0.000442428231099672,79.1524359244992,499237.787215289,5667010.46939679
9.93913022530658e-05,79.1524359244992,499737.787215289,5667010.46939679
0.000113125204299534,79.1524359244992,500237.787215289,5667010.46939679
0.000134493616356086,79.1524359244992,500737.787215289,5667010.46939679
0.000129970334807713,79.1524359244992,501237.787215289,5667010.46939679
0.000147716811611465,79.1524359244992,501737.787215289,5667010.46939679
0.000449589855700611,79.1524359244992,502237.787215289,5667010.46939679
0.000462418453338692,79.1524359244992,502737.787215289,5667010.46939679
0.000306349009485149,79.1524359244992,503237.787215289,5667010.46939679
0.000270520607124573,79.1524359244992,503737.787215289,5667010.46939679
0.000371813387866614,79.1524359244992,504237.787215289,5667010.46939679
0.000227364805563277,79.1524359244992,504737.787215289,5667010.46939679
0.000233686636472064,79.1524359244992,505237.787215289,5667010.46939679
8.1644234457353e-05,79.1524359244992,505737.787215289,5667010.46939679
9.96343154779655e-05,79.1524359244992,506237.787215289,5667010.46939679
5.35264176207388e-05,79.1524359244992,506737.787215289,5667010.46939679
5.70699549614741e-05,79.1524359244992,507237.787215289,5667010.46939679
3.26236495649892e-05,79.1524359244992,507737.787215289,5667010.46939679
0.00019771202670461,79.1524359244992,508237.787215289,5667010.46939679
0.000206939846398189,79.1524359244992,508737.787215289,5667010.46939679
0.000127873761225015,79.1524359244992,509237.787215289,5667010.46939679
0.000137339571926105,79.1524359244992,509737.787215289,5667010.46939679
0.00026612923875215,79.1524359244992,510237.787215289,5667010.46939679
0.000229862325539956,79.1524359244992,510737.787215289,5667010.46939679
0.00032459035436826,79.1524359244992,511237.787215289,5667010.46939679
0.000361957487298374,79.1524359244992,511737.787215289,5667010.46939679
0.000162051448850334,79.1524359244992,512237.787215289,5667010.46939679
0.000131747781042648,79.1524359244992,512737.787215289,5667010.46939679
0.000124962277074901,79.1524359244992,513237.787215289,5667010.46939679
0.000129783334860194,79.1524359244992,513737.787215289,5667010.46939679
0.000145637024602688,79.1524359244992,514237.787215289,5667010.46939679
9.40662848191986e-05,79.1524359244992,514737.787215289,5667010.46939679
9.42949575888644e-05,79.1524359244992,515237.787215289,5667010.46939679
7.27891215610469e-05,79.1524359244992,515737.787215289,5667010.46939679
7.78190339787133e-05,79.1524359244992,516237.787215289,5667010.46939679
6.76201882199517e-05,79.1524359244992,516737.787215289,5667010.46939679
5.04911332791358e-05,79.1524359244992,517237.787215289,5667010.46939679
4.3463928862029e-05,79.1524359244992,517737.787215289,5667010.46939679
3.51962207979574e-05,79.1524359244992,518237.787215289,5667010.46939679
3.89141851445512e-05,79.1524359244992,518737.787215289,5667010.46939679
0.000417685721244527,79.1524359244992,519237.787215289,5667010.46939679
3.00898938363278e-05,79.1524359244992,519737.787215289,5667010.46939679
7.32175881756088e-05,79.1524359244992,520237.787215289,5667010.46939679
3.68980516434906e-05,79.1524359244992,520737.787215289,5667010.46939679
4.95575962815049e-05,79.1524359244992,521237.787215289,5667010.46939679
8.41169201946026e-05,79.1524359244992,521737.787215289,5667010.46939679
6.02073585109056e-05,79.1524359244992,522237.787215289,5667010.46939679
6.02956478768356e-05,79.1524359244992,522737.787215289,5667010.46939679
6.61510806624723e-05,79.1524359244992,523237.787215289,5667010.46939679
0.00010705747676259,79.1524359244992,523737.787215289,5667010.46939679
8.43920220202925e-05,79.1524359244992,524237.787215289,5667010.46939679
8.1644234457353e-05,79.1524359244992,524737.787215289,5667010.46939679
0.00140119315417696,79.1524359244992,480237.787215289,5667510.46939679
0.000969294721295809,79.1524359244992,480737.787215289,5667510.46939679
0.000700611345432883,79.1524359244992,481237.787215289,5667510.46939679
0.000760740831888662,79.1524359244992,481737.787215289,5667510.46939679
0.000562575678787532,79.1524359244992,482237.787215289,5667510.46939679
0.000805392889397313,79.1524359244992,482737.787215289,5667510.46939679
0.000639024422040294,79.1524359244992,483237.787215289,5667510.46939679
0.000607866159351205,79.1524359244992,483737.787215289,5667510.46939679
0.000541188759005525,79.1524359244992,484237.787215289,5667510.46939679
0.000501915832950871,79.1524359244992,484737.787215289,5667510.46939679
0.000244866492734244,79.1524359244992,485237.787215289,5667510.46939679
0.000227561481763746,79.1524359244992,485737.787215289,5667510.46939679
0.000180268132996643,79.1524359244992,486237.787215289,5667510.46939679
0.000214319286940533,79.1524359244992,486737.787215289,5667510.46939679
0.000109336225801611,79.1524359244992,487237.787215289,5667510.46939679
9.85814681713729e-05,79.1524359244992,487737.787215289,5667510.46939679
0.000121264275063946,79.1524359244992,488237.787215289,5667510.46939679
0.000131056773623159,79.1524359244992,488737.787215289,5667510.46939679
0.000152196218840322,79.1524359244992,489237.787215289,5667510.46939679
6.0778026958933e-05,79.1524359244992,489737.787215289,5667510.46939679
0.000175148934538528,79.1524359244992,490237.787215289,5667510.46939679
0.000172656207030758,79.1524359244992,490737.787215289,5667510.46939679
0.000761361232828192,79.1524359244992,491237.787215289,5667510.46939679
0.000592523606964426,79.1524359244992,491737.787215289,5667510.46939679
0.000127089730001868,79.1524359244992,492237.787215289,5667510.46939679
0.000130422540683157,79.1524359244992,492737.787215289,5667510.46939679
0.000352708044882043,79.1524359244992,493237.787215289,5667510.46939679
0.000487811908229627,79.1524359244992,493737.787215289,5667510.46939679
0.000389221522178089,79.1524359244992,494237.787215289,5667510.46939679
0.000370684849281185,79.1524359244992,494737.787215289,5667510.46939679
9.8958337673771e-05,79.1524359244992,495237.787215289,5667510.46939679
0.000146548496710595,79.1524359244992,495737.787215289,5667510.46939679
0.00048517119500667,79.1524359244992,496237.787215289,5667510.46939679
0.000583304997287017,79.1524359244992,496737.787215289,5667510.46939679
0.000562627893772258,79.1524359244992,497237.787215289,5667510.46939679
0.000572699190327898,79.1524359244992,497737.787215289,5667510.46939679
0.000693358374980056,79.1524359244992,498237.787215289,5667510.46939679
0.000601059851736044,79.1524359244992,498737.787215289,5667510.46939679
0.000573891554588712,79.1524359244992,499237.787215289,5667510.46939679
0.000478155800602843,79.1524359244992,499737.787215289,5667510.46939679
0.000125466612646159,79.1524359244992,500237.787215289,5667510.46939679
5.92249084843551e-05,79.1524359244992,500737.787215289,5667510.46939679
0.000133854331098558,79.1524359244992,501237.787215289,5667510.46939679
0.000460691935911274,79.1524359244992,501737.787215289,5667510.46939679
0.000399684736746986,79.1524359244992,502237.787215289,5667510.46939679
0.000361433452668348,79.1524359244992,502737.787215289,5667510.46939679
0.000349070419323996,79.1524359244992,503237.787215289,5667510.46939679
0.000258137900590093,79.1524359244992,503737.787215289,5667510.46939679
0.000132246343945605,79.1524359244992,504237.787215289,5667510.46939679
0.00010141445158101,79.1524359244992,504737.787215289,5667510.46939679
6.63724620980863e-05,79.1524359244992,505237.787215289,5667510.46939679
6.69777939337909e-05,79.1524359244992,505737.787215289,5667510.46939679
6.16679975289592e-05,79.1524359244992,506237.787215289,5667510.46939679
5.36827948948918e-05,79.1524359244992,506737.787215289,5667510.46939679
2.2125829246241e-05,79.1524359244992,507237.787215289,5667510.46939679
5.47490422103141e-05,79.1524359244992,507737.787215289,5667510.46939679
6.18472623286885e-05,79.1524359244992,508237.787215289,5667510.46939679
0.000267209235480586,79.1524359244992,508737.787215289,5667510.46939679
0.00014172505977852,79.1524359244992,509237.787215289,5667510.46939679
0.000198656693361181,79.1524359244992,509737.787215289,5667510.46939679
0.000259227368853414,79.1524359244992,510237.787215289,5667510.46939679
0.000276215269975477,79.1524359244992,510737.787215289,5667510.46939679
0.000308528702202916,79.1524359244992,511237.787215289,5667510.46939679
0.000105342897579139,79.1524359244992,511737.787215289,5667510.46939679
0.000239380515408563,79.1524359244992,512237.787215289,5667510.46939679
0.000338434102602267,79.1524359244992,512737.787215289,5667510.46939679
0.000119000674020201,79.1524359244992,513237.787215289,5667510.46939679
0.000105342897579139,79.1524359244992,513737.787215289,5667510.46939679
0.000141770293326439,79.1524359244992,514237.787215289,5667510.46939679
7.09290722126015e-05,79.1524359244992,514737.787215289,5667510.46939679
7.29143644218319e-05,79.1524359244992,515237.787215289,5667510.46939679
7.43350190255945e-05,79.1524359244992,515737.787215289,5667510.46939679
7.06383498756921e-05,79.1524359244992,516237.787215289,5667510.46939679
6.35984367332449e-05,79.1524359244992,516737.787215289,5667510.46939679
5.43519128640223e-05,79.1524359244992,517237.787215289,5667510.46939679
4.95575962815049e-05,79.1524359244992,517737.787215289,5667510.46939679
4.30979516052871e-05,79.1524359244992,518237.787215289,5667510.46939679
4.27269130765882e-05,79.1524359244992,518737.787215289,5667510.46939679
1.60246226675533e-05,79.1524359244992,519237.787215289,5667510.46939679
3.3589894016458e-05,79.1524359244992,519737.787215289,5667510.46939679
3.11654894618764e-05,79.1524359244992,520237.787215289,5667510.46939679
3.28176323899411e-05,79.1524359244992,520737.787215289,5667510.46939679
3.72113808671919e-05,79.1524359244992,521237.787215289,5667510.46939679
5.57862046150948e-05,79.1524359244992,521737.787215289,5667510.46939679
9.04065297874767e-05,79.1524359244992,522237.787215289,5667510.46939679
5.65112662068011e-05,79.1524359244992,522737.787215289,5667510.46939679
6.55386551820875e-05,79.1524359244992,523237.787215289,5667510.46939679
0.000207989342017877,79.1524359244992,523737.787215289,5667510.46939679
8.91812421479803e-05,79.1524359244992,524237.787215289,5667510.46939679
0.00143642388653036,79.1524359244992,480737.787215289,5668010.46939679
0.000950309388548371,79.1524359244992,481237.787215289,5668010.46939679
0.00103308995041611,79.1524359244992,481737.787215289,5668010.46939679
0.000800787415703257,79.1524359244992,482237.787215289,5668010.46939679
0.000325762453356368,79.1524359244992,482737.787215289,5668010.46939679
0.000722040941833979,79.1524359244992,483237.787215289,5668010.46939679
0.000549260001237845,79.1524359244992,483737.787215289,5668010.46939679
0.000666632551621695,79.1524359244992,484237.787215289,5668010.46939679
0.000575523535115733,79.1524359244992,484737.787215289,5668010.46939679
0.000548073961774271,79.1524359244992,485237.787215289,5668010.46939679
0.000541029809519489,79.1524359244992,485737.787215289,5668010.46939679
0.000476591724996117,79.1524359244992,486237.787215289,5668010.46939679
0.000164638897179927,79.1524359244992,486737.787215289,5668010.46939679
0.000136763099992083,79.1524359244992,487237.787215289,5668010.46939679
0.000159060784951696,79.1524359244992,487737.787215289,5668010.46939679
7.34778021376824e-05,79.1524359244992,488237.787215289,5668010.46939679
0.000199934507567817,79.1524359244992,488737.787215289,5668010.46939679
5.62367222634692e-05,79.1524359244992,489237.787215289,5668010.46939679
0.00015939711110255,79.1524359244992,489737.787215289,5668010.46939679
0.000250135997906104,79.1524359244992,490237.787215289,5668010.46939679
0.000215883566943951,79.1524359244992,490737.787215289,5668010.46939679
0.000896479859747446,79.1524359244992,491237.787215289,5668010.46939679
0.000649597458784966,79.1524359244992,491737.787215289,5668010.46939679
0.00042971221682459,79.1524359244992,492237.787215289,5668010.46939679
0.000149087378476592,79.1524359244992,492737.787215289,5668010.46939679
0.000361957487298374,79.1524359244992,493237.787215289,5668010.46939679
0.000128372833166816,79.1524359244992,493737.787215289,5668010.46939679
0.000289533698667253,79.1524359244992,494237.787215289,5668010.46939679
5.7460077788178e-05,79.1524359244992,494737.787215289,5668010.46939679
0.000194825391774719,79.1524359244992,495237.787215289,5668010.46939679
0.000515721250629228,79.1524359244992,495737.787215289,5668010.46939679
0.000450270719032646,79.1524359244992,496237.787215289,5668010.46939679
0.000796173295947595,79.1524359244992,496737.787215289,5668010.46939679
0.000822173215797905,79.1524359244992,497237.787215289,5668010.46939679
0.000817052204611987,79.1524359244992,497737.787215289,5668010.46939679
0.000730200563835666,79.1524359244992,498237.787215289,5668010.46939679
0.000711541057389255,79.1524359244992,498737.787215289,5668010.46939679
0.000601059851736044,79.1524359244992,499237.787215289,5668010.46939679
0.000512099744744051,79.1524359244992,499737.787215289,5668010.46939679
0.000131056773623159,79.1524359244992,500237.787215289,5668010.46939679
6.74086134303287e-05,79.1524359244992,500737.787215289,5668010.46939679
6.0778026958933e-05,79.1524359244992,501237.787215289,5668010.46939679
9.95225689932215e-05,79.1524359244992,501737.787215289,5668010.46939679
0.000123496604536678,79.1524359244992,502237.787215289,5668010.46939679
0.000287620070950426,79.1524359244992,502737.787215289,5668010.46939679
0.000216366163113869,79.1524359244992,503237.787215289,5668010.46939679
6.19732456570124e-05,79.1524359244992,503737.787215289,5668010.46939679
5.35345562275981e-05,79.1524359244992,504237.787215289,5668010.46939679
0.00014925574175533,79.1524359244992,504737.787215289,5668010.46939679
4.82613406153325e-05,79.1524359244992,505237.787215289,5668010.46939679
4.65217764346425e-05,79.1524359244992,505737.787215289,5668010.46939679
4.18312786956425e-05,79.1524359244992,506237.787215289,5668010.46939679
2.94146541793069e-05,79.1524359244992,506737.787215289,5668010.46939679
6.07218958346489e-05,79.1524359244992,507237.787215289,5668010.46939679
4.5209295313819e-05,79.1524359244992,507737.787215289,5668010.46939679
0.000234120561645981,79.1524359244992,508237.787215289,5668010.46939679
0.000210837153667202,79.1524359244992,508737.787215289,5668010.46939679
0.000222022606967903,79.1524359244992,509237.787215289,5668010.46939679
0.000251541458381363,79.1524359244992,509737.787215289,5668010.46939679
0.000386719679049401,79.1524359244992,510237.787215289,5668010.46939679
0.000179936052362698,79.1524359244992,510737.787215289,5668010.46939679
0.000102810894392113,79.1524359244992,511237.787215289,5668010.46939679
0.000151808969584278,79.1524359244992,511737.787215289,5668010.46939679
0.000172216152093927,79.1524359244992,512237.787215289,5668010.46939679
0.00023258736502179,79.1524359244992,512737.787215289,5668010.46939679
0.000110940382324772,79.1524359244992,513237.787215289,5668010.46939679
0.000167081390647206,79.1524359244992,513737.787215289,5668010.46939679
8.16705371366443e-05,79.1524359244992,514237.787215289,5668010.46939679
5.87966840631771e-05,79.1524359244992,514737.787215289,5668010.46939679
5.78576519163361e-05,79.1524359244992,515237.787215289,5668010.46939679
6.51899540591449e-05,79.1524359244992,515737.787215289,5668010.46939679
5.85565455199733e-05,79.1524359244992,516237.787215289,5668010.46939679
5.97335827795834e-05,79.1524359244992,516737.787215289,5668010.46939679
4.63948672897231e-05,79.1524359244992,517237.787215289,5668010.46939679
2.58435845690397e-05,79.1524359244992,517737.787215289,5668010.46939679
3.34791746159216e-05,79.1524359244992,518237.787215289,5668010.46939679
2.33015040618808e-05,79.1524359244992,518737.787215289,5668010.46939679
2.9100675484876e-05,79.1524359244992,519237.787215289,5668010.46939679
2.36573163247376e-05,79.1524359244992,519737.787215289,5668010.46939679
3.05320513738694e-05,79.1524359244992,520237.787215289,5668010.46939679
1.48458781811674e-05,79.1524359244992,520737.787215289,5668010.46939679
4.16350718079375e-05,79.1524359244992,521237.787215289,5668010.46939679
3.61192091512627e-05,79.1524359244992,521737.787215289,5668010.46939679
4.3463928862029e-05,79.1524359244992,522237.787215289,5668010.46939679
4.73046356886889e-05,79.1524359244992,522737.787215289,5668010.46939679
5.04911332791358e-05,79.1524359244992,523237.787215289,5668010.46939679
0.00182451427615173,79.1524359244992,480737.787215289,5668510.46939679
0.00172370755029797,79.1524359244992,481237.787215289,5668510.46939679
0.00142918626736309,79.1524359244992,481737.787215289,5668510.46939679
0.000979818607297013,79.1524359244992,482237.787215289,5668510.46939679
0.000507990139285031,79.1524359244992,482737.787215289,5668510.46939679
0.000435924033363721,79.1524359244992,483237.787215289,5668510.46939679
0.000194648377766611,79.1524359244992,483737.787215289,5668510.46939679
0.000250195648540842,79.1524359244992,484237.787215289,5668510.46939679
0.00075874791742753,79.1524359244992,484737.787215289,5668510.46939679
0.000525522728627127,79.1524359244992,485237.787215289,5668510.46939679
0.000278002216212414,79.1524359244992,485737.787215289,5668510.46939679
0.000413459556961049,79.1524359244992,486237.787215289,5668510.46939679
0.000515078111674274,79.1524359244992,486737.787215289,5668510.46939679
0.000414768170948924,79.1524359244992,487237.787215289,5668510.46939679
0.000436807231609055,79.1524359244992,487737.787215289,5668510.46939679
0.000355101270981799,79.1524359244992,488237.787215289,5668510.46939679
0.000126355372777415,79.1524359244992,488737.787215289,5668510.46939679
0.00020517760519947,79.1524359244992,489237.787215289,5668510.46939679
0.000140045594135775,79.1524359244992,489737.787215289,5668510.46939679
0.000160533459307811,79.1524359244992,490237.787215289,5668510.46939679
0.000186333295685245,79.1524359244992,490737.787215289,5668510.46939679
0.000212645135152195,79.1524359244992,491237.787215289,5668510.46939679
0.000635177880301385,79.1524359244992,491737.787215289,5668510.46939679
0.000475346388621654,79.1524359244992,492237.787215289,5668510.46939679
6.48355620014994e-05,79.1524359244992,492737.787215289,5668510.46939679
0.000107219605666131,79.1524359244992,493237.787215289,5668510.46939679
0.000297126452255581,79.1524359244992,493737.787215289,5668510.46939679
5.89669152092452e-05,79.1524359244992,494237.787215289,5668510.46939679
0.000153663165841894,79.1524359244992,494737.787215289,5668510.46939679
0.000420105563530634,79.1524359244992,495237.787215289,5668510.46939679
0.000493282223416171,79.1524359244992,495737.787215289,5668510.46939679
0.000632997679806298,79.1524359244992,496237.787215289,5668510.46939679
0.000499921767784465,79.1524359244992,496737.787215289,5668510.46939679
0.000817052204611987,79.1524359244992,497237.787215289,5668510.46939679
0.000461308388972428,79.1524359244992,497737.787215289,5668510.46939679
0.000649597458784966,79.1524359244992,498237.787215289,5668510.46939679
0.000577382290165481,79.1524359244992,498737.787215289,5668510.46939679
0.000385203628102539,79.1524359244992,499237.787215289,5668510.46939679
0.000380358821309995,79.1524359244992,499737.787215289,5668510.46939679
0.000129581455267668,79.1524359244992,500237.787215289,5668510.46939679
0.00015433547612434,79.1524359244992,500737.787215289,5668510.46939679
0.000122260445486848,79.1524359244992,501237.787215289,5668510.46939679
0.000100490164651591,79.1524359244992,501737.787215289,5668510.46939679
0.00010309680440082,79.1524359244992,502237.787215289,5668510.46939679
8.23192533566286e-05,79.1524359244992,502737.787215289,5668510.46939679
5.21619673760728e-05,79.1524359244992,503237.787215289,5668510.46939679
5.58119864614638e-05,79.1524359244992,503737.787215289,5668510.46939679
5.08257481274305e-05,79.1524359244992,504237.787215289,5668510.46939679
5.44238007880861e-05,79.1524359244992,504737.787215289,5668510.46939679
5.11405470598144e-05,79.1524359244992,505237.787215289,5668510.46939679
4.88600981491154e-05,79.1524359244992,505737.787215289,5668510.46939679
2.2125829246241e-05,79.1524359244992,506237.787215289,5668510.46939679
2.58435845690397e-05,79.1524359244992,506737.787215289,5668510.46939679
2.27060586640167e-05,79.1524359244992,507237.787215289,5668510.46939679
0.000131371273495864,79.1524359244992,507737.787215289,5668510.46939679
0.000211073016172601,79.1524359244992,508237.787215289,5668510.46939679
9.8898370082625e-05,79.1524359244992,508737.787215289,5668510.46939679
9.08947982616975e-05,79.1524359244992,509237.787215289,5668510.46939679
0.00020348676290196,79.1524359244992,509737.787215289,5668510.46939679
9.20862909090562e-05,79.1524359244992,510237.787215289,5668510.46939679
0.000136466876457386,79.1524359244992,510737.787215289,5668510.46939679
0.00010603582897084,79.1524359244992,511237.787215289,5668510.46939679
0.0001316005601317,79.1524359244992,511737.787215289,5668510.46939679
0.000154493501476068,79.1524359244992,512237.787215289,5668510.46939679
0.000149729099507055,79.1524359244992,512737.787215289,5668510.46939679
0.000102177266960036,79.1524359244992,513237.787215289,5668510.46939679
0.000120348533364244,79.1524359244992,513737.787215289,5668510.46939679
7.20044335040587e-05,79.1524359244992,514237.787215289,5668510.46939679
6.35984367332449e-05,79.1524359244992,514737.787215289,5668510.46939679
5.63705894918929e-05,79.1524359244992,515237.787215289,5668510.46939679
5.73156558795204e-05,79.1524359244992,515737.787215289,5668510.46939679
5.36827948948918e-05,79.1524359244992,516237.787215289,5668510.46939679
0.000170185439761054,79.1524359244992,516737.787215289,5668510.46939679
2.39125644648449e-05,79.1524359244992,517237.787215289,5668510.46939679
2.5183178980839e-05,79.1524359244992,517737.787215289,5668510.46939679
2.33015040618808e-05,79.1524359244992,518237.787215289,5668510.46939679
2.39125644648449e-05,79.1524359244992,518737.787215289,5668510.46939679
4.14322141171575e-05,79.1524359244992,519237.787215289,5668510.46939679
2.69262871272229e-05,79.1524359244992,519737.787215289,5668510.46939679
1.87406946576267e-05,79.1524359244992,520237.787215289,5668510.46939679
5.55850560807648e-05,79.1524359244992,520737.787215289,5668510.46939679
3.83364191740141e-05,79.1524359244992,521237.787215289,5668510.46939679
4.16350718079375e-05,79.1524359244992,521737.787215289,5668510.46939679
4.42281555442651e-05,79.1524359244992,522237.787215289,5668510.46939679
4.08930195398486e-05,79.1524359244992,522737.787215289,5668510.46939679
0.00190872307190329,79.1524359244992,481237.787215289,5669010.46939679
0.00163673807609443,79.1524359244992,481737.787215289,5669010.46939679
0.00122358921334121,79.1524359244992,482237.787215289,5669010.46939679
0.0010601817793265,79.1524359244992,482737.787215289,5669010.46939679
0.00084129354986574,79.1524359244992,483237.787215289,5669010.46939679
0.000638595992078814,79.1524359244992,483737.787215289,5669010.46939679
0.000334305272544772,79.1524359244992,484237.787215289,5669010.46939679
0.000381546932146406,79.1524359244992,484737.787215289,5669010.46939679
0.000150545582740456,79.1524359244992,485237.787215289,5669010.46939679
0.000305870843451865,79.1524359244992,485737.787215289,5669010.46939679
0.000416622958410835,79.1524359244992,486237.787215289,5669010.46939679
0.000456424414937093,79.1524359244992,486737.787215289,5669010.46939679
0.000405392482599118,79.1524359244992,487237.787215289,5669010.46939679
0.000416023525690489,79.1524359244992,487737.787215289,5669010.46939679
0.000418108685904418,79.1524359244992,488237.787215289,5669010.46939679
0.000187388719706152,79.1524359244992,488737.787215289,5669010.46939679
5.69642369226198e-05,79.1524359244992,489237.787215289,5669010.46939679
0.000145277607521131,79.1524359244992,489737.787215289,5669010.46939679
0.00040567175155288,79.1524359244992,490237.787215289,5669010.46939679
0.000470245641300769,79.1524359244992,490737.787215289,5669010.46939679
0.000229816945881311,79.1524359244992,491237.787215289,5669010.46939679
0.000464990884086121,79.1524359244992,491737.787215289,5669010.46939679
0.000453110401143646,79.1524359244992,492237.787215289,5669010.46939679
0.000318014241349584,79.1524359244992,492737.787215289,5669010.46939679
7.0484101999753e-05,79.1524359244992,493237.787215289,5669010.46939679
8.29187959189705e-05,79.1524359244992,493737.787215289,5669010.46939679
0.00026464028659097,79.1524359244992,494237.787215289,5669010.46939679
0.000350479837744014,79.1524359244992,494737.787215289,5669010.46939679
0.000543124539315371,79.1524359244992,495237.787215289,5669010.46939679
0.000429308148028028,79.1524359244992,495737.787215289,5669010.46939679
0.000722040941833979,79.1524359244992,496237.787215289,5669010.46939679
0.000634381965833983,79.1524359244992,496737.787215289,5669010.46939679
0.000169645838273961,79.1524359244992,497237.787215289,5669010.46939679
0.000681316476736867,79.1524359244992,497737.787215289,5669010.46939679
0.000515721250629228,79.1524359244992,498237.787215289,5669010.46939679
0.000454621574294608,79.1524359244992,498737.787215289,5669010.46939679
0.000163577152986669,79.1524359244992,499237.787215289,5669010.46939679
0.000193237966731866,79.1524359244992,499737.787215289,5669010.46939679
6.0778026958933e-05,79.1524359244992,500237.787215289,5669010.46939679
0.000118165494216134,79.1524359244992,500737.787215289,5669010.46939679
7.476256456416e-05,79.1524359244992,501237.787215289,5669010.46939679
5.92249084843551e-05,79.1524359244992,501737.787215289,5669010.46939679
9.20268822704046e-05,79.1524359244992,502237.787215289,5669010.46939679
7.97461100476903e-05,79.1524359244992,502737.787215289,5669010.46939679
6.7766477349207e-05,79.1524359244992,503237.787215289,5669010.46939679
5.57637130607109e-05,79.1524359244992,503737.787215289,5669010.46939679
5.73786119258685e-05,79.1524359244992,504237.787215289,5669010.46939679
4.40540193812523e-05,79.1524359244992,504737.787215289,5669010.46939679
5.14563211536548e-05,79.1524359244992,505237.787215289,5669010.46939679
2.58435845690397e-05,79.1524359244992,505737.787215289,5669010.46939679
7.86624219340465e-05,79.1524359244992,506237.787215289,5669010.46939679
4.33707301697667e-05,79.1524359244992,506737.787215289,5669010.46939679
7.82810112544402e-05,79.1524359244992,507237.787215289,5669010.46939679
8.77883531295403e-05,79.1524359244992,507737.787215289,5669010.46939679
6.03385727481815e-05,79.1524359244992,508237.787215289,5669010.46939679
0.00010081097767439,79.1524359244992,508737.787215289,5669010.46939679
7.64709347251129e-05,79.1524359244992,509237.787215289,5669010.46939679
8.82574979729067e-05,79.1524359244992,509737.787215289,5669010.46939679
0.000185321096836892,79.1524359244992,510237.787215289,5669010.46939679
0.00011760382102712,79.1524359244992,510737.787215289,5669010.46939679
0.000251369577966749,79.1524359244992,511237.787215289,5669010.46939679
0.000171347989389898,79.1524359244992,511737.787215289,5669010.46939679
0.000148538477091192,79.1524359244992,512237.787215289,5669010.46939679
0.000123412695909902,79.1524359244992,512737.787215289,5669010.46939679
0.000106193747744501,79.1524359244992,513237.787215289,5669010.46939679
8.39665915066921e-05,79.1524359244992,513737.787215289,5669010.46939679
8.46712437794394e-05,79.1524359244992,514237.787215289,5669010.46939679
5.2796684594519e-05,79.1524359244992,514737.787215289,5669010.46939679
4.7869031842252e-05,79.1524359244992,515237.787215289,5669010.46939679
4.5209295313819e-05,79.1524359244992,515737.787215289,5669010.46939679
5.14563211536548e-05,79.1524359244992,516237.787215289,5669010.46939679
7.27848039204343e-05,79.1524359244992,516737.787215289,5669010.46939679
2.45396493619823e-05,79.1524359244992,517237.787215289,5669010.46939679
4.88600981491154e-05,79.1524359244992,517737.787215289,5669010.46939679
4.91243529498228e-05,79.1524359244992,518237.787215289,5669010.46939679
6.25590327863372e-05,79.1524359244992,518737.787215289,5669010.46939679
5.72955403477768e-05,79.1524359244992,519237.787215289,5669010.46939679
4.03687069679584e-05,79.1524359244992,519737.787215289,5669010.46939679
3.45614252882947e-05,79.1524359244992,520237.787215289,5669010.46939679
3.28214943360729e-05,79.1524359244992,520737.787215289,5669010.46939679
5.55850560807648e-05,79.1524359244992,521237.787215289,5669010.46939679
1.82617959411736e-05,79.1524359244992,521737.787215289,5669010.46939679
0.00147409277505358,79.1524359244992,481737.787215289,5669510.46939679
0.00125084677755187,79.1524359244992,482237.787215289,5669510.46939679
0.00122358921334121,79.1524359244992,482737.787215289,5669510.46939679
0.000979806199267009,79.1524359244992,483237.787215289,5669510.46939679
0.000797421905036177,79.1524359244992,483737.787215289,5669510.46939679
0.000693045378335269,79.1524359244992,484237.787215289,5669510.46939679
0.000760740831888662,79.1524359244992,484737.787215289,5669510.46939679
0.000457344393830222,79.1524359244992,485237.787215289,5669510.46939679
0.000421650687517942,79.1524359244992,485737.787215289,5669510.46939679
0.000173065180571824,79.1524359244992,486237.787215289,5669510.46939679
0.000189304998428703,79.1524359244992,486737.787215289,5669510.46939679
0.000248255692651435,79.1524359244992,487237.787215289,5669510.46939679
0.000456424414937093,79.1524359244992,487737.787215289,5669510.46939679
0.0005538694214996,79.1524359244992,488237.787215289,5669510.46939679
0.000331707819659762,79.1524359244992,488737.787215289,5669510.46939679
0.000178704822375431,79.1524359244992,489237.787215289,5669510.46939679
6.85764350276213e-05,79.1524359244992,489737.787215289,5669510.46939679
0.000226897385211524,79.1524359244992,490237.787215289,5669510.46939679
0.000164743300873117,79.1524359244992,490737.787215289,5669510.46939679
0.000208418499964953,79.1524359244992,491237.787215289,5669510.46939679
0.000187917605258307,79.1524359244992,491737.787215289,5669510.46939679
0.000238953771372645,79.1524359244992,492237.787215289,5669510.46939679
0.000111544213998169,79.1524359244992,492737.787215289,5669510.46939679
0.00016182818927045,79.1524359244992,493237.787215289,5669510.46939679
6.0778026958933e-05,79.1524359244992,493737.787215289,5669510.46939679
0.000193237966731866,79.1524359244992,494237.787215289,5669510.46939679
0.000270898162336746,79.1524359244992,494737.787215289,5669510.46939679
0.000326002010823823,79.1524359244992,495237.787215289,5669510.46939679
0.000593614595927161,79.1524359244992,495737.787215289,5669510.46939679
0.000641550973498209,79.1524359244992,496237.787215289,5669510.46939679
0.000769000393831344,79.1524359244992,496737.787215289,5669510.46939679
0.000438764524980581,79.1524359244992,497237.787215289,5669510.46939679
0.00016631181437769,79.1524359244992,497737.787215289,5669510.46939679
0.000102650970766407,79.1524359244992,498237.787215289,5669510.46939679
0.000183488166448212,79.1524359244992,498737.787215289,5669510.46939679
0.000118165494216134,79.1524359244992,499237.787215289,5669510.46939679
0.000139154408483717,79.1524359244992,499737.787215289,5669510.46939679
0.000122260445486848,79.1524359244992,500237.787215289,5669510.46939679
6.74086134303287e-05,79.1524359244992,500737.787215289,5669510.46939679
9.19648323560573e-05,79.1524359244992,501237.787215289,5669510.46939679
0.000128756858575284,79.1524359244992,501737.787215289,5669510.46939679
7.28520859579709e-05,79.1524359244992,502237.787215289,5669510.46939679
5.85565455199733e-05,79.1524359244992,502737.787215289,5669510.46939679
4.49318575969201e-05,79.1524359244992,503237.787215289,5669510.46939679
4.5209295313819e-05,79.1524359244992,503737.787215289,5669510.46939679
4.18312786956425e-05,79.1524359244992,504237.787215289,5669510.46939679
2.2125829246241e-05,79.1524359244992,504737.787215289,5669510.46939679
7.86624219340465e-05,79.1524359244992,505237.787215289,5669510.46939679
8.07252712298471e-05,79.1524359244992,505737.787215289,5669510.46939679
0.000141216193000192,79.1524359244992,506237.787215289,5669510.46939679
0.000130664587552707,79.1524359244992,506737.787215289,5669510.46939679
0.000123310523022362,79.1524359244992,507237.787215289,5669510.46939679
5.56020814786876e-05,79.1524359244992,507737.787215289,5669510.46939679
6.92625117746012e-05,79.1524359244992,508237.787215289,5669510.46939679
7.36370896127673e-05,79.1524359244992,508737.787215289,5669510.46939679
9.29815882891408e-05,79.1524359244992,509237.787215289,5669510.46939679
0.000108266862501303,79.1524359244992,509737.787215289,5669510.46939679
0.000125092400602593,79.1524359244992,510237.787215289,5669510.46939679
0.000135053401749227,79.1524359244992,510737.787215289,5669510.46939679
0.000142687098186469,79.1524359244992,511237.787215289,5669510.46939679
0.000210386414758733,79.1524359244992,511737.787215289,5669510.46939679
0.000123320025903959,79.1524359244992,512237.787215289,5669510.46939679
0.000130791184617604,79.1524359244992,512737.787215289,5669510.46939679
9.00566261992506e-05,79.1524359244992,513237.787215289,5669510.46939679
7.90978696152332e-05,79.1524359244992,513737.787215289,5669510.46939679
6.93511448312003e-05,79.1524359244992,514237.787215289,5669510.46939679
5.62367222634692e-05,79.1524359244992,514737.787215289,5669510.46939679
4.76115297946942e-05,79.1524359244992,515237.787215289,5669510.46939679
2.72168054858936e-05,79.1524359244992,515737.787215289,5669510.46939679
6.23142714185993e-05,79.1524359244992,516237.787215289,5669510.46939679
3.52581191249068e-05,79.1524359244992,516737.787215289,5669510.46939679
3.26236495649892e-05,79.1524359244992,517237.787215289,5669510.46939679
5.87267655340178e-05,79.1524359244992,517737.787215289,5669510.46939679
5.38579436629939e-05,79.1524359244992,518237.787215289,5669510.46939679
4.73046356886889e-05,79.1524359244992,518737.787215289,5669510.46939679
3.91886393398058e-05,79.1524359244992,519237.787215289,5669510.46939679
4.48083096857607e-05,79.1524359244992,519737.787215289,5669510.46939679
5.16597170402119e-05,79.1524359244992,520237.787215289,5669510.46939679
3.47347297404744e-05,79.1524359244992,520737.787215289,5669510.46939679
0.00132288793971461,79.1524359244992,481737.787215289,5670010.46939679
0.00140839759444737,79.1524359244992,482237.787215289,5670010.46939679
0.00132909499043138,79.1524359244992,482737.787215289,5670010.46939679
0.00121888270539805,79.1524359244992,483237.787215289,5670010.46939679
0.00122358921334121,79.1524359244992,483737.787215289,5670010.46939679
0.00105892884927725,79.1524359244992,484237.787215289,5670010.46939679
0.00106011346786598,79.1524359244992,484737.787215289,5670010.46939679
0.00092135259236723,79.1524359244992,485237.787215289,5670010.46939679
0.00065530035545822,79.1524359244992,485737.787215289,5670010.46939679
0.000265423871330821,79.1524359244992,486237.787215289,5670010.46939679
0.000445434613505386,79.1524359244992,486737.787215289,5670010.46939679
0.00026460206457785,79.1524359244992,487237.787215289,5670010.46939679
0.00015767006472552,79.1524359244992,487737.787215289,5670010.46939679
0.000173065180571824,79.1524359244992,488237.787215289,5670010.46939679
0.000124606324280527,79.1524359244992,488737.787215289,5670010.46939679
0.000128519669347717,79.1524359244992,489237.787215289,5670010.46939679
6.02509513549326e-05,79.1524359244992,489737.787215289,5670010.46939679
0.000113849691292482,79.1524359244992,490237.787215289,5670010.46939679
0.000408540611869209,79.1524359244992,490737.787215289,5670010.46939679
0.000178046877178581,79.1524359244992,491237.787215289,5670010.46939679
0.00015243376133662,79.1524359244992,491737.787215289,5670010.46939679
0.000181422623000951,79.1524359244992,492237.787215289,5670010.46939679
5.62367222634692e-05,79.1524359244992,492737.787215289,5670010.46939679
9.68514621913624e-05,79.1524359244992,493237.787215289,5670010.46939679
0.000129581455267668,79.1524359244992,493737.787215289,5670010.46939679
0.000269997690267853,79.1524359244992,494237.787215289,5670010.46939679
0.000248257927716556,79.1524359244992,494737.787215289,5670010.46939679
0.000548250530441247,79.1524359244992,495237.787215289,5670010.46939679
0.000582861748791736,79.1524359244992,495737.787215289,5670010.46939679
0.000455920254924886,79.1524359244992,496237.787215289,5670010.46939679
0.00041107407695885,79.1524359244992,496737.787215289,5670010.46939679
0.000247512895768479,79.1524359244992,497237.787215289,5670010.46939679
6.91763420016945e-05,79.1524359244992,497737.787215289,5670010.46939679
9.19648323560573e-05,79.1524359244992,498237.787215289,5670010.46939679
7.0990427620669e-05,79.1524359244992,498737.787215289,5670010.46939679
0.000113125204299534,79.1524359244992,499237.787215289,5670010.46939679
0.000141640049416488,79.1524359244992,499737.787215289,5670010.46939679
0.000231626291064131,79.1524359244992,500237.787215289,5670010.46939679
0.000141640049416488,79.1524359244992,500737.787215289,5670010.46939679
0.000135777549890795,79.1524359244992,501237.787215289,5670010.46939679
0.000142680182305702,79.1524359244992,501737.787215289,5670010.46939679
0.000162946938773296,79.1524359244992,502237.787215289,5670010.46939679
0.00015433547612434,79.1524359244992,502737.787215289,5670010.46939679
6.32960088533913e-05,79.1524359244992,503237.787215289,5670010.46939679
7.27848039204343e-05,79.1524359244992,503737.787215289,5670010.46939679
8.72441087175865e-05,79.1524359244992,504237.787215289,5670010.46939679
9.42893642841272e-05,79.1524359244992,504737.787215289,5670010.46939679
9.6762015696743e-05,79.1524359244992,505237.787215289,5670010.46939679
0.000187736488218836,79.1524359244992,505737.787215289,5670010.46939679
0.000159743108438292,79.1524359244992,506237.787215289,5670010.46939679
4.9070453509991e-05,79.1524359244992,506737.787215289,5670010.46939679
7.49519257361366e-05,79.1524359244992,507237.787215289,5670010.46939679
6.87342246621308e-05,79.1524359244992,507737.787215289,5670010.46939679
5.7711478316831e-05,79.1524359244992,508237.787215289,5670010.46939679
5.20347416522009e-05,79.1524359244992,508737.787215289,5670010.46939679
9.13928484634727e-05,79.1524359244992,509237.787215289,5670010.46939679
0.000102650970766407,79.1524359244992,509737.787215289,5670010.46939679
0.000136773639591739,79.1524359244992,510237.787215289,5670010.46939679
0.000131602254290079,79.1524359244992,510737.787215289,5670010.46939679
0.000124192129833233,79.1524359244992,511237.787215289,5670010.46939679
0.000118319325941835,79.1524359244992,511737.787215289,5670010.46939679
0.000105342897579139,79.1524359244992,512237.787215289,5670010.46939679
0.000109336225801611,79.1524359244992,512737.787215289,5670010.46939679
4.81467309941378e-05,79.1524359244992,513237.787215289,5670010.46939679
0.000122260445486848,79.1524359244992,513737.787215289,5670010.46939679
6.74086134303287e-05,79.1524359244992,514237.787215289,5670010.46939679
4.9409334505248e-05,79.1524359244992,514737.787215289,5670010.46939679
5.28057156071501e-05,79.1524359244992,515237.787215289,5670010.46939679
8.72441087175865e-05,79.1524359244992,515737.787215289,5670010.46939679
8.48656790516319e-05,79.1524359244992,516237.787215289,5670010.46939679
0.000100863935785058,79.1524359244992,516737.787215289,5670010.46939679
5.87267655340178e-05,79.1524359244992,517237.787215289,5670010.46939679
6.328518375522e-05,79.1524359244992,517737.787215289,5670010.46939679
6.25298521396205e-05,79.1524359244992,518237.787215289,5670010.46939679
7.58477235949689e-05,79.1524359244992,518737.787215289,5670010.46939679
0.00216011438126405,79.1524359244992,482237.787215289,5670510.46939679
0.00222007189927263,79.1524359244992,482737.787215289,5670510.46939679
0.00202355988986496,79.1524359244992,483237.787215289,5670510.46939679
0.00176693352732214,79.1524359244992,483737.787215289,5670510.46939679
0.0015254586262826,79.1524359244992,484237.787215289,5670510.46939679
0.00150512729911821,79.1524359244992,484737.787215289,5670510.46939679
0.00103186903767482,79.1524359244992,485237.787215289,5670510.46939679
0.00100842348916852,79.1524359244992,485737.787215289,5670510.46939679
0.0010761654794381,79.1524359244992,486237.787215289,5670510.46939679
0.00100563741694346,79.1524359244992,486737.787215289,5670510.46939679
0.000561031451776212,79.1524359244992,487237.787215289,5670510.46939679
0.000790644753026367,79.1524359244992,487737.787215289,5670510.46939679
0.000338130979720771,79.1524359244992,488237.787215289,5670510.46939679
0.000235550120543157,79.1524359244992,488737.787215289,5670510.46939679
0.000147716811611465,79.1524359244992,489237.787215289,5670510.46939679
0.00011183644313965,79.1524359244992,489737.787215289,5670510.46939679
6.88749986735262e-05,79.1524359244992,490237.787215289,5670510.46939679
0.000145354428773394,79.1524359244992,490737.787215289,5670510.46939679
0.000157920570139209,79.1524359244992,491237.787215289,5670510.46939679
0.000149952705202633,79.1524359244992,491737.787215289,5670510.46939679
4.9409334505248e-05,79.1524359244992,492237.787215289,5670510.46939679
5.33993046485502e-05,79.1524359244992,492737.787215289,5670510.46939679
0.000123043437244129,79.1524359244992,493237.787215289,5670510.46939679
0.000162061891101552,79.1524359244992,493737.787215289,5670510.46939679
0.000226646757539659,79.1524359244992,494237.787215289,5670510.46939679
0.000389221522178089,79.1524359244992,494737.787215289,5670510.46939679
0.00044300419871814,79.1524359244992,495237.787215289,5670510.46939679
0.000274515346165353,79.1524359244992,495737.787215289,5670510.46939679
0.000237700476420528,79.1524359244992,496237.787215289,5670510.46939679
0.000231626291064131,79.1524359244992,496737.787215289,5670510.46939679
0.000350479837744014,79.1524359244992,497237.787215289,5670510.46939679
6.74086134303287e-05,79.1524359244992,497737.787215289,5670510.46939679
0.000194825391774719,79.1524359244992,498237.787215289,5670510.46939679
0.000107417484602305,79.1524359244992,498737.787215289,5670510.46939679
0.000208842583258944,79.1524359244992,499237.787215289,5670510.46939679
0.000181422623000951,79.1524359244992,499737.787215289,5670510.46939679
0.000270898162336746,79.1524359244992,500237.787215289,5670510.46939679
0.000278002216212414,79.1524359244992,500737.787215289,5670510.46939679
0.00032462781902457,79.1524359244992,501237.787215289,5670510.46939679
0.000117690303902104,79.1524359244992,501737.787215289,5670510.46939679
0.000101491888411514,79.1524359244992,502237.787215289,5670510.46939679
0.000144894672497206,79.1524359244992,502737.787215289,5670510.46939679
0.000111181196455248,79.1524359244992,503237.787215289,5670510.46939679
0.000213677938640529,79.1524359244992,503737.787215289,5670510.46939679
0.000100863935785058,79.1524359244992,504237.787215289,5670510.46939679
0.000165836530067496,79.1524359244992,504737.787215289,5670510.46939679
0.000149126646148933,79.1524359244992,505237.787215289,5670510.46939679
5.03572807901448e-05,79.1524359244992,505737.787215289,5670510.46939679
5.6379160550572e-05,79.1524359244992,506237.787215289,5670510.46939679
6.35984367332449e-05,79.1524359244992,506737.787215289,5670510.46939679
6.46763837249366e-05,79.1524359244992,507237.787215289,5670510.46939679
8.29747423503699e-05,79.1524359244992,507737.787215289,5670510.46939679
0.000139154408483717,79.1524359244992,508237.787215289,5670510.46939679
7.476256456416e-05,79.1524359244992,508737.787215289,5670510.46939679
8.96147679118763e-05,79.1524359244992,509237.787215289,5670510.46939679
5.33993046485502e-05,79.1524359244992,509737.787215289,5670510.46939679
0.000123043437244129,79.1524359244992,510237.787215289,5670510.46939679
0.000118165494216134,79.1524359244992,510737.787215289,5670510.46939679
0.000106542253691463,79.1524359244992,511237.787215289,5670510.46939679
5.47996520480094e-05,79.1524359244992,511737.787215289,5670510.46939679
5.33993046485502e-05,79.1524359244992,512237.787215289,5670510.46939679
0.00015433547612434,79.1524359244992,512737.787215289,5670510.46939679
4.9409334505248e-05,79.1524359244992,513237.787215289,5670510.46939679
9.79222443184871e-05,79.1524359244992,513737.787215289,5670510.46939679
8.5150678262567e-05,79.1524359244992,514237.787215289,5670510.46939679
7.37875193838434e-05,79.1524359244992,514737.787215289,5670510.46939679
0.00246242958498409,79.1524359244992,482737.787215289,5671010.46939679
0.000386476446741464,79.1524359244992,483237.787215289,5671010.46939679
0.000855529028867803,79.1524359244992,483737.787215289,5671010.46939679
0.00149288819713727,79.1524359244992,484237.787215289,5671010.46939679
0.00162041444256887,79.1524359244992,484737.787215289,5671010.46939679
0.00131582618807587,79.1524359244992,485237.787215289,5671010.46939679
0.00108669827942353,79.1524359244992,485737.787215289,5671010.46939679
0.00100662555985023,79.1524359244992,486237.787215289,5671010.46939679
0.000935341996416507,79.1524359244992,486737.787215289,5671010.46939679
0.000749011126411022,79.1524359244992,487237.787215289,5671010.46939679
0.000796639124595667,79.1524359244992,487737.787215289,5671010.46939679
0.000640312453445346,79.1524359244992,488237.787215289,5671010.46939679
0.000487413624829168,79.1524359244992,488737.787215289,5671010.46939679
0.000600730908470706,79.1524359244992,489237.787215289,5671010.46939679
0.000549663913148242,79.1524359244992,489737.787215289,5671010.46939679
9.8958337673771e-05,79.1524359244992,490237.787215289,5671010.46939679
7.0990427620669e-05,79.1524359244992,490737.787215289,5671010.46939679
0.000219493900371308,79.1524359244992,491237.787215289,5671010.46939679
0.000178436979414212,79.1524359244992,491737.787215289,5671010.46939679
5.7711478316831e-05,79.1524359244992,492237.787215289,5671010.46939679
5.7711478316831e-05,79.1524359244992,492737.787215289,5671010.46939679
0.000124192129833233,79.1524359244992,493237.787215289,5671010.46939679
0.000301643298694435,79.1524359244992,493737.787215289,5671010.46939679
0.000118319325941835,79.1524359244992,494237.787215289,5671010.46939679
0.000138020587112496,79.1524359244992,494737.787215289,5671010.46939679
0.000231626291064131,79.1524359244992,495237.787215289,5671010.46939679
0.000121264275063946,79.1524359244992,495737.787215289,5671010.46939679
8.07998934097046e-05,79.1524359244992,496237.787215289,5671010.46939679
9.43765250677713e-05,79.1524359244992,496737.787215289,5671010.46939679
5.62367222634692e-05,79.1524359244992,497237.787215289,5671010.46939679
8.73247568897517e-05,79.1524359244992,497737.787215289,5671010.46939679
0.000181422623000951,79.1524359244992,498237.787215289,5671010.46939679
0.000504218571942446,79.1524359244992,498737.787215289,5671010.46939679
0.000286423919351378,79.1524359244992,499237.787215289,5671010.46939679
0.000680798750153813,79.1524359244992,499737.787215289,5671010.46939679
0.00069208406949715,79.1524359244992,500237.787215289,5671010.46939679
0.000654804360800274,79.1524359244992,500737.787215289,5671010.46939679
0.000487946468352471,79.1524359244992,501237.787215289,5671010.46939679
0.000128333601205073,79.1524359244992,501737.787215289,5671010.46939679
0.000291365408975595,79.1524359244992,502237.787215289,5671010.46939679
0.000316564919738706,79.1524359244992,502737.787215289,5671010.46939679
0.000262798569896247,79.1524359244992,503237.787215289,5671010.46939679
0.000270897635434329,79.1524359244992,503737.787215289,5671010.46939679
0.000188250025137505,79.1524359244992,504237.787215289,5671010.46939679
0.000172642902366894,79.1524359244992,504737.787215289,5671010.46939679
5.58510146517099e-05,79.1524359244992,505237.787215289,5671010.46939679
5.43857699221418e-05,79.1524359244992,505737.787215289,5671010.46939679
6.03895846272706e-05,79.1524359244992,506237.787215289,5671010.46939679
6.81130185586335e-05,79.1524359244992,506737.787215289,5671010.46939679
7.48130078761169e-05,79.1524359244992,507237.787215289,5671010.46939679
0.000146057341961352,79.1524359244992,507737.787215289,5671010.46939679
0.000270794734961809,79.1524359244992,508237.787215289,5671010.46939679
0.000112916810897248,79.1524359244992,508737.787215289,5671010.46939679
6.40075192796346e-05,79.1524359244992,509237.787215289,5671010.46939679
9.68514621913624e-05,79.1524359244992,509737.787215289,5671010.46939679
0.000118165494216134,79.1524359244992,510237.787215289,5671010.46939679
4.69163919861266e-05,79.1524359244992,510737.787215289,5671010.46939679
0.000113125204299534,79.1524359244992,511237.787215289,5671010.46939679
7.67231437056557e-05,79.1524359244992,511737.787215289,5671010.46939679
5.92249084843551e-05,79.1524359244992,512237.787215289,5671010.46939679
5.07050486262241e-05,79.1524359244992,512737.787215289,5671010.46939679
0.000106542253691463,79.1524359244992,513237.787215289,5671010.46939679
0.000126743355370727,79.1524359244992,513737.787215289,5671010.46939679
0.00276934412169698,79.1524359244992,483237.787215289,5671510.46939679
0.00180491781196254,79.1524359244992,483737.787215289,5671510.46939679
0.00195054531419797,79.1524359244992,484237.787215289,5671510.46939679
0.00172097327652612,79.1524359244992,484737.787215289,5671510.46939679
0.00186082104791462,79.1524359244992,485237.787215289,5671510.46939679
0.00160651517197232,79.1524359244992,485737.787215289,5671510.46939679
0.00104756853406331,79.1524359244992,486237.787215289,5671510.46939679
0.00103826792216288,79.1524359244992,486737.787215289,5671510.46939679
0.00109020796372171,79.1524359244992,487237.787215289,5671510.46939679
0.000718189899758754,79.1524359244992,487737.787215289,5671510.46939679
0.000749011126411022,79.1524359244992,488237.787215289,5671510.46939679
0.00025864124381255,79.1524359244992,488737.787215289,5671510.46939679
0.000548250530441247,79.1524359244992,489237.787215289,5671510.46939679
0.000400569511817631,79.1524359244992,489737.787215289,5671510.46939679
0.000438101060393991,79.1524359244992,490237.787215289,5671510.46939679
0.000118617231970014,79.1524359244992,490737.787215289,5671510.46939679
0.000149166214295178,79.1524359244992,491237.787215289,5671510.46939679
0.000131056773623159,79.1524359244992,491737.787215289,5671510.46939679
8.07998934097046e-05,79.1524359244992,492237.787215289,5671510.46939679
0.000138020587112496,79.1524359244992,492737.787215289,5671510.46939679
0.000286423919351378,79.1524359244992,493237.787215289,5671510.46939679
0.000105342897579139,79.1524359244992,493737.787215289,5671510.46939679
5.07050486262241e-05,79.1524359244992,494237.787215289,5671510.46939679
0.000113125204299534,79.1524359244992,494737.787215289,5671510.46939679
0.000150391595560177,79.1524359244992,495237.787215289,5671510.46939679
0.000128756858575284,79.1524359244992,495737.787215289,5671510.46939679
6.56860573010377e-05,79.1524359244992,496237.787215289,5671510.46939679
8.73247568897517e-05,79.1524359244992,496737.787215289,5671510.46939679
0.000199934507567817,79.1524359244992,497237.787215289,5671510.46939679
0.000420105563530634,79.1524359244992,497737.787215289,5671510.46939679
0.000464992802536052,79.1524359244992,498237.787215289,5671510.46939679
0.000638318564619277,79.1524359244992,498737.787215289,5671510.46939679
0.00055387440802866,79.1524359244992,499237.787215289,5671510.46939679
0.000702054641049618,79.1524359244992,499737.787215289,5671510.46939679
0.000569349369276431,79.1524359244992,500237.787215289,5671510.46939679
0.000575523535115733,79.1524359244992,500737.787215289,5671510.46939679
0.000501915832950871,79.1524359244992,501237.787215289,5671510.46939679
0.000322123581125476,79.1524359244992,501737.787215289,5671510.46939679
0.000357166536378291,79.1524359244992,502237.787215289,5671510.46939679
0.000277897590800931,79.1524359244992,502737.787215289,5671510.46939679
0.000190311012412395,79.1524359244992,503237.787215289,5671510.46939679
0.000250481139126256,79.1524359244992,503737.787215289,5671510.46939679
0.000257049775442732,79.1524359244992,504237.787215289,5671510.46939679
0.000125784398759478,79.1524359244992,504737.787215289,5671510.46939679
6.69777939337909e-05,79.1524359244992,505237.787215289,5671510.46939679
7.36133741724147e-05,79.1524359244992,505737.787215289,5671510.46939679
0.000171288216791292,79.1524359244992,506237.787215289,5671510.46939679
8.48080760845098e-05,79.1524359244992,506737.787215289,5671510.46939679
0.000101157196934734,79.1524359244992,507237.787215289,5671510.46939679
8.60340491106403e-05,79.1524359244992,507737.787215289,5671510.46939679
0.000105500216844165,79.1524359244992,508237.787215289,5671510.46939679
0.000129783334860194,79.1524359244992,508737.787215289,5671510.46939679
0.000124606324280527,79.1524359244992,509237.787215289,5671510.46939679
6.91763420016945e-05,79.1524359244992,509737.787215289,5671510.46939679
0.00011913620855293,79.1524359244992,510237.787215289,5671510.46939679
7.87351372226812e-05,79.1524359244992,510737.787215289,5671510.46939679
5.33993046485502e-05,79.1524359244992,511237.787215289,5671510.46939679
0.000101166676040599,79.1524359244992,511737.787215289,5671510.46939679
0.000101166676040599,79.1524359244992,512237.787215289,5671510.46939679
0.00103555544871872,79.1524359244992,483737.787215289,5672010.46939679
0.00205432157134084,79.1524359244992,484237.787215289,5672010.46939679
0.000386476446741464,79.1524359244992,484737.787215289,5672010.46939679
0.000348461045313194,79.1524359244992,485237.787215289,5672010.46939679
0.00126203564938225,79.1524359244992,485737.787215289,5672010.46939679
0.00108169295115371,79.1524359244992,486237.787215289,5672010.46939679
0.00108162325364827,79.1524359244992,486737.787215289,5672010.46939679
0.000748227827881366,79.1524359244992,487237.787215289,5672010.46939679
0.000797473289210263,79.1524359244992,487737.787215289,5672010.46939679
0.000685589321986509,79.1524359244992,488237.787215289,5672010.46939679
0.000543968448203297,79.1524359244992,488737.787215289,5672010.46939679
0.000569349369276431,79.1524359244992,489237.787215289,5672010.46939679
0.000469381388959344,79.1524359244992,489737.787215289,5672010.46939679
0.00017050568426519,79.1524359244992,490237.787215289,5672010.46939679
0.000107417484602305,79.1524359244992,490737.787215289,5672010.46939679
8.29187959189705e-05,79.1524359244992,491237.787215289,5672010.46939679
7.0990427620669e-05,79.1524359244992,491737.787215289,5672010.46939679
6.91763420016945e-05,79.1524359244992,492237.787215289,5672010.46939679
0.000132979609140579,79.1524359244992,492737.787215289,5672010.46939679
0.000141353013204386,79.1524359244992,493237.787215289,5672010.46939679
0.000112203467247463,79.1524359244992,493737.787215289,5672010.46939679
9.19648323560573e-05,79.1524359244992,494237.787215289,5672010.46939679
0.000113125204299534,79.1524359244992,494737.787215289,5672010.46939679
0.000270545956714632,79.1524359244992,495237.787215289,5672010.46939679
0.000284921646965274,79.1524359244992,495737.787215289,5672010.46939679
0.000277640774323457,79.1524359244992,496237.787215289,5672010.46939679
0.00044300419871814,79.1524359244992,496737.787215289,5672010.46939679
0.000559226360267116,79.1524359244992,497237.787215289,5672010.46939679
0.000515721250629228,79.1524359244992,497737.787215289,5672010.46939679
0.000556148951143829,79.1524359244992,498237.787215289,5672010.46939679
0.000693358374980056,79.1524359244992,498737.787215289,5672010.46939679
0.000680180754164637,79.1524359244992,499237.787215289,5672010.46939679
0.000787643224652383,79.1524359244992,499737.787215289,5672010.46939679
0.000767132078333536,79.1524359244992,500237.787215289,5672010.46939679
0.000728858547043636,79.1524359244992,500737.787215289,5672010.46939679
0.000529837628124495,79.1524359244992,501237.787215289,5672010.46939679
0.000342187679652878,79.1524359244992,501737.787215289,5672010.46939679
0.000314382729054775,79.1524359244992,502237.787215289,5672010.46939679
0.000276664599423925,79.1524359244992,502737.787215289,5672010.46939679
7.43917788677968e-05,79.1524359244992,503237.787215289,5672010.46939679
0.000115683619523764,79.1524359244992,503737.787215289,5672010.46939679
0.000286252203154126,79.1524359244992,504237.787215289,5672010.46939679
6.93511448312003e-05,79.1524359244992,504737.787215289,5672010.46939679
0.000175043929659537,79.1524359244992,505237.787215289,5672010.46939679
0.00222343446446769,79.1524359244992,484737.787215289,5672510.46939679
0.00183021343458118,79.1524359244992,485237.787215289,5672510.46939679
0.00162737872582855,79.1524359244992,485737.787215289,5672510.46939679
0.00189786690507037,79.1524359244992,486237.787215289,5672510.46939679
0.00166994762060608,79.1524359244992,486737.787215289,5672510.46939679
0.00147340090350229,79.1524359244992,487237.787215289,5672510.46939679
0.00105405142690033,79.1524359244992,487737.787215289,5672510.46939679
0.00107504005044514,79.1524359244992,488237.787215289,5672510.46939679
0.00081833355731964,79.1524359244992,488737.787215289,5672510.46939679
0.000675335333526796,79.1524359244992,489237.787215289,5672510.46939679
0.000526177679069061,79.1524359244992,489737.787215289,5672510.46939679
0.000191637781500927,79.1524359244992,490237.787215289,5672510.46939679
0.000152767745015667,79.1524359244992,490737.787215289,5672510.46939679
7.87351372226812e-05,79.1524359244992,491237.787215289,5672510.46939679
6.0778026958933e-05,79.1524359244992,491737.787215289,5672510.46939679
0.000118165494216134,79.1524359244992,492237.787215289,5672510.46939679
0.000131056773623159,79.1524359244992,492737.787215289,5672510.46939679
7.0990427620669e-05,79.1524359244992,493237.787215289,5672510.46939679
6.23718745297274e-05,79.1524359244992,493737.787215289,5672510.46939679
0.000178799319583049,79.1524359244992,494237.787215289,5672510.46939679
0.000332121998044848,79.1524359244992,494737.787215289,5672510.46939679
0.000606112271893054,79.1524359244992,495237.787215289,5672510.46939679
0.000590623711071862,79.1524359244992,495737.787215289,5672510.46939679
0.000672236166189203,79.1524359244992,496237.787215289,5672510.46939679
0.000728858547043636,79.1524359244992,496737.787215289,5672510.46939679
0.000657165044156448,79.1524359244992,497237.787215289,5672510.46939679
0.000570733443256075,79.1524359244992,497737.787215289,5672510.46939679
0.000740975798043342,79.1524359244992,498237.787215289,5672510.46939679
0.000622237248349509,79.1524359244992,498737.787215289,5672510.46939679
0.000661170414769727,79.1524359244992,499237.787215289,5672510.46939679
0.000938186546850697,79.1524359244992,499737.787215289,5672510.46939679
0.000761591868982681,79.1524359244992,500237.787215289,5672510.46939679
0.000665015914679204,79.1524359244992,500737.787215289,5672510.46939679
0.000488362585779994,79.1524359244992,501237.787215289,5672510.46939679
0.000206491622770813,79.1524359244992,501737.787215289,5672510.46939679
0.00246600032614161,79.1524359244992,485237.787215289,5673010.46939679
0.00237095728717735,79.1524359244992,485737.787215289,5673010.46939679
0.00186153381455618,79.1524359244992,486237.787215289,5673010.46939679
0.00146730310916469,79.1524359244992,486737.787215289,5673010.46939679
0.00158332605585761,79.1524359244992,487237.787215289,5673010.46939679
0.00159313073052932,79.1524359244992,487737.787215289,5673010.46939679
0.00108956173973563,79.1524359244992,488237.787215289,5673010.46939679
0.000699828450725444,79.1524359244992,488737.787215289,5673010.46939679
0.000555996903861573,79.1524359244992,489237.787215289,5673010.46939679
0.000569001017517681,79.1524359244992,489737.787215289,5673010.46939679
0.000649597458784966,79.1524359244992,490237.787215289,5673010.46939679
0.000142386858012014,79.1524359244992,490737.787215289,5673010.46939679
0.000214319286940533,79.1524359244992,491237.787215289,5673010.46939679
6.23718745297274e-05,79.1524359244992,491737.787215289,5673010.46939679
6.40075192796346e-05,79.1524359244992,492237.787215289,5673010.46939679
5.47996520480094e-05,79.1524359244992,492737.787215289,5673010.46939679
0.000101997747272434,79.1524359244992,493237.787215289,5673010.46939679
0.000180268132996643,79.1524359244992,493737.787215289,5673010.46939679
0.000304463632273824,79.1524359244992,494237.787215289,5673010.46939679
0.000449928562151411,79.1524359244992,494737.787215289,5673010.46939679
0.000728858547043636,79.1524359244992,495237.787215289,5673010.46939679
0.000728858547043636,79.1524359244992,495737.787215289,5673010.46939679
0.000657165044156448,79.1524359244992,496237.787215289,5673010.46939679
0.000658375054696861,79.1524359244992,496737.787215289,5673010.46939679
0.000641550973498209,79.1524359244992,497237.787215289,5673010.46939679
0.000641550973498209,79.1524359244992,497737.787215289,5673010.46939679
0.000775827925806881,79.1524359244992,498237.787215289,5673010.46939679
0.00060890659247627,79.1524359244992,498737.787215289,5673010.46939679
0.000821787325392721,79.1524359244992,499237.787215289,5673010.46939679
0.000758540480987121,79.1524359244992,499737.787215289,5673010.46939679
0.000832656336588088,79.1524359244992,500237.787215289,5673010.46939679
0.000742082372578775,79.1524359244992,500737.787215289,5673010.46939679
0.00264589059310844,79.1524359244992,486237.787215289,5673510.46939679
0.00176134544670484,79.1524359244992,486737.787215289,5673510.46939679
0.00173787021774125,79.1524359244992,487237.787215289,5673510.46939679
0.00132847117419104,79.1524359244992,487737.787215289,5673510.46939679
0.00122978565739163,79.1524359244992,488237.787215289,5673510.46939679
0.000581116539649105,79.1524359244992,488737.787215289,5673510.46939679
0.00084156440627672,79.1524359244992,489237.787215289,5673510.46939679
0.00072026840473953,79.1524359244992,489737.787215289,5673510.46939679
0.000489698571460821,79.1524359244992,490237.787215289,5673510.46939679
0.000298798452167225,79.1524359244992,490737.787215289,5673510.46939679
0.000453110401143646,79.1524359244992,491237.787215289,5673510.46939679
0.000157673263879716,79.1524359244992,491737.787215289,5673510.46939679
0.000135598464116173,79.1524359244992,492237.787215289,5673510.46939679
5.92249084843551e-05,79.1524359244992,492737.787215289,5673510.46939679
0.000124444318574825,79.1524359244992,493237.787215289,5673510.46939679
0.000141824441090002,79.1524359244992,493737.787215289,5673510.46939679
0.000480676915664306,79.1524359244992,494237.787215289,5673510.46939679
0.000769000393831344,79.1524359244992,494737.787215289,5673510.46939679
0.000794060543430838,79.1524359244992,495237.787215289,5673510.46939679
0.00074790277268525,79.1524359244992,495737.787215289,5673510.46939679
0.00074790277268525,79.1524359244992,496237.787215289,5673510.46939679
0.000848911456831874,79.1524359244992,496737.787215289,5673510.46939679
0.000911868305858939,79.1524359244992,497237.787215289,5673510.46939679
0.000838969224205359,79.1524359244992,497737.787215289,5673510.46939679
0.000845902687138567,79.1524359244992,498237.787215289,5673510.46939679
0.000775885918635327,79.1524359244992,498737.787215289,5673510.46939679
0.000888906827002095,79.1524359244992,499237.787215289,5673510.46939679
0.00148323400232938,79.1524359244992,488237.787215289,5674010.46939679
0.00100086937849243,79.1524359244992,488737.787215289,5674010.46939679
0.000896869489853479,79.1524359244992,489237.787215289,5674010.46939679
0.000717912099119541,79.1524359244992,489737.787215289,5674010.46939679
0.000416823915432062,79.1524359244992,490237.787215289,5674010.46939679
0.000166969371964837,79.1524359244992,490737.787215289,5674010.46939679
0.000170673187962907,79.1524359244992,491237.787215289,5674010.46939679
0.00044300419871814,79.1524359244992,491737.787215289,5674010.46939679
0.000134493616356086,79.1524359244992,492237.787215289,5674010.46939679
0.000388715479585639,79.1524359244992,492737.787215289,5674010.46939679
