7.930158997906178
5.469282229997316
4.368779981890908
3.7223373653037384
3.2889106454615833
2.9892041089303065
2.7537268859162665
2.5613867767282503
2.4009255237660403
2.264598539047073
2.1385605501360034
2.0387915475583283
1.9603597684401237
1.8884075553214843
1.8137055925245895
1.7479233848969653
1.690283495448898
1.6311811434993753
1.5854361624222946
1.5421929117175248
1.5037470625522842
1.4678892959794978
1.434726607188861
1.4041867978080742
1.375537447758653
1.3487128489303177
1.3239005697934485
1.3003372488877096
1.2780499321590488
1.2572419390245941
1.2371678352524893
1.2182719108374231
1.200345095827202
1.183245330761444
1.1669100025831745
1.1510757451480464
1.1342546484838285
1.1195720716658446
1.1055323559308459
1.0915288623220867
1.0782102006228311
1.0627657317919958
1.0500745117346009
1.038563732695253
1.0274971535371313
1.0167273831240013
1.0058278437266612
0.9950969711947462
0.9845679618900947
0.9750435515678282
0.9654042219265879
0.9566626878504205
0.9474295305876608
0.9384675430418008
0.9289069272309319
0.9209840910842262
0.9133349825712849
0.9053801582881411
0.8981988139208982
0.8912572886591186
0.8837709207218853
0.8771077743122448
0.8706846172474372
0.8643163693501721
0.8576560922591623
0.8512053586350186
0.8449572126041026
0.839138175212234
0.8335383987102428
0.827301325233466
0.8211144723868504
0.8152698115902128
0.8099597176110243
0.8047827131913439
0.7997447062142478
0.7948295093391877
0.7900554461961323
0.7853743795687598
0.7808334039321565
0.7763605511582405
