5.03953482564242
3.2245834878574704
2.629706220966969
2.2560346181420363
1.9829333430984353
1.7958474410642835
1.6558154377780259
1.5490526872661092
1.455775534350126
1.378833262692494
1.3139499861005555
1.2516886281780197
1.2014537111095556
1.158881393722265
1.11589580242878
1.0802060521407821
1.048117409904663
1.014540932819262
0.9873943249049368
0.9626264078934907
0.9401939050247139
0.915482916091578
0.89288719785377
0.8733856459843405
0.8534084551731865
0.8369238429083348
0.8220632157003516
0.8065979898197486
0.7921373052158062
0.7795784577975382
0.7676543539613887
0.7557861070365093
0.7452559901892102
0.7348361670617244
0.7251042301328615
0.7143598834193952
0.7035275456082888
0.6925214691065184
0.6842739594365054
0.67629049932514
0.6685681845141834
0.6611548315135197
0.6541393170494416
0.6468345596527953
0.6402344586163609
0.6340072212831224
0.6272097354625997
0.6209613099217447
0.615316912249646
0.609832744380507
0.6045388797462985
0.5991221053786318
0.5940977510579358
0.5890866769504937
0.5842968502187624
0.5792268242534696
0.5744659954266693
0.5699326483565976
0.5650367229328669
0.5607734091802956
0.5567526100615077
0.5527663067950969
0.548974286875324
0.5452960113830525
0.541737193919276
0.538303241151129
0.5344290791588436
0.5308485495594022
0.5275537009745548
0.5243151369436168
0.5208796869276731
0.5173833629347342
0.5144438035667986
0.5115956918313291
0.5085892017818177
0.5055818140505954
0.5023957494070616
0.49947278647496846
0.49676697124602454
0.4938742082477018
