"individual","occasion","trap_id"
9,1,1
5,4,1
2,5,1
5,5,1
2,1,2
2,2,2
15,3,3
2,4,3
18,4,3
5,2,4
4,4,4
5,4,4
18,4,4
15,3,5
15,5,5
8,1,6
1,2,6
8,2,7
8,5,7
5,5,8
8,3,9
2,2,10
17,2,10
18,2,11
21,3,11
4,5,11
18,5,11
18,2,12
45,5,12
18,4,13
21,4,13
5,1,14
21,3,14
25,3,14
18,3,15
25,3,15
45,4,15
25,1,16
26,2,16
26,3,16
18,2,17
18,4,17
21,4,17
41,5,17
4,1,19
15,1,19
9,2,21
15,4,21
9,5,21
4,3,22
21,1,24
8,2,24
15,3,24
26,2,25
18,3,25
4,5,25
5,3,26
21,2,27
9,3,27
18,3,27
18,3,29
2,3,30
5,4,30
9,5,34
2,1,35
5,1,35
5,2,35
15,2,35
18,1,37
17,2,37
43,4,37
15,5,37
52,1,38
58,2,38
52,1,39
57,1,39
57,3,39
64,3,39
68,3,39
62,4,39
45,5,39
57,1,40
52,2,40
57,2,40
41,3,40
62,1,41
59,2,41
55,3,41
55,5,41
41,1,42
52,1,43
32,3,43
45,4,43
57,4,43
52,5,43
55,5,43
52,2,44
62,2,44
52,3,44
57,5,44
57,3,45
60,2,46
57,3,46
62,3,46
45,4,46
38,1,47
57,1,47
57,2,47
60,2,47
52,3,47
64,5,47
57,3,48
55,5,48
62,1,49
68,2,49
41,5,49
57,5,49
62,5,49
57,1,50
43,2,51
49,3,51
38,5,51
41,4,52
51,4,52
52,3,53
62,5,53
52,1,54
57,3,54
62,4,54
62,5,54
64,5,54
59,1,55
57,1,56
60,2,56
62,4,56
64,4,56
52,5,56
55,5,56
68,5,56
70,5,56
60,1,57
49,3,57
52,3,57
45,4,57
38,5,57
60,5,57
62,5,57
62,1,58
45,2,58
43,3,58
43,5,58
52,5,58
59,5,58
69,1,59
45,5,59
52,5,59
55,5,59
60,1,60
52,2,60
53,4,60
62,1,61
68,3,61
51,1,62
58,1,62
65,1,62
64,3,62
58,4,62
51,3,63
58,5,63
61,5,63
47,3,64
54,2,65
54,3,65
49,4,65
61,4,65
47,1,66
49,1,66
51,1,66
49,2,66
45,5,66
62,5,66
53,1,67
54,1,67
62,5,67
52,1,68
51,2,68
53,2,68
54,2,68
49,3,68
53,4,68
58,4,68
45,1,69
57,2,69
38,3,69
57,5,69
52,3,70
69,3,70
55,5,70
45,3,71
60,3,71
42,1,72
57,5,72
49,1,73
45,2,73
62,3,73
52,1,74
45,4,74
51,4,74
52,1,75
41,4,75
59,2,76
62,2,76
45,1,77
49,1,77
58,2,77
42,1,78
59,1,78
42,3,78
52,3,78
49,4,78
52,2,79
60,2,79
52,3,79
45,5,79
52,5,79
59,5,79
54,1,80
43,2,80
53,2,80
52,2,81
52,4,81
60,5,81
62,1,82
45,2,82
41,4,82
52,2,83
49,3,83
51,3,83
45,4,83
49,4,83
51,4,83
51,5,83
60,3,84
59,4,84
52,1,85
51,2,85
59,2,85
60,2,85
53,3,85
49,4,85
51,4,85
54,4,85
53,5,85
46,2,86
26,3,86
26,4,86
21,1,87
25,3,87
15,5,87
18,5,87
21,3,88
21,4,88
15,5,88
21,5,88
25,1,89
47,1,89
26,2,89
42,4,90
25,5,90
26,5,90
13,1,91
49,4,91
26,2,92
26,3,92
25,5,92
26,5,92
51,1,93
26,3,93
15,1,94
47,1,94
49,1,94
42,2,94
42,4,94
26,5,94
53,5,94
26,1,95
47,1,95
49,3,95
49,4,95
21,2,96
47,2,96
51,2,96
25,3,96
49,3,96
25,5,96
26,2,97
46,2,97
51,4,97
42,1,98
21,2,98
51,2,98
54,2,98
45,3,98
47,1,99
41,2,99
51,2,99
42,5,99
51,1,100
59,2,100
49,4,100
51,1,101
42,2,101
49,2,101
49,3,101
52,4,101
47,5,101
53,5,101
51,1,102
51,4,102
58,4,102
53,5,102
47,1,103
49,2,103
51,2,103
52,2,103
61,2,103
51,4,103
51,5,103
52,3,104
49,1,105
51,1,105
26,2,105
51,3,105
45,4,105
49,2,106
41,4,106
49,1,107
26,2,107
49,2,107
53,2,107
42,3,107
47,3,107
53,3,107
49,4,107
42,5,107
43,3,108
53,3,108
42,4,108
65,4,108
25,5,108
49,1,109
52,1,109
53,1,109
47,3,109
49,3,109
47,4,109
64,4,109
49,5,109
47,4,110
62,1,111
47,2,111
69,3,111
47,5,111
51,1,112
59,1,112
51,2,112
51,3,112
53,5,112
58,5,112
42,1,113
47,2,113
51,2,113
42,3,113
51,5,113
49,2,114
54,2,114
49,4,114
51,4,114
49,5,114
53,2,115
53,4,115
60,5,115
59,2,116
60,2,116
49,3,116
59,3,116
59,4,116
48,1,117
59,2,117
54,3,117
59,4,117
49,5,117
62,5,117
45,1,118
49,3,119
54,3,119
62,3,119
65,3,119
58,4,119
49,5,119
51,5,119
49,2,120
51,2,120
51,3,120
43,4,120
49,4,120
49,5,120
57,1,121
42,2,121
47,4,121
42,2,122
51,2,122
58,2,122
59,2,122
53,3,122
64,3,122
47,4,122
52,4,122
51,4,123
58,5,123
47,1,124
66,1,124
49,2,124
49,4,124
58,4,124
59,4,124
60,5,124
47,2,125
26,3,125
42,3,125
51,3,125
49,4,125
58,4,125
59,4,125
47,1,126
54,1,126
49,2,126
59,3,126
66,5,126
51,1,127
53,1,127
54,1,127
49,2,127
53,2,127
60,2,127
61,3,127
26,4,127
45,1,128
58,1,128
49,2,128
52,2,128
49,4,128
53,4,128
48,5,128
49,1,129
59,1,129
51,2,129
58,3,129
53,4,129
58,4,129
51,5,129
58,5,129
47,1,130
42,2,130
60,2,130
42,3,130
41,4,130
49,1,131
41,2,131
52,2,131
51,5,131
38,1,132
49,1,132
38,2,132
52,4,132
48,5,132
26,3,133
25,1,134
38,4,134
42,4,134
54,4,134
25,5,134
47,1,135
21,2,135
21,3,135
42,3,135
12,2,136
26,2,136
15,5,136
26,5,136
49,1,137
54,2,137
43,4,137
25,1,138
26,1,138
49,1,138
25,3,138
26,3,138
25,4,138
15,5,138
26,5,138
41,2,139
26,4,139
15,1,140
25,3,140
47,3,140
15,5,140
17,5,140
25,5,140
42,2,141
42,3,141
15,4,141
26,4,141
42,4,141
26,1,142
15,2,142
49,2,142
49,3,142
28,4,142
15,4,143
18,3,144
51,3,144
15,4,145
18,5,145
25,5,145
43,5,145
21,2,146
21,4,146
49,1,147
41,4,147
42,4,147
21,1,148
26,1,148
42,1,148
51,1,148
26,4,148
18,5,148
26,3,149
18,4,149
25,4,149
25,1,150
26,3,150
21,4,150
26,4,150
49,4,150
25,5,150
18,1,151
21,2,151
26,3,151
49,3,151
26,4,151
25,5,151
49,5,151
48,1,152
25,2,152
26,2,152
18,5,152
42,5,152
51,1,153
25,5,153
42,2,154
25,3,154
51,4,154
52,2,155
38,3,155
45,1,156
30,2,156
18,4,156
58,4,156
45,2,157
49,3,157
45,3,158
21,2,159
41,4,159
47,4,159
51,5,159
42,2,160
52,2,160
51,4,160
42,5,160
52,5,160
26,1,161
42,1,161
42,4,161
49,4,161
38,5,161
45,5,161
47,5,161
52,5,161
41,1,162
49,1,162
49,2,162
47,3,162
45,4,162
42,5,162
53,5,162
51,2,163
42,3,163
49,3,163
51,3,163
52,1,164
42,2,164
52,4,164
47,5,164
52,5,164
53,5,164
51,2,165
48,3,165
49,3,165
45,4,165
51,4,165
49,3,166
52,3,166
49,5,166
54,5,166
42,1,167
45,3,167
57,3,167
42,4,167
48,4,167
42,2,168
47,4,168
51,1,169
42,2,169
38,3,169
42,4,169
59,4,169
45,5,170
49,5,170
38,1,171
42,1,171
42,3,171
49,3,171
52,3,171
41,4,171
42,4,171
57,1,172
41,2,172
41,3,172
42,4,172
51,5,172
52,5,172
42,1,173
49,4,173
51,4,173
52,4,173
47,2,174
59,2,174
51,4,174
45,5,174
48,5,174
49,5,174
52,1,175
51,3,175
42,5,175
49,5,175
53,5,175
18,1,176
45,2,176
49,3,176
51,3,176
52,4,176
47,5,176
52,5,176
68,1,177
47,4,177
49,4,177
41,1,178
49,1,178
58,1,178
42,5,178
42,1,179
47,1,179
57,2,179
41,3,179
42,3,179
45,3,179
26,2,180
49,2,180
60,2,180
49,3,180
45,5,180
49,4,181
47,5,181
49,5,181
54,5,181
51,1,182
47,2,182
59,2,182
59,3,182
49,5,182
51,5,183
25,1,184
42,1,184
59,1,184
49,2,184
43,3,184
59,5,184
52,2,185
54,2,185
51,3,185
69,4,185
42,5,185
42,3,186
43,4,186
47,4,186
20,5,186
47,5,186
59,2,187
60,2,187
62,2,187
42,3,187
48,3,187
52,3,187
58,3,187
60,3,187
47,5,187
42,2,188
42,3,188
61,3,188
46,4,188
51,4,188
49,5,188
47,2,189
51,2,189
54,2,189
51,3,189
51,4,189
41,5,189
47,5,189
51,5,189
26,1,190
53,3,190
42,4,190
47,3,191
49,5,191
21,1,192
21,5,192
47,5,192
15,3,193
42,3,193
49,5,193
26,5,194
42,5,194
43,2,195
49,2,195
21,4,195
21,1,196
26,1,196
47,1,196
26,2,196
25,3,196
54,5,196
25,1,197
47,1,197
26,2,197
26,3,197
25,5,197
38,5,197
49,5,197
38,1,198
47,1,198
25,3,198
26,4,198
49,1,199
47,2,199
42,3,199
25,5,199
51,5,199
47,1,200
54,1,200
26,2,200
52,4,200
49,5,200
52,2,201
51,4,201
15,5,201
51,5,201
21,2,202
18,3,202
43,3,202
45,3,202
47,5,202
25,2,203
51,2,203
51,3,203
26,4,203
42,4,203
43,4,203
41,5,203
53,5,203
26,1,204
51,2,204
49,3,204
49,2,205
42,4,205
47,4,205
41,1,206
42,2,206
42,3,206
49,5,206
47,1,207
47,2,207
26,4,207
42,4,207
49,4,207
51,5,207
41,2,208
42,2,208
47,1,209
38,2,209
42,3,209
42,4,209
31,5,209
41,5,209
49,1,210
51,1,210
49,2,210
42,3,210
42,4,210
25,4,211
25,5,211
26,5,211
28,5,211
45,5,211
25,1,212
42,1,212
21,1,213
42,1,213
42,2,213
42,5,213
25,1,214
26,2,214
15,3,214
21,3,214
42,3,214
47,3,214
51,3,214
52,5,214
51,1,215
25,3,215
41,3,215
47,3,215
41,4,215
42,5,215
32,1,216
41,4,216
49,4,216
18,5,216
47,2,217
59,3,217
42,5,217
47,5,217
52,5,217
49,2,218
42,3,218
26,4,218
49,4,218
45,5,218
54,1,219
51,5,219
42,2,220
51,5,220
58,1,221
52,2,221
21,3,221
42,5,221
59,1,222
42,4,222
26,5,222
45,5,222
49,1,223
59,1,223
60,1,223
54,2,223
59,2,223
62,2,223
52,4,223
58,4,223
42,5,223
52,1,224
42,3,224
52,3,224
62,3,224
51,4,224
45,5,224
51,5,224
52,5,224
54,5,224
51,2,225
52,3,225
51,4,225
52,4,225
42,1,226
58,1,226
60,1,226
41,2,226
53,2,226
42,4,226
49,1,227
41,3,227
42,3,227
53,2,228
47,3,228
59,5,228
58,1,229
47,3,229
60,3,229
51,4,229
53,1,230
42,1,232
47,3,232
52,5,232
59,5,232
58,1,233
53,3,233
51,5,233
52,1,234
52,2,234
28,4,234
53,4,234
59,4,234
57,2,235
51,3,235
52,5,235
38,2,236
45,2,236
47,5,236
60,5,236
53,2,237
58,2,237
42,3,237
51,5,237
47,1,238
47,2,238
52,3,238
51,1,239
59,1,239
65,1,239
51,2,239
58,3,239
58,1,240
42,5,240
58,5,240
49,1,241
59,3,241
47,5,241
51,1,242
43,5,242
45,5,242
58,5,242
52,1,243
49,2,243
58,5,243
57,1,244
52,2,244
58,2,244
51,3,244
47,4,244
51,4,244
47,5,244
54,5,244
58,5,244
49,2,245
62,2,245
51,3,245
53,3,245
62,3,245
68,4,245
42,2,246
49,2,246
58,2,246
41,3,246
49,3,246
59,3,246
59,4,246
66,4,246
38,1,247
17,2,247
42,2,247
49,3,247
28,5,247
45,5,247
20,1,248
41,1,248
51,2,248
52,2,248
58,2,248
38,3,248
41,3,248
45,3,248
42,4,248
52,4,248
26,1,249
26,2,249
49,2,249
42,4,249
68,4,249
38,5,249
41,2,250
42,3,250
45,3,250
43,2,251
18,4,251
45,4,251
38,2,252
41,2,252
49,2,252
51,3,252
42,4,252
49,4,252
53,1,253
65,1,253
45,2,253
47,2,253
43,3,253
48,3,253
59,3,253
51,1,254
54,1,254
52,2,254
52,3,254
59,3,254
42,4,254
52,4,254
62,4,254
68,3,255
49,5,255
58,1,256
45,2,256
57,2,256
65,3,256
58,5,256
51,1,257
58,1,257
59,1,257
41,3,257
64,3,257
52,4,257
52,5,257
68,5,257
42,2,258
52,2,258
45,3,258
42,4,258
52,5,258
60,5,258
47,2,259
51,2,259
52,3,259
60,4,259
49,5,259
43,1,260
49,1,260
52,1,260
58,1,260
60,3,260
51,4,260
60,1,261
49,4,261
45,5,261
52,5,261
60,5,261
38,1,262
28,2,262
31,3,262
41,3,262
20,4,262
57,4,262
51,5,262
43,1,263
45,2,263
45,3,263
41,4,263
52,4,263
45,1,264
38,2,264
45,3,264
55,3,264
51,5,264
31,1,265
42,1,265
41,3,265
52,3,265
42,4,265
52,4,265
43,5,265
18,2,266
38,3,266
41,3,266
38,4,266
45,5,266
28,2,267
38,2,267
51,2,267
60,3,267
25,4,267
42,5,267
58,5,267
41,1,268
43,1,268
21,2,268
42,2,268
38,3,268
41,3,268
43,3,268
38,4,268
43,5,268
28,1,269
38,1,269
42,1,269
43,1,269
45,1,269
41,4,269
52,4,269
62,4,269
47,5,269
52,5,269
45,1,270
52,1,270
42,3,270
41,4,270
52,4,270
42,5,270
41,1,271
52,2,271
18,5,271
58,1,272
51,2,272
60,2,272
45,3,272
52,3,272
41,5,272
41,1,273
42,1,273
52,1,273
52,2,273
51,4,273
41,1,274
52,1,274
43,2,274
41,3,274
57,1,275
51,2,275
52,4,275
38,5,275
51,2,277
51,3,277
45,4,277
51,5,277
38,1,278
42,1,278
45,1,278
49,1,278
45,2,278
62,2,278
66,2,278
45,4,278
41,1,279
41,4,279
47,5,279
32,1,280
38,1,280
42,1,280
38,3,280
41,5,280
52,5,280
52,2,281
41,3,281
49,4,281
38,5,281
42,1,282
45,2,282
52,4,282
51,1,283
43,2,283
51,2,283
64,2,283
41,3,283
45,4,283
48,4,283
52,5,283
25,3,284
38,3,284
51,4,284
52,4,284
58,4,284
41,1,285
42,2,285
57,5,285
38,3,286
43,3,286
42,4,286
48,5,286
26,1,287
18,2,287
52,2,287
52,4,287
31,5,287
51,5,287
38,2,288
42,4,288
59,5,288
47,1,289
49,2,289
52,5,289
42,2,290
49,2,290
52,4,290
52,5,290
41,1,291
38,2,291
43,2,291
52,2,291
62,5,291
41,1,292
51,3,292
51,4,292
42,5,292
52,5,292
30,1,293
30,2,293
45,4,293
31,5,293
38,5,293
43,5,293
45,5,293
28,1,294
45,4,294
13,5,294
28,1,295
42,1,295
45,1,295
43,2,295
45,3,295
38,4,295
43,5,295
18,1,296
45,1,296
52,2,296
41,3,296
38,4,296
42,4,296
43,5,296
20,1,297
43,1,297
38,3,297
43,5,297
32,1,298
45,2,298
41,4,298
43,4,298
45,4,298
30,5,298
32,2,299
38,2,299
42,2,299
42,5,299
45,5,299
55,5,299
52,1,300
55,2,300
38,3,300
28,5,300
45,1,301
20,2,301
38,2,301
43,2,301
45,3,301
18,5,301
32,1,302
45,1,302
38,2,302
28,3,302
45,3,302
32,4,302
15,1,303
41,1,303
34,2,303
41,2,303
15,3,303
38,5,303
41,1,304
45,1,304
38,2,304
41,2,304
42,2,304
20,3,304
45,3,304
38,4,304
38,5,304
32,5,305
45,5,305
28,1,306
45,1,306
41,3,306
41,4,306
43,4,306
52,4,306
31,5,306
41,5,306
42,1,307
43,2,307
45,2,307
42,4,307
55,4,307
13,5,307
57,5,307
43,2,308
45,2,308
38,3,308
43,3,308
41,5,308
43,5,308
38,1,309
45,2,309
18,3,309
31,3,309
15,4,309
32,5,309
32,1,310
38,1,310
45,4,310
55,4,310
45,1,311
42,2,311
43,2,311
41,3,311
45,3,311
32,1,312
38,1,312
45,1,312
28,2,312
32,2,312
38,4,312
45,4,312
52,4,312
18,5,312
43,4,313
38,5,313
43,5,313
42,1,314
18,2,314
41,2,314
43,3,314
58,4,314
31,5,314
43,5,314
31,2,315
45,3,315
38,4,316
38,5,316
41,2,317
45,2,317
41,5,317
45,5,317
52,5,317
41,2,318
28,4,318
41,4,318
28,5,318
38,1,319
52,1,319
34,2,319
28,3,319
32,5,319
17,2,320
52,2,320
38,3,320
38,1,321
28,2,321
38,2,321
52,2,321
30,4,321
43,4,321
45,4,321
38,5,321
45,1,322
31,2,322
43,2,322
45,5,322
51,5,322
52,5,322
20,1,323
31,1,323
41,1,323
32,2,323
38,2,323
45,1,324
52,1,324
41,2,324
45,2,324
41,3,324
38,5,324
52,5,324
52,1,325
28,2,325
31,2,325
41,2,325
62,2,325
42,5,325
41,1,326
26,2,326
45,2,326
64,4,326
47,5,326
42,1,327
32,2,327
45,2,327
31,3,327
38,3,327
41,4,327
28,5,327
42,5,327
45,2,328
32,3,328
41,3,328
42,3,328
38,5,328
32,1,329
41,1,329
43,1,329
43,2,329
52,2,329
42,4,329
43,4,329
45,5,329
45,3,330
38,4,330
32,1,331
38,3,331
42,3,331
43,3,331
45,3,331
28,4,331
42,4,331
38,5,331
43,2,332
38,4,332
45,5,332
45,1,333
52,1,333
41,3,333
38,5,333
42,5,333
52,1,334
41,2,334
49,3,334
42,5,334
32,1,335
41,1,335
45,2,335
43,3,335
38,5,335
28,3,336
41,3,336
41,4,336
42,2,337
38,3,337
32,3,338
41,3,338
17,4,338
52,4,338
42,5,338
43,5,338
59,2,339
15,3,339
45,4,339
45,5,339
47,5,339
51,5,339
49,1,340
41,3,340
43,3,340
41,4,340
43,5,340
21,1,341
26,1,341
25,2,341
10,4,341
21,4,341
25,4,341
42,5,341
15,1,342
26,1,342
21,2,342
21,2,344
21,5,344
25,1,345
21,3,345
26,4,345
4,1,346
26,2,346
18,3,346
18,1,347
15,3,347
3,4,347
25,4,347
26,5,347
18,4,348
4,2,350
18,2,350
18,4,351
4,5,351
5,5,351
15,5,351
8,2,352
8,4,353
1,1,354
12,3,354
8,2,355
5,2,356
21,1,357
8,4,357
15,4,357
15,1,358
15,2,358
21,3,358
8,4,359
5,5,359
15,3,360
8,4,361
4,1,362
15,1,362
15,3,362
8,1,363
25,3,363
8,3,364
12,3,364
5,1,365
21,3,365
12,4,365
5,5,365
12,3,366
15,3,366
8,2,367
21,5,367
18,1,368
5,1,369
25,3,369
25,1,370
21,2,370
26,2,370
4,4,370
15,5,370
15,1,372
21,1,372
18,2,372
15,3,372
12,4,372
26,1,373
21,2,373
25,3,373
26,3,373
46,1,374
15,3,374
21,1,375
26,2,376
15,3,376
15,4,376
41,1,377
12,2,377
15,2,377
25,2,378
26,2,378
26,1,379
48,2,379
26,4,379
21,5,379
26,2,380
25,5,380
26,5,380
25,5,381
21,2,382
25,2,382
26,2,382
12,1,383
15,1,383
18,1,383
26,4,383
26,2,384
48,4,384
26,5,384
51,5,384
49,1,385
51,1,385
25,2,385
21,3,385
25,4,385
26,5,385
26,1,386
51,1,386
21,2,386
58,2,386
26,5,386
46,5,386
26,1,387
46,2,387
26,3,387
25,5,387
46,2,388
18,3,388
42,3,388
49,3,388
25,4,388
47,4,388
43,5,388
42,1,389
15,2,389
25,2,389
43,3,389
18,4,389
21,5,389
25,5,389
21,1,390
21,5,390
41,2,391
42,2,391
21,3,391
47,3,391
26,4,391
25,5,391
42,5,391
26,1,392
26,2,392
49,3,392
15,1,394
5,1,395
15,4,395
18,4,395
8,1,397
8,3,398
15,3,399
5,1,400
4,5,400
8,3,401
8,1,402
4,1,403
8,3,404
8,2,406
15,2,406
5,2,407
15,5,407
21,5,407
21,5,408
9,1,409
15,1,409
12,3,409
4,4,409
21,1,410
5,3,410
15,3,410
5,1,411
25,1,411
21,4,411
5,1,413
18,1,414
21,2,415
18,3,416
18,5,416
5,1,417
21,2,417
25,4,417
18,4,418
21,4,418
15,4,419
21,4,420
26,4,420
8,2,421
15,3,421
15,5,421
18,2,422
26,2,423
21,5,423
26,5,423
26,1,424
8,2,424
26,3,425
15,4,425
15,5,425
25,5,425
4,3,426
15,3,426
42,3,426
15,5,427
15,3,428
42,3,429
18,3,430
5,3,431
18,1,432
15,2,432
26,5,432
21,3,434
26,2,435
25,3,436
21,5,436
18,1,437
25,3,437
26,5,437
8,4,438
15,4,438
15,2,439
8,4,439
18,5,439
4,4,441
26,4,441
26,1,442
21,3,443
18,4,443
1,5,444
15,1,446
25,1,446
15,2,446
42,5,446
42,2,447
21,5,448
25,4,449
26,4,449
42,4,449
26,2,450
21,3,450
15,4,450
21,4,450
18,1,452
25,2,452
4,3,452
41,5,452
49,1,453
15,2,453
46,2,453
21,3,453
25,3,453
41,4,453
49,1,454
26,4,454
21,3,455
42,3,455
25,4,455
26,4,455
25,1,456
47,1,456
15,2,456
26,2,456
12,3,456
18,3,456
42,3,456
43,2,457
31,4,457
15,1,458
15,2,458
52,2,458
47,5,458
18,1,459
21,2,459
26,2,459
13,4,459
18,4,459
42,5,459
15,3,460
18,1,461
26,2,461
42,2,461
18,4,461
47,4,461
51,4,461
21,5,461
49,1,462
51,1,462
15,4,462
18,4,462
49,4,462
26,5,462
42,1,463
15,4,463
25,4,463
12,5,463
45,5,463
42,1,464
47,2,464
25,3,464
26,4,464
26,5,464
18,1,465
15,2,466
47,2,466
54,2,466
15,3,466
15,3,467
18,3,467
26,4,467
18,5,467
15,1,468
18,1,468
18,3,468
21,4,468
21,5,468
5,1,469
18,1,469
25,1,469
15,3,469
26,5,469
21,1,470
26,1,470
28,1,470
15,1,471
25,1,471
26,4,471
15,5,471
18,3,472
18,5,472
26,1,473
21,4,473
18,2,474
18,4,474
15,1,475
32,2,475
15,1,476
15,4,476
21,5,476
25,5,476
15,5,477
15,1,478
21,2,478
25,3,478
15,3,480
12,4,480
15,1,481
25,1,481
12,3,481
26,4,481
26,1,482
42,2,483
5,4,483
15,4,484
21,4,484
5,3,485
15,3,485
18,4,485
15,5,485
18,1,486
15,2,486
15,4,486
15,5,486
18,5,486
21,5,486
42,1,487
25,3,487
26,3,487
25,1,488
18,2,488
25,2,488
21,5,488
15,1,489
18,3,489
25,5,489
15,3,490
21,2,491
25,2,491
25,3,491
25,4,491
15,5,491
18,2,492
25,2,492
26,1,493
25,2,493
26,5,493
18,3,494
15,4,494
21,4,494
15,5,494
18,3,495
5,4,495
4,4,496
15,1,497
25,4,497
15,5,497
25,2,498
15,4,498
26,4,498
26,1,499
17,5,499
8,1,501
15,2,501
18,3,501
18,2,502
21,1,503
15,2,503
9,3,503
17,5,503
26,5,503
26,2,504
18,3,504
41,3,505
5,2,506
15,2,506
26,1,507
10,2,507
15,2,507
15,3,508
18,5,508
18,2,509
21,3,509
4,3,510
21,4,510
5,4,511
8,4,511
5,1,512
9,1,512
4,2,514
5,2,515
1,3,515
9,4,515
15,3,516
5,1,517
18,3,517
8,5,517
17,2,518
18,3,518
15,5,518
18,5,518
8,1,519
18,4,519
28,4,519
25,5,519
5,4,520
18,1,521
15,3,521
4,1,522
15,2,522
9,1,523
4,2,523
15,3,523
15,5,523
5,3,524
15,5,524
18,2,525
26,5,525
4,1,526
5,1,528
8,5,528
4,4,529
18,4,529
15,1,531
15,1,532
4,3,532
15,3,532
18,3,532
5,2,533
15,5,533
15,2,534
15,3,534
41,5,534
30,2,535
15,3,535
18,4,535
15,5,535
5,2,536
17,3,536
5,4,536
18,4,536
8,4,538
17,1,539
18,2,541
15,5,541
15,3,542
18,5,543
26,2,544
4,5,544
15,1,545
4,3,545
5,3,546
18,3,546
5,3,547
15,5,547
18,1,548
18,2,548
25,4,548
9,5,548
17,5,549
18,4,551
5,2,552
5,3,552
18,3,552
18,5,552
5,4,554
18,4,554
15,5,555
18,2,556
15,4,556
18,4,556
38,4,556
18,3,558
15,4,558
9,5,558
18,5,558
17,1,559
15,4,559
41,4,559
17,1,562
15,2,562
38,2,562
15,5,562
15,1,563
18,2,563
38,2,563
9,5,563
15,5,563
18,5,563
13,1,564
18,1,564
18,2,564
42,5,564
15,3,565
31,3,565
38,3,565
42,3,565
17,4,565
32,1,566
15,2,567
18,3,567
15,2,568
15,3,568
18,3,568
4,4,568
15,2,569
5,3,569
21,3,570
15,5,570
15,1,571
5,2,571
25,2,571
15,3,571
4,2,572
15,4,572
8,5,572
41,5,572
4,2,573
15,4,574
18,4,574
15,3,575
26,4,575
18,5,575
17,3,576
18,4,576
32,5,576
15,4,577
18,5,577
25,1,579
25,5,579
18,1,580
18,3,580
13,4,581
18,5,582
15,1,583
25,2,583
18,2,584
20,4,584
15,5,584
26,1,585
25,4,585
42,1,586
52,1,586
30,2,586
43,2,586
13,3,586
18,1,587
9,2,587
42,2,587
45,2,587
42,4,587
18,3,588
41,3,588
15,4,588
28,4,589
42,5,589
15,1,590
13,2,590
13,4,590
18,4,590
18,2,591
15,4,591
18,4,591
21,4,591
2,2,592
13,2,593
20,2,593
41,4,593
5,2,594
15,3,594
18,3,594
25,1,595
17,2,595
18,2,595
31,1,597
18,5,597
9,4,598
2,1,600
9,1,600
9,2,600
13,5,600
9,2,601
13,5,601
32,4,602
18,1,603
5,2,603
15,3,603
18,2,604
18,5,604
28,1,606
17,4,606
15,5,606
18,2,607
18,1,608
9,2,608
9,3,608
13,4,608
5,3,609
41,5,609
45,5,609
6,3,610
21,5,610
18,3,611
8,4,611
9,1,612
17,4,612
9,5,612
15,1,614
9,4,614
17,4,614
15,3,615
15,4,615
18,1,616
5,1,617
15,1,617
18,4,617
38,3,618
26,4,619
15,4,620
9,5,622
17,2,623
17,4,623
15,5,623
9,1,624
15,2,624
4,3,624
15,3,624
2,1,625
2,5,625
9,4,626
9,5,626
9,5,627
15,5,628
9,1,629
9,2,629
9,5,629
21,1,630
18,3,630
13,4,630
9,5,630
9,2,631
9,3,631
15,3,631
17,3,631
9,1,632
9,2,632
9,1,634
15,3,634
15,2,635
9,3,635
13,4,636
15,4,637
9,5,637
4,1,638
17,2,638
32,2,638
2,4,638
9,5,638
13,2,639
2,2,641
9,4,641
9,2,642
20,2,642
13,1,643
18,2,643
9,3,644
18,3,644
15,3,645
15,5,645
13,2,646
26,2,646
13,4,646
13,1,647
17,2,647
17,3,647
17,2,648
26,3,649
13,4,649
15,1,651
15,2,651
2,5,651
20,1,652
38,1,652
45,1,652
47,1,652
41,2,652
43,2,652
45,2,652
41,3,652
17,4,652
32,4,652
41,4,652
43,4,652
38,5,652
43,5,652
55,1,653
38,2,653
30,3,653
42,5,653
38,2,654
45,2,654
26,3,654
32,3,654
41,3,654
45,3,654
18,5,654
52,5,654
41,3,655
42,3,655
17,5,655
43,5,655
45,5,655
32,1,656
30,2,656
30,1,657
41,1,657
31,2,657
41,2,657
45,1,658
41,2,658
43,2,658
43,3,658
20,4,658
31,4,658
41,4,658
43,4,658
45,5,658
43,1,659
45,3,659
28,5,659
52,5,659
17,1,660
20,1,660
32,2,660
41,2,660
43,2,660
52,5,660
42,2,661
45,2,661
30,2,662
38,2,662
28,3,662
45,3,662
28,5,662
42,5,662
38,1,663
41,1,663
45,1,663
38,3,663
28,4,663
38,4,663
20,5,663
45,5,663
41,1,664
17,2,664
52,4,664
20,5,664
34,5,664
41,5,664
42,5,664
55,5,664
32,1,665
41,4,665
49,5,665
18,1,666
38,1,666
38,2,666
38,3,666
20,4,666
43,5,666
17,1,667
28,1,667
28,3,667
30,3,667
43,3,667
13,4,667
20,4,667
45,5,667
47,5,667
41,1,668
42,3,668
28,5,668
51,5,668
38,1,669
15,2,669
38,3,669
43,4,669
38,5,669
42,5,669
45,4,670
32,5,670
20,1,671
43,1,671
17,2,671
42,2,671
38,4,671
43,5,671
28,1,672
30,1,672
15,2,672
38,3,672
42,4,672
17,5,672
52,5,672
18,1,673
21,1,673
25,1,673
42,1,673
47,2,673
51,4,673
18,5,673
28,5,673
26,1,674
42,1,674
26,2,674
49,2,674
42,4,674
42,5,674
52,2,675
43,3,675
15,4,675
52,4,675
43,5,675
15,3,676
38,3,676
15,2,678
15,4,678
25,4,678
41,5,678
41,1,679
25,2,679
18,3,679
26,4,679
38,4,679
49,5,679
38,2,680
15,3,680
28,3,680
13,4,680
15,4,680
28,4,680
38,4,680
13,5,680
17,1,681
18,2,681
31,3,681
38,3,681
42,4,681
28,5,681
28,4,682
18,5,682
38,5,682
42,5,682
41,2,683
15,3,683
25,5,683
47,1,684
49,2,684
25,4,684
32,4,684
49,4,684
45,5,684
31,5,685
43,3,686
52,4,686
42,1,687
51,2,687
15,5,687
21,5,687
21,2,688
26,3,688
45,4,688
18,5,688
26,5,688
42,5,688
18,5,689
25,5,689
15,4,690
18,2,691
42,2,692
51,2,692
49,5,692
42,1,693
41,2,693
15,3,693
41,5,693
18,2,694
25,2,694
21,4,694
26,5,694
21,1,695
42,1,695
25,5,695
5,3,696
18,1,698
15,2,698
9,5,698
13,1,699
9,2,701
13,2,701
2,4,701
34,4,701
6,5,701
17,1,702
2,3,702
20,3,702
13,1,703
13,3,703
9,4,703
9,5,703
9,2,704
13,1,705
9,2,705
9,3,705
17,3,705
31,3,705
13,4,705
28,4,705
2,5,705
13,5,705
9,1,706
6,2,707
9,2,707
13,3,707
32,1,708
45,1,708
28,4,708
17,5,708
28,5,708
31,5,708
41,5,708
38,1,709
32,2,709
28,3,709
38,5,709
32,1,710
43,1,710
30,2,710
41,2,710
42,4,710
32,5,710
34,5,710
43,5,710
52,1,711
20,2,711
32,2,711
43,2,711
28,3,711
34,4,711
43,4,711
8,2,712
8,2,713
21,3,713
8,1,714
8,2,714
5,4,714
15,3,715
25,3,715
5,4,716
5,5,716
8,5,716
8,3,718
8,2,719
3,4,719
8,5,719
8,5,720
26,5,720
8,1,721
25,1,721
26,1,721
21,2,721
5,3,721
15,3,721
8,4,721
8,2,722
15,3,723
18,3,723
4,3,724
8,5,724
4,4,725
26,4,725
5,5,725
4,1,726
5,2,726
15,3,726
5,4,727
5,5,727
8,5,727
4,2,728
5,4,729
5,5,730
4,2,731
4,4,731
5,2,732
8,3,732
5,1,733
15,2,735
5,4,736
5,4,737
2,5,737
15,5,737
5,2,738
5,3,738
4,1,739
18,2,739
8,4,739
15,1,740
9,2,740
5,4,741
5,5,741
15,1,742
4,3,743
18,3,743
9,2,744
4,2,745
5,1,747
1,5,747
5,1,748
5,2,748
8,3,748
18,1,749
5,5,749
4,1,751
18,2,751
10,2,752
5,2,753
4,1,754
5,1,754
4,3,754
5,1,755
18,2,755
4,2,756
5,1,757
8,1,757
8,3,758
4,3,759
4,5,759
5,5,759
4,2,761
18,4,761
4,5,761
5,3,762
5,4,762
5,2,763
18,2,763
15,3,763
2,1,764
2,4,764
15,1,765
9,4,765
18,2,766
2,3,766
2,4,766
15,5,766
25,5,766
5,1,767
5,4,767
8,1,768
2,2,768
5,5,768
2,3,769
15,4,769
18,4,769
5,2,771
9,5,771
15,5,771
5,1,772
9,1,772
15,1,772
4,1,773
9,4,776
9,2,778
9,4,778
9,2,780
5,4,780
5,4,781
4,1,782
5,1,782
6,4,783
2,5,783
9,1,784
5,3,784
2,4,785
9,5,785
5,4,786
18,2,788
4,1,790
5,2,790
9,1,791
17,3,791
2,3,793
9,5,795
17,1,797
18,5,798
5,1,799
5,1,801
5,2,801
5,4,801
5,1,802
5,2,802
5,2,803
9,2,803
2,1,804
2,3,804
4,4,804
13,5,804
9,1,805
9,2,805
9,4,805
5,1,806
9,1,806
5,2,806
9,1,807
9,1,809
13,5,809
2,1,810
2,2,810
9,4,810
2,2,811
2,3,811
2,3,812
2,3,813
9,3,813
9,1,814
9,5,814
32,5,814
9,1,815
9,3,815
17,3,816
2,1,817
15,1,817
9,2,817
2,3,818
15,3,818
9,1,819
4,1,820
9,3,820
9,4,821
2,5,821
9,1,822
2,5,822
2,1,823
2,2,823
5,3,823
9,5,825
9,1,826
6,2,826
15,2,826
9,3,826
5,4,826
15,5,826
9,1,827
9,4,827
2,1,828
9,3,828
17,5,828
9,3,830
18,3,830
9,2,831
9,4,831
9,2,832
18,2,832
15,3,832
2,4,832
9,4,832
5,1,833
9,4,833
2,5,833
13,3,835
2,1,836
2,2,836
2,1,837
17,4,837
2,5,837
9,5,837
6,1,838
9,1,839
2,3,839
13,3,839
6,2,840
9,2,840
9,3,840
17,3,840
2,4,841
20,4,841
2,5,843
9,5,843
17,5,843
9,4,844
5,5,844
9,3,845
13,1,846
6,2,846
9,1,847
13,1,847
6,3,848
2,1,849
9,5,850
6,2,851
13,3,851
2,2,852
2,4,852
2,5,852
17,5,852
6,3,853
9,4,853
13,1,854
2,1,855
5,1,855
17,2,855
5,5,855
2,2,856
17,2,856
2,1,857
6,4,857
13,2,858
9,1,859
2,4,859
9,4,859
2,5,859
2,2,860
17,5,860
21,4,861
1,5,862
8,5,862
21,5,862
15,2,863
11,2,864
15,2,864
8,5,864
8,4,865
25,4,865
26,5,865
3,1,866
8,5,866
21,3,867
25,3,867
11,4,867
4,5,867
8,1,868
21,4,869
5,5,869
8,5,869
21,1,870
12,1,871
10,3,871
3,4,871
21,5,871
15,2,873
21,2,873
11,5,873
12,5,873
25,2,874
26,4,874
8,5,874
8,2,875
4,3,875
8,5,875
10,4,876
8,5,876
12,4,878
63,5,879
63,3,880
63,5,880
40,5,882
13,1,883
32,2,883
14,4,883
7,2,884
31,2,884
34,3,884
32,3,885
20,1,886
28,1,886
20,3,886
17,4,886
20,4,886
9,1,887
28,4,888
13,5,889
31,5,889
30,1,890
17,3,890
30,5,890
13,1,891
30,1,891
20,2,891
31,3,891
2,4,891
17,4,891
20,1,892
34,1,892
13,2,892
13,4,892
13,1,893
17,4,893
6,5,893
9,5,893
17,1,894
13,2,894
31,2,894
38,4,894
43,5,895
20,1,896
6,4,896
14,1,897
9,5,897
24,4,898
9,5,898
17,5,898
19,5,898
6,1,899
29,2,899
30,3,899
13,1,900
13,2,900
13,3,900
2,4,900
13,4,900
31,4,900
2,2,901
9,2,901
20,2,901
2,5,901
28,5,901
6,1,902
13,1,902
28,5,902
17,2,903
13,5,903
20,2,904
13,4,904
31,5,904
34,5,904
7,3,906
34,3,906
6,4,906
20,4,906
6,5,906
32,1,907
6,2,908
30,1,909
6,2,909
38,3,909
31,4,909
32,5,909
13,1,910
34,3,910
5,1,911
18,1,911
2,2,911
15,2,911
15,4,911
9,1,912
15,1,912
15,3,912
18,5,913
15,2,914
5,3,914
28,1,915
18,5,916
9,4,917
18,1,918
18,1,919
5,4,919
9,4,919
4,3,920
20,1,921
13,2,921
18,3,921
20,5,921
4,1,923
15,3,923
15,5,923
18,1,924
15,3,924
18,5,924
15,1,925
15,2,925
2,5,925
9,5,925
9,1,926
15,5,927
15,5,928
45,1,929
18,4,930
15,5,930
8,2,931
15,3,931
9,1,932
18,2,932
18,3,933
32,1,934
15,5,935
37,4,936
29,2,937
55,5,938
37,1,939
36,2,939
19,3,939
27,4,939
39,2,940
29,3,940
40,3,940
40,4,940
40,5,940
36,2,941
34,1,942
23,2,942
36,2,942
35,3,942
40,4,942
23,5,942
29,5,942
31,2,943
17,3,943
34,3,943
17,4,943
31,4,943
55,4,943
31,5,943
34,2,944
31,3,944
20,4,944
31,1,945
34,4,945
32,5,945
40,3,946
31,4,946
41,1,947
55,1,947
29,2,947
43,5,947
30,1,948
30,5,948
20,1,949
29,2,949
34,2,949
32,5,949
55,5,949
31,1,950
29,2,950
32,2,950
43,2,950
34,3,950
20,1,951
13,3,951
31,2,952
31,1,953
34,1,953
5,3,954
5,1,955
5,3,955
8,4,955
8,3,956
15,2,957
5,4,957
8,5,957
5,1,958
5,5,958
5,4,959
18,4,959
15,5,959
25,5,960
5,2,961
18,4,961
5,2,962
5,5,962
4,1,963
1,2,963
18,2,963
3,1,964
18,1,966
8,2,966
21,4,966
13,2,967
18,3,967
5,5,967
15,5,967
9,1,968
2,4,968
2,4,969
9,4,969
9,5,969
13,5,969
5,3,970
2,4,970
9,5,970
9,3,971
5,2,972
5,4,972
67,2,973
37,2,974
55,4,974
63,4,974
67,1,975
57,1,981
28,2,981
32,1,982
31,3,982
57,3,983
57,3,985
57,2,986
55,4,986
57,4,986
55,1,987
55,2,987
55,4,987
57,4,988
55,1,990
57,1,990
55,3,990
60,4,990
52,5,990
43,1,991
38,2,991
55,3,991
43,1,992
55,2,992
38,4,993
32,1,994
42,1,994
57,1,994
41,2,994
45,2,994
52,4,994
57,5,994
28,1,995
34,1,995
38,2,995
41,5,995
43,5,995
38,1,996
45,2,996
57,2,997
41,3,997
43,3,997
52,4,997
52,5,997
41,1,998
45,1,998
55,1,998
38,3,998
57,4,998
43,4,999
38,5,999
13,1,1000
20,1,1000
17,2,1000
15,4,1000
18,4,1000
31,1,1001
34,3,1001
38,3,1001
13,4,1001
17,4,1001
28,4,1001
9,5,1001
31,5,1001
17,1,1002
18,1,1002
20,1,1002
13,2,1002
13,4,1002
17,4,1002
13,1,1003
15,2,1003
17,4,1003
28,4,1003
13,5,1003
13,5,1004
17,4,1005
43,5,1005
20,1,1006
32,1,1006
20,2,1006
28,3,1006
13,4,1006
13,1,1007
9,2,1007
13,2,1007
18,1,1008
17,3,1008
13,5,1008
17,5,1008
21,2,1009
9,1,1010
42,1,1010
15,2,1010
13,4,1010
15,4,1010
13,1,1012
31,1,1012
18,2,1012
45,3,1012
20,4,1012
38,4,1012
41,5,1012
42,1,1013
45,4,1013
32,5,1013
21,4,1014
32,5,1014
31,1,1015
15,2,1015
17,3,1015
41,3,1015
15,4,1015
30,4,1015
18,1,1016
18,2,1016
28,2,1016
20,3,1016
45,3,1016
15,1,1017
15,2,1017
41,2,1017
15,3,1017
41,4,1017
26,5,1017
25,2,1018
38,2,1018
42,2,1018
13,5,1018
26,5,1018
17,4,1019
20,4,1019
41,5,1019
45,5,1019
13,3,1020
15,3,1020
40,1,1024
33,3,1024
33,5,1024
37,5,1024
30,4,1025
36,2,1026
50,4,1026
33,3,1027
36,5,1027
15,5,1028
25,5,1028
18,1,1029
28,2,1030
30,2,1030
31,5,1031
43,1,1032
45,1,1032
55,1,1032
38,2,1032
30,3,1032
20,4,1032
20,5,1032
43,5,1032
32,1,1033
31,2,1033
34,2,1034
41,2,1034
17,3,1034
34,3,1034
41,3,1034
28,2,1035
34,2,1035
38,2,1035
28,3,1035
32,3,1035
30,4,1035
30,5,1035
31,5,1035
30,2,1036
34,3,1036
30,5,1036
28,1,1037
30,1,1037
45,1,1037
30,2,1037
45,2,1037
28,4,1037
32,5,1037
37,2,1038
29,4,1038
33,5,1038
29,1,1039
23,5,1039
29,5,1039
33,5,1039
37,1,1040
29,2,1040
35,2,1040
36,2,1040
29,3,1040
40,3,1040
32,1,1041
33,1,1041
35,1,1041
34,3,1042
36,4,1042
20,5,1042
23,1,1043
32,1,1043
34,1,1043
40,2,1043
31,4,1043
30,2,1044
30,3,1044
29,4,1044
23,5,1044
29,5,1044
29,1,1045
30,2,1045
31,5,1045
34,5,1045
14,1,1046
17,3,1046
34,3,1046
29,4,1046
32,4,1046
30,1,1047
23,4,1047
29,4,1047
30,5,1047
34,5,1047
29,5,1048
30,3,1049
34,3,1049
45,5,1049
17,2,1050
38,3,1050
41,3,1050
13,4,1050
32,4,1050
20,5,1050
34,5,1050
37,5,1050
28,1,1051
20,5,1051
30,1,1052
34,1,1052
17,2,1052
13,3,1052
34,3,1052
31,5,1052
17,5,1053
17,2,1054
20,2,1054
34,3,1054
43,4,1054
32,5,1054
31,2,1055
34,2,1055
32,3,1055
28,4,1055
31,4,1055
43,1,1056
15,2,1056
17,2,1056
13,4,1056
20,2,1057
28,2,1057
28,3,1057
20,5,1057
20,1,1058
31,2,1058
31,3,1058
13,5,1058
20,5,1058
34,5,1058
20,3,1059
34,4,1059
30,5,1059
34,5,1059
17,2,1060
28,2,1060
13,3,1060
17,4,1060
31,5,1060
32,2,1061
20,4,1061
31,5,1061
20,1,1062
13,2,1062
28,5,1062
13,1,1063
17,1,1063
32,1,1063
38,1,1063
17,2,1063
17,3,1063
13,4,1063
13,2,1064
15,2,1064
17,2,1064
28,2,1064
31,2,1064
28,3,1064
38,4,1064
45,2,1065
32,3,1065
30,4,1065
9,1,1066
13,1,1066
9,2,1066
20,2,1066
43,2,1066
34,3,1066
17,5,1066
32,5,1066
20,2,1067
20,3,1067
6,4,1067
9,1,1068
30,3,1069
13,4,1069
15,4,1069
2,5,1069
9,5,1069
28,5,1069
34,5,1069
20,3,1070
13,5,1070
17,5,1070
32,5,1070
9,2,1071
13,2,1071
9,5,1071
6,1,1072
32,2,1072
13,3,1072
9,4,1072
17,4,1072
6,5,1072
9,5,1072
9,2,1073
13,5,1073
18,5,1073
2,2,1074
13,2,1074
17,4,1074
9,4,1075
5,4,1076
13,3,1078
8,5,1078
28,1,1080
2,3,1080
26,1,1081
2,3,1081
9,4,1081
15,1,1082
31,1,1082
5,2,1082
15,2,1082
5,4,1084
13,5,1084
30,1,1085
17,2,1085
13,3,1085
32,5,1085
32,1,1086
20,5,1086
34,2,1087
20,4,1087
28,4,1087
32,4,1087
43,5,1087
9,1,1088
20,2,1088
32,2,1088
34,2,1088
32,4,1088
34,5,1088
28,1,1089
31,1,1089
34,2,1089
20,3,1089
30,3,1089
30,4,1089
32,5,1089
31,1,1090
32,1,1090
34,2,1090
31,3,1090
34,3,1090
34,4,1090
28,5,1090
13,1,1091
34,2,1091
30,3,1091
38,3,1091
34,5,1091
20,1,1092
31,1,1092
45,1,1092
28,2,1092
30,3,1092
41,3,1092
55,5,1092
30,1,1093
43,1,1093
30,2,1093
32,2,1093
17,4,1093
31,4,1093
18,5,1093
38,5,1093
45,5,1093
30,2,1094
34,3,1094
20,4,1094
31,4,1094
30,5,1094
38,5,1094
41,5,1094
28,1,1095
43,1,1095
17,2,1095
20,2,1095
15,3,1095
28,3,1095
55,3,1095
13,4,1095
38,4,1095
43,4,1095
32,5,1095
34,5,1095
17,1,1096
18,1,1096
20,1,1096
32,1,1096
38,1,1096
38,2,1096
41,2,1096
38,3,1096
34,5,1096
38,5,1096
28,1,1097
38,1,1097
55,1,1097
42,2,1097
20,3,1097
43,1,1098
41,2,1098
13,3,1098
20,3,1098
31,3,1098
17,4,1098
18,4,1098
43,5,1098
43,1,1099
45,1,1099
20,2,1099
31,3,1099
17,5,1099
38,1,1100
31,2,1100
43,3,1100
20,4,1100
41,5,1100
13,1,1101
13,3,1101
31,4,1101
13,1,1102
20,2,1102
17,4,1102
15,5,1102
17,5,1102
45,5,1102
18,1,1103
13,2,1103
17,2,1103
28,4,1103
20,1,1104
17,2,1104
32,3,1104
17,2,1105
20,1,1106
38,1,1106
20,5,1106
41,5,1107
17,5,1108
17,1,1109
20,2,1109
43,3,1109
15,4,1109
17,1,1110
13,3,1110
15,3,1110
38,4,1110
42,4,1110
15,1,1111
28,1,1111
15,2,1111
38,4,1111
15,1,1112
18,1,1112
17,4,1112
15,1,1113
17,1,1113
9,5,1113
18,5,1113
42,5,1113
15,1,1114
18,4,1114
18,2,1115
18,5,1115
21,3,1116
25,3,1116
21,5,1116
15,2,1117
47,3,1117
15,2,1118
38,2,1118
4,3,1118
5,3,1118
5,5,1118
25,1,1119
15,3,1119
15,4,1119
15,1,1120
25,2,1120
18,4,1120
28,4,1120
17,1,1121
15,4,1121
17,5,1121
43,5,1121
9,1,1122
13,3,1122
18,3,1122
15,4,1122
17,4,1122
28,2,1123
20,3,1123
28,4,1123
30,4,1123
2,5,1123
9,3,1124
13,4,1124
29,4,1124
32,5,1124
13,2,1125
20,4,1125
13,5,1125
34,2,1126
30,4,1126
31,5,1126
32,5,1126
13,1,1127
28,1,1127
18,2,1127
13,5,1127
17,5,1127
43,5,1127
15,1,1128
34,1,1128
9,3,1128
32,5,1128
18,5,1129
15,1,1130
17,1,1130
17,3,1130
32,4,1131
17,2,1132
20,2,1132
15,4,1132
43,4,1133
15,5,1133
45,5,1133
17,1,1135
18,2,1135
18,3,1135
13,2,1136
17,3,1136
18,3,1136
13,4,1136
15,1,1137
15,2,1137
41,2,1137
15,5,1137
15,3,1139
17,5,1139
38,5,1139
9,1,1140
15,3,1140
18,3,1140
18,4,1140
18,1,1141
18,3,1141
15,4,1141
9,5,1141
15,2,1142
13,3,1142
18,5,1142
18,1,1143
18,2,1143
8,2,1144
37,1,1145
40,4,1145
29,1,1146
67,2,1146
63,4,1146
55,5,1146
63,5,1146
40,1,1147
56,3,1147
23,5,1147
22,2,1148
50,2,1148
50,5,1148
63,2,1149
37,3,1150
50,3,1150
55,2,1151
35,4,1151
5,1,1152
8,5,1152
15,4,1153
4,5,1155
38,1,1157
52,2,1157
32,4,1157
41,4,1157
41,5,1157
43,5,1157
57,5,1157
32,2,1158
43,3,1158
45,3,1158
52,3,1158
41,2,1159
43,2,1159
49,2,1159
41,3,1159
43,3,1159
38,4,1159
45,4,1159
45,5,1159
52,5,1159
60,3,1160
70,3,1160
45,5,1160
32,1,1161
34,2,1161
41,3,1161
43,3,1161
47,5,1161
43,1,1162
18,2,1162
45,2,1162
45,4,1162
42,5,1162
52,3,1163
45,4,1163
38,5,1163
18,2,1164
41,2,1164
25,4,1164
41,4,1164
51,4,1164
52,5,1164
57,5,1164
42,3,1165
41,5,1165
59,5,1165
45,1,1166
42,2,1166
49,3,1166
42,5,1166
41,3,1167
47,4,1167
51,4,1167
52,4,1167
58,5,1167
64,5,1167
51,1,1168
58,1,1168
42,2,1168
47,2,1168
45,4,1168
47,4,1168
51,4,1168
52,4,1168
42,5,1168
42,4,1169
51,5,1169
45,1,1170
30,3,1170
30,4,1170
32,4,1170
43,5,1170
43,4,1171
41,2,1172
28,3,1172
32,5,1172
45,2,1173
17,4,1173
32,5,1173
31,2,1174
45,3,1174
17,4,1175
30,3,1176
43,3,1176
28,4,1176
31,4,1176
41,4,1176
38,5,1176
31,1,1177
32,1,1177
55,1,1177
20,2,1177
32,2,1177
52,2,1177
31,4,1177
38,4,1177
38,2,1178
52,2,1178
43,3,1178
43,4,1178
45,5,1178
32,1,1179
52,1,1179
57,2,1179
41,4,1179
52,4,1179
32,2,1180
38,2,1180
43,2,1180
45,2,1180
43,3,1180
45,3,1180
38,4,1180
38,5,1180
45,5,1180
41,1,1181
38,2,1181
57,2,1181
31,4,1181
45,4,1181
52,1,1182
58,3,1182
52,4,1182
42,5,1182
51,5,1182
45,3,1183
42,5,1183
45,3,1184
58,3,1184
42,4,1184
49,4,1184
65,4,1184
60,3,1185
18,5,1185
47,5,1185
62,3,1186
42,5,1186
47,4,1187
51,4,1187
5,3,1188
26,4,1188
63,1,1189
50,4,1190
50,5,1190
63,3,1191
63,3,1193
56,4,1193
55,3,1196
55,4,1198
50,4,1199
31,1,1200
34,4,1201
32,1,1202
29,3,1202
29,4,1202
34,4,1202
52,1,1203
57,1,1204
31,2,1204
30,3,1204
40,5,1204
57,2,1205
32,3,1205
34,3,1205
30,2,1206
55,3,1206
30,4,1206
32,4,1206
28,5,1206
30,2,1207
31,5,1207
34,5,1207
18,1,1208
18,4,1208
15,5,1208
18,5,1208
18,1,1209
20,1,1209
25,5,1209
31,2,1210
9,1,1211
13,2,1211
9,5,1211
18,3,1212
15,1,1213
28,1,1213
15,2,1213
26,3,1213
18,5,1213
38,5,1213
18,1,1214
32,4,1214
20,5,1214
41,5,1214
42,1,1215
18,2,1215
48,2,1215
18,3,1215
26,3,1215
18,1,1216
41,1,1216
15,4,1216
18,5,1216
18,1,1217
25,1,1217
26,2,1217
15,5,1217
18,3,1218
25,3,1218
15,4,1218
42,4,1218
17,1,1219
18,1,1219
25,1,1219
15,2,1219
15,4,1219
8,2,1220
15,4,1220
18,4,1220
18,1,1221
18,2,1221
21,3,1221
18,4,1221
15,5,1221
18,1,1222
15,2,1222
28,3,1222
42,3,1222
15,1,1223
26,3,1224
42,4,1224
15,1,1225
25,3,1225
15,2,1226
18,2,1226
26,2,1226
17,3,1226
18,3,1226
26,5,1226
25,2,1227
15,1,1228
21,2,1228
15,3,1228
25,4,1228
15,5,1228
25,5,1228
49,5,1228
18,1,1229
15,3,1229
45,4,1229
25,5,1229
17,3,1230
18,4,1230
41,5,1230
47,3,1231
18,4,1231
25,4,1231
26,4,1231
15,5,1231
41,5,1231
47,5,1231
15,2,1232
5,4,1232
18,5,1233
5,1,1234
17,1,1234
17,3,1234
26,3,1234
15,4,1234
34,1,1235
30,2,1235
28,3,1235
30,3,1235
32,3,1235
20,1,1236
43,1,1236
30,2,1236
55,2,1236
13,3,1236
28,3,1236
30,3,1236
32,3,1236
43,3,1236
30,5,1236
34,5,1236
30,1,1237
55,1,1237
34,2,1237
28,3,1237
30,3,1237
43,3,1237
30,4,1237
31,5,1237
43,1,1238
29,2,1238
34,3,1238
28,4,1238
20,1,1239
28,1,1239
32,1,1239
31,3,1239
29,4,1239
30,4,1239
34,4,1239
30,5,1239
34,5,1239
20,1,1240
30,1,1240
32,1,1240
31,3,1240
29,4,1240
32,1,1241
29,4,1241
32,4,1241
34,4,1241
32,5,1241
34,5,1241
20,1,1242
28,1,1242
30,2,1242
31,2,1242
43,2,1242
31,3,1242
20,5,1242
32,1,1243
38,1,1243
17,3,1243
13,4,1243
30,4,1243
30,5,1243
17,2,1244
15,3,1244
5,4,1244
17,2,1245
15,3,1245
15,4,1245
5,3,1246
18,4,1246
5,5,1246
15,3,1247
18,4,1247
4,5,1247
13,5,1247
32,2,1248
13,3,1249
18,5,1249
2,2,1250
9,2,1250
15,5,1250
9,5,1251
18,2,1252
5,1,1253
18,2,1253
13,4,1253
18,4,1253
17,1,1254
15,2,1254
2,4,1254
15,4,1254
17,4,1254
13,5,1254
9,1,1255
15,1,1255
18,1,1255
17,2,1255
18,3,1255
18,1,1256
42,2,1257
5,3,1258
18,2,1259
17,2,1260
38,2,1260
18,1,1261
34,1,1261
41,1,1261
45,1,1261
49,1,1261
28,3,1261
13,4,1261
31,1,1262
25,2,1262
45,2,1262
31,4,1262
38,4,1262
15,1,1263
43,3,1263
9,5,1263
15,3,1264
18,1,1265
25,1,1265
26,1,1265
15,4,1265
18,1,1266
31,3,1266
13,5,1266
15,2,1267
18,4,1267
20,1,1269
28,2,1269
38,4,1269
41,5,1269
43,2,1270
15,3,1270
17,5,1270
43,5,1270
38,4,1271
38,5,1271
25,3,1272
15,1,1273
31,2,1273
18,3,1273
38,3,1273
15,4,1273
17,4,1273
15,5,1273
15,3,1274
38,4,1274
55,4,1274
38,5,1274
41,5,1274
29,3,1276
6,3,1280
32,4,1280
6,4,1281
6,5,1281
34,5,1281
13,3,1282
13,4,1282
20,4,1282
6,2,1284
17,3,1285
34,3,1285
17,1,1286
34,2,1286
17,5,1286
20,1,1287
31,1,1287
13,3,1287
28,1,1288
13,3,1288
17,4,1288
20,1,1289
13,2,1289
30,2,1289
28,3,1289
17,1,1290
17,2,1290
32,3,1290
30,4,1290
32,5,1290
34,5,1290
6,1,1291
31,2,1291
20,3,1291
6,5,1291
34,3,1292
20,4,1292
32,4,1292
34,1,1293
9,3,1293
2,4,1293
20,5,1293
17,1,1294
28,1,1294
17,2,1294
28,4,1294
9,3,1295
13,3,1295
13,4,1295
13,5,1295
17,1,1296
9,3,1296
13,3,1296
43,3,1296
6,5,1296
9,5,1296
13,2,1297
2,3,1297
6,3,1297
13,3,1297
9,3,1298
15,3,1298
9,4,1298
9,3,1299
13,3,1299
20,3,1300
17,5,1300
18,1,1302
5,2,1302
9,4,1302
15,4,1303
18,4,1303
5,1,1304
9,1,1304
9,3,1305
17,3,1305
9,4,1306
9,5,1306
6,5,1307
20,1,1308
2,2,1308
18,1,1309
5,2,1309
5,3,1309
15,3,1309
4,3,1310
18,3,1311
31,1,1312
15,2,1312
18,1,1314
5,4,1314
9,4,1314
5,5,1314
30,1,1315
20,2,1315
31,2,1315
45,3,1315
28,1,1316
30,1,1316
13,2,1316
28,2,1316
31,3,1316
45,3,1316
43,2,1317
17,3,1317
38,4,1317
41,5,1317
32,1,1318
20,2,1318
31,2,1318
43,3,1318
28,4,1318
52,4,1318
28,5,1318
30,5,1318
45,5,1318
28,1,1319
20,2,1319
32,3,1319
34,5,1319
28,1,1320
38,1,1320
20,3,1320
31,3,1320
34,4,1320
43,4,1320
32,5,1320
32,5,1321
38,5,1321
42,5,1321
28,3,1322
20,5,1322
13,1,1323
38,1,1323
41,1,1323
29,2,1323
43,3,1323
20,4,1323
28,5,1323
43,5,1323
31,1,1324
43,1,1324
52,1,1324
34,2,1324
17,4,1324
30,4,1324
34,1,1325
17,2,1325
34,2,1325
38,2,1325
34,3,1325
34,4,1325
45,4,1325
31,5,1325
31,1,1326
28,2,1326
29,2,1326
13,3,1326
34,4,1326
43,4,1326
31,1,1327
36,2,1327
55,3,1327
32,4,1327
34,4,1327
20,5,1327
20,1,1328
43,1,1328
17,4,1328
34,5,1328
28,2,1329
32,2,1329
32,4,1329
34,4,1330
20,1,1331
30,3,1331
32,3,1331
31,4,1331
20,5,1331
18,1,1332
42,1,1332
21,2,1332
47,4,1332
25,5,1332
42,1,1333
15,3,1333
47,4,1333
51,3,1334
26,4,1334
47,5,1334
45,2,1335
49,4,1335
49,5,1335
26,1,1336
18,2,1336
52,2,1336
18,4,1336
51,1,1337
51,2,1337
32,4,1337
42,5,1337
47,1,1338
42,4,1338
49,2,1339
42,3,1339
31,5,1339
42,2,1340
15,3,1340
42,1,1341
45,2,1341
42,5,1341
18,1,1342
42,2,1342
38,5,1342
52,1,1344
38,3,1344
18,4,1344
18,5,1344
20,2,1345
38,2,1345
18,3,1345
42,4,1345
15,3,1346
41,1,1347
43,1,1347
17,2,1347
32,2,1347
42,4,1347
31,1,1348
38,1,1348
17,3,1348
38,3,1348
52,3,1348
38,5,1348
45,2,1349
15,3,1349
41,3,1349
28,5,1349
31,2,1350
43,2,1350
13,3,1350
18,5,1350
18,1,1351
17,3,1351
38,4,1351
31,5,1351
31,1,1352
41,1,1352
17,2,1352
31,2,1352
17,3,1352
43,3,1352
31,4,1352
28,2,1353
30,3,1353
38,4,1353
32,5,1353
4,1,1354
5,5,1354
15,2,1355
15,2,1356
25,2,1356
5,5,1356
15,1,1357
18,3,1357
8,2,1358
5,5,1358
15,2,1359
15,5,1359
4,2,1360
18,1,1361
5,2,1361
18,4,1361
25,4,1361
15,1,1362
26,2,1362
17,4,1362
15,4,1363
4,1,1364
18,1,1364
18,2,1367
42,3,1367
15,4,1367
42,5,1367
15,1,1369
18,1,1369
18,2,1369
15,3,1369
15,1,1370
9,3,1370
18,4,1370
21,4,1371
18,5,1371
18,1,1372
25,1,1373
26,2,1373
18,5,1373
18,1,1374
15,3,1374
15,4,1374
25,4,1374
8,5,1374
15,5,1375
25,1,1376
15,2,1376
18,2,1376
18,1,1377
15,2,1377
25,5,1377
45,5,1377
26,4,1378
15,5,1378
42,1,1379
47,1,1379
25,2,1379
25,4,1379
21,1,1380
26,1,1380
47,2,1380
25,3,1380
21,5,1380
26,2,1381
26,3,1381
18,4,1381
23,1,1382
38,2,1382
40,2,1382
30,3,1382
35,3,1382
36,4,1382
29,5,1382
23,1,1383
14,2,1383
37,2,1383
13,3,1383
29,4,1383
37,4,1383
14,1,1384
23,1,1384
27,1,1384
19,3,1384
20,4,1384
29,4,1384
36,4,1384
33,2,1385
33,3,1385
50,3,1385
33,5,1385
44,1,1386
50,2,1386
19,1,1387
24,1,1387
27,2,1387
40,2,1387
50,2,1387
35,3,1387
40,3,1387
36,5,1387
27,2,1388
29,2,1388
35,3,1388
50,3,1388
19,4,1388
35,4,1388
36,4,1388
40,5,1388
37,1,1389
35,5,1389
36,5,1389
29,1,1390
37,1,1390
35,2,1390
36,2,1390
16,3,1390
40,3,1390
29,4,1390
37,4,1390
40,4,1390
27,5,1390
30,2,1391
38,2,1391
28,3,1391
34,3,1391
41,4,1391
32,3,1392
55,3,1392
38,4,1392
38,1,1393
29,2,1393
13,3,1393
45,4,1393
32,5,1393
34,5,1393
43,5,1393
28,1,1394
41,1,1394
52,2,1394
20,3,1394
41,3,1394
32,4,1394
38,5,1394
43,5,1394
38,1,1395
38,2,1395
43,3,1395
43,4,1395
52,5,1395
28,1,1396
30,2,1396
30,3,1396
28,2,1397
30,2,1397
32,3,1397
28,4,1397
38,4,1397
28,5,1397
5,2,1399
5,1,1400
4,2,1400
4,5,1400
56,1,1401
24,3,1402
35,4,1402
23,5,1402
50,5,1402
35,1,1403
44,4,1403
29,1,1404
31,3,1404
33,3,1404
36,4,1404
55,2,1405
30,4,1406
20,5,1406
32,5,1406
34,3,1407
6,4,1407
20,4,1407
34,4,1408
28,5,1408
30,1,1409
29,3,1409
30,3,1409
52,4,1409
30,1,1410
32,1,1410
30,2,1410
20,3,1410
30,3,1410
34,3,1410
55,3,1410
32,1,1411
34,3,1411
34,4,1411
32,5,1411
6,1,1412
30,2,1412
13,4,1412
41,1,1413
45,5,1413
29,3,1414
43,3,1414
31,1,1415
32,2,1415
43,2,1415
34,4,1415
28,1,1416
43,4,1416
31,1,1417
28,3,1417
17,4,1417
28,5,1417
17,1,1418
41,2,1418
6,3,1418
13,4,1418
28,3,1419
43,3,1419
65,3,1419
28,1,1420
31,1,1420
32,1,1420
43,1,1420
30,2,1420
31,2,1420
34,2,1420
62,2,1420
41,5,1420
20,1,1421
28,1,1421
32,1,1421
31,2,1421
38,2,1421
31,4,1421
32,4,1421
37,4,1421
38,4,1421
45,4,1421
32,5,1421
38,1,1422
17,2,1422
18,2,1422
31,4,1422
31,5,1422
32,5,1422
20,1,1423
28,2,1423
9,3,1423
20,5,1423
17,1,1424
2,2,1424
9,2,1424
13,4,1424
32,1,1425
28,3,1425
55,3,1425
43,5,1425
45,1,1426
45,2,1426
57,4,1426
28,2,1427
38,2,1427
32,4,1427
45,4,1427
28,1,1428
31,1,1428
28,2,1428
31,2,1428
15,3,1428
15,4,1428
18,4,1428
32,4,1428
38,4,1428
17,5,1428
13,1,1429
13,3,1429
13,5,1429
9,5,1430
9,4,1431
9,5,1431
58,4,1432
64,5,1432
45,1,1433
43,2,1433
30,3,1433
43,3,1433
45,3,1433
55,3,1433
43,1,1434
57,3,1434
42,4,1434
17,2,1435
31,2,1435
43,2,1435
28,3,1435
38,3,1435
31,5,1435
41,5,1435
15,1,1436
17,3,1436
18,4,1437
18,2,1438
2,4,1438
2,5,1438
9,1,1439
18,1,1439
6,3,1439
38,1,1440
41,1,1440
52,1,1440
41,2,1440
52,3,1440
64,3,1440
41,1,1441
38,2,1441
43,2,1441
49,2,1441
41,3,1441
52,3,1441
53,4,1441
32,1,1442
38,1,1442
13,2,1442
51,3,1442
32,5,1442
21,1,1443
18,5,1443
32,5,1443
15,1,1444
28,4,1444
15,5,1444
18,1,1445
18,1,1446
18,3,1446
18,2,1447
5,5,1447
28,2,1448
15,4,1448
15,4,1449
45,4,1449
13,1,1450
26,1,1450
52,1,1450
45,2,1450
25,5,1450
58,5,1450
45,1,1451
49,1,1451
49,2,1451
43,3,1451
43,5,1451
42,1,1452
15,2,1452
18,3,1452
42,3,1452
15,4,1452
47,4,1452
51,4,1452
28,5,1452
42,5,1452
45,4,1453
18,1,1454
15,2,1454
26,3,1454
28,3,1454
18,5,1454
21,1,1455
5,4,1455
15,4,1455
15,5,1455
52,3,1456
43,4,1456
21,5,1456
25,5,1456
49,5,1456
47,1,1457
49,1,1457
51,1,1457
42,3,1457
53,3,1457
58,3,1457
51,1,1458
42,2,1458
26,3,1458
49,4,1458
42,5,1458
25,2,1459
15,3,1459
42,3,1459
25,4,1459
18,5,1459
45,3,1460
18,4,1460
25,5,1460
18,2,1461
21,2,1461
18,5,1461
5,1,1462
15,3,1462
5,5,1463
49,1,1464
25,2,1464
26,2,1464
42,2,1464
25,4,1464
49,4,1464
54,4,1464
21,5,1464
17,1,1465
18,1,1465
49,3,1465
49,4,1465
49,3,1467
15,4,1467
18,4,1467
25,4,1467
5,1,1468
12,2,1468
5,3,1468
